-6.027922565110606541e-03
-6.026084139665779937e-03
-6.024242535047663258e-03
-6.022397748392578458e-03
-6.020549776828580668e-03
-6.018698617475186710e-03
-6.016844267443900718e-03
-6.014986723837520248e-03
-6.013125983751324566e-03
-6.011262044270985171e-03
-6.009394902474859100e-03
-6.007524555432147521e-03
-6.005651000203889728e-03
-6.003774233842578897e-03
-6.001894253392212400e-03
-6.000011055888107049e-03
-5.998124638357341457e-03
-5.996234997817984080e-03
-5.994342131279582417e-03
-5.992446035743093612e-03
-5.990546708201112576e-03
-5.988644145637041054e-03
-5.986738345025554263e-03
-5.984829303332794316e-03
-5.982917017516324251e-03
-5.981001484524173933e-03
-5.979082701296311968e-03
-5.977160664763249247e-03
-5.975235371847020804e-03
-5.973306819460353148e-03
-5.971375004507177738e-03
-5.969439923882728996e-03
-5.967501574472759349e-03
-5.965559953153995454e-03
-5.963615056794606580e-03
-5.961666882253095247e-03
-5.959715426379040559e-03
-5.957760686013028814e-03
-5.955802657986015991e-03
-5.953841339120323484e-03
-5.951876726228542622e-03
-5.949908816114262387e-03
-5.947937605571458793e-03
-5.945963091385114176e-03
-5.943985270330820816e-03
-5.942004139174318633e-03
-5.940019694672560302e-03
-5.938031933572399806e-03
-5.936040852611730416e-03
-5.934046448518900084e-03
-5.932048718011999344e-03
-5.930047657800613381e-03
-5.928043264583690922e-03
-5.926035535051286766e-03
-5.924024465883337941e-03
-5.922010053750424372e-03
-5.919992295312736727e-03
-5.917971187221622922e-03
-5.915946726117834314e-03
-5.913918908632674089e-03
-5.911887731387639039e-03
-5.909853190993781188e-03
-5.907815284053184041e-03
-5.905774007156858359e-03
-5.903729356886750976e-03
-5.901681329814083797e-03
-5.899629922500373817e-03
-5.897575131497109595e-03
-5.895516953345388694e-03
-5.893455384576061669e-03
-5.891390421710419878e-03
-5.889322061258877965e-03
-5.887250299721591418e-03
-5.885175133588692493e-03
-5.883096559340113274e-03
-5.881014573445001933e-03
-5.878929172362407952e-03
-5.876840352540504096e-03
-5.874748110417774699e-03
-5.872652442421530741e-03
-5.870553344968646239e-03
-5.868450814465504470e-03
-5.866344847307989295e-03
-5.864235439881049748e-03
-5.862122588559429484e-03
-5.860006289706505382e-03
-5.857886539675402973e-03
-5.855763334808167242e-03
-5.853636671436238809e-03
-5.851506545879876266e-03
-5.849372954448796291e-03
-5.847235893441759050e-03
-5.845095359145941957e-03
-5.842951347838249397e-03
-5.840803855784244998e-03
-5.838652879238180257e-03
-5.836498414443582611e-03
-5.834340457632530320e-03
-5.832179005026111307e-03
-5.830014052833831610e-03
-5.827845597254268512e-03
-5.825673634474488535e-03
-5.823498160670109898e-03
-5.821319172005769149e-03
-5.819136664634182686e-03
-5.816950634696797275e-03
-5.814761078323608771e-03
-5.812567991632922731e-03
-5.810371370731651046e-03
-5.808171211714606777e-03
-5.805967510665525910e-03
-5.803760263656213871e-03
-5.801549466746490878e-03
-5.799335115984413994e-03
-5.797117207406531254e-03
-5.794895737037358656e-03
-5.792670700889364539e-03
-5.790442094963250616e-03
-5.788209915247447164e-03
-5.785974157718461706e-03
-5.783734818340887686e-03
-5.781491893066930017e-03
-5.779245377836939382e-03
-5.776995268578679309e-03
-5.774741561207948938e-03
-5.772484251628019238e-03
-5.770223335729963467e-03
-5.767958809392465490e-03
-5.765690668481843195e-03
-5.763418908851714560e-03
-5.761143526343290820e-03
-5.758864516785365192e-03
-5.756581875993989350e-03
-5.754295599772506382e-03
-5.752005683911739012e-03
-5.749712124189572393e-03
-5.747414916371386059e-03
-5.745114056209347023e-03
-5.742809539442970089e-03
-5.740501361799157758e-03
-5.738189518991114284e-03
-5.735874006719664936e-03
-5.733554820672308837e-03
-5.731231956523630960e-03
-5.728905409934494618e-03
-5.726575176553505564e-03
-5.724241252015148038e-03
-5.721903631941245398e-03
-5.719562311939799595e-03
-5.717217287605744908e-03
-5.714868554520450075e-03
-5.712516108251834528e-03
-5.710159944354144604e-03
-5.707800058368539889e-03
-5.705436445821734058e-03
-5.703069102227517097e-03
-5.700698023085620791e-03
-5.698323203881795924e-03
-5.695944640088582492e-03
-5.693562327164077182e-03
-5.691176260552494558e-03
-5.688786435684452421e-03
-5.686392847976247562e-03
-5.683995492830039645e-03
-5.681594365634182534e-03
-5.679189461762475764e-03
-5.676780776574760420e-03
-5.674368305416434277e-03
-5.671952043618670378e-03
-5.669531986498126466e-03
-5.667108129357091573e-03
-5.664680467483654280e-03
-5.662248996150824089e-03
-5.659813710617223569e-03
-5.657374606127038054e-03
-5.654931677909524716e-03
-5.652484921179289253e-03
-5.650034331135989248e-03
-5.647579902964607393e-03
-5.645121631835043827e-03
-5.642659512902281800e-03
-5.640193541306402422e-03
-5.637723712172124958e-03
-5.635250020609164183e-03
-5.632772461712279820e-03
-5.630291030560562703e-03
-5.627805722218218870e-03
-5.625316531733654500e-03
-5.622823454140250463e-03
-5.620326484455548735e-03
-5.617825617681767615e-03
-5.615320848805732332e-03
-5.612812172798056255e-03
-5.610299584614265866e-03
-5.607783079193949874e-03
-5.605262651460426147e-03
-5.602738296321648111e-03
-5.600210008669571568e-03
-5.597677783379768728e-03
-5.595141615312246124e-03
-5.592601499310583327e-03
-5.590057430202224377e-03
-5.587509402798549775e-03
-5.584957411894361269e-03
-5.582401452268523703e-03
-5.579841518682919846e-03
-5.577277605883344640e-03
-5.574709708598956162e-03
-5.572137821542357157e-03
-5.569561939409360847e-03
-5.566982056879107160e-03
-5.564398168613921350e-03
-5.561810269259531703e-03
-5.559218353444274167e-03
-5.556622415779880787e-03
-5.554022450860973160e-03
-5.551418453264838661e-03
-5.548810417551968202e-03
-5.546198338265297297e-03
-5.543582209930612847e-03
-5.540962027056319829e-03
-5.538337784133431745e-03
-5.535709475635313022e-03
-5.533077096017926209e-03
-5.530440639719400031e-03
-5.527800101160520313e-03
-5.525155474744070788e-03
-5.522506754854949323e-03
-5.519853935860323177e-03
-5.517197012109158888e-03
-5.514535977932943055e-03
-5.511870827644408180e-03
-5.509201555538376614e-03
-5.506528155891467387e-03
-5.503850622962141309e-03
-5.501168950990256018e-03
-5.498483134197047761e-03
-5.495793166785980545e-03
-5.493099042940954163e-03
-5.490400756828047596e-03
-5.487698302594089597e-03
-5.484991674367455800e-03
-5.482280866257367019e-03
-5.479565872354263088e-03
-5.476846686729620710e-03
-5.474123303435727943e-03
-5.471395716505783081e-03
-5.468663919953679550e-03
-5.465927907774173304e-03
-5.463187673942469097e-03
-5.460443212414499772e-03
-5.457694517126287885e-03
-5.454941581994995209e-03
-5.452184400917330261e-03
-5.449422967770630767e-03
-5.446657276412703204e-03
-5.443887320680788032e-03
-5.441113094392577114e-03
-5.438334591345802584e-03
-5.435551805317805768e-03
-5.432764730065862448e-03
-5.429973359326943465e-03
-5.427177686817681763e-03
-5.424377706234440044e-03
-5.421573411252625548e-03
-5.418764795527610326e-03
-5.415951852693726837e-03
-5.413134576364591471e-03
-5.410312960133219044e-03
-5.407486997571652430e-03
-5.404656682230618223e-03
-5.401822007640199805e-03
-5.398982967309180758e-03
-5.396139554725136803e-03
-5.393291763354336917e-03
-5.390439586641666142e-03
-5.387583018010521502e-03
-5.384722050862814600e-03
-5.381856678578586517e-03
-5.378986894516620161e-03
-5.376112692013414185e-03
-5.373234064383980088e-03
-5.370351004921155268e-03
-5.367463506895675876e-03
-5.364571563556375447e-03
-5.361675168129691367e-03
-5.358774313819956309e-03
-5.355868993808618472e-03
-5.352959201255391708e-03
-5.350044929296969218e-03
-5.347126171047256009e-03
-5.344202919597973445e-03
-5.341275168017593257e-03
-5.338342909351769493e-03
-5.335406136623294278e-03
-5.332464842831764751e-03
-5.329519020953675870e-03
-5.326568663942182758e-03
-5.323613764727207383e-03
-5.320654316215358767e-03
-5.317690311289297207e-03
-5.314721742808539186e-03
-5.311748603608637716e-03
-5.308770886501567449e-03
-5.305788584275059408e-03
-5.302801689693353859e-03
-5.299810195496269631e-03
-5.296814094399582284e-03
-5.293813379095011970e-03
-5.290808042249563366e-03
-5.287798076506182270e-03
-5.284783474483045231e-03
-5.281764228773954198e-03
-5.278740331947864677e-03
-5.275711776548829349e-03
-5.272678555096241802e-03
-5.269640660084277950e-03
-5.266598083982430324e-03
-5.263550819234441222e-03
-5.260498858259379101e-03
-5.257442193450513612e-03
-5.254380817175813463e-03
-5.251314721777758203e-03
-5.248243899573169086e-03
-5.245168342852929780e-03
-5.242088043882361936e-03
-5.239002994900720384e-03
-5.235913188121139351e-03
-5.232818615730764310e-03
-5.229719269890523853e-03
-5.226615142734875562e-03
-5.223506226372043662e-03
-5.220392512883391054e-03
-5.217273994324290141e-03
-5.214150662722595413e-03
-5.211022510080039888e-03
-5.207889528370850812e-03
-5.204751709542863349e-03
-5.201609045516317545e-03
-5.198461528184462888e-03
-5.195309149413007525e-03
-5.192151901040506848e-03
-5.188989774878050368e-03
-5.185822762708608598e-03
-5.182650856288161488e-03
-5.179474047344205696e-03
-5.176292327576670523e-03
-5.173105688657398359e-03
-5.169914122230142954e-03
-5.166717619910347371e-03
-5.163516173285117965e-03
-5.160309773913391782e-03
-5.157098413325090884e-03
-5.153882083021957619e-03
-5.150660774476722818e-03
-5.147434479133346057e-03
-5.144203188406901162e-03
-5.140966893683309932e-03
-5.137725586319423672e-03
-5.134479257642911298e-03
-5.131227898951886378e-03
-5.127971501515075393e-03
-5.124710056571712795e-03
-5.121443555331268646e-03
-5.118171988973493729e-03
-5.114895348648174078e-03
-5.111613625475212516e-03
-5.108326810544384054e-03
-5.105034894915182371e-03
-5.101737869617057469e-03
-5.098435725648741736e-03
-5.095128453978586477e-03
-5.091816045544260948e-03
-5.088498491253085412e-03
-5.085175781980860212e-03
-5.081847908573100016e-03
-5.078514861843953093e-03
-5.075176632576578611e-03
-5.071833211522815306e-03
-5.068484589403001069e-03
-5.065130756906210605e-03
-5.061771704690141808e-03
-5.058407423380379374e-03
-5.055037903570940364e-03
-5.051663135824073850e-03
-5.048283110669919173e-03
-5.044897818606656863e-03
-5.041507250100040263e-03
-5.038111395583787580e-03
-5.034710245458959982e-03
-5.031303790094592172e-03
-5.027892019826277724e-03
-5.024474924957743338e-03
-5.021052495759512242e-03
-5.017624722469186949e-03
-5.014191595291223741e-03
-5.010753104397479979e-03
-5.007309239925860148e-03
-5.003859991981395722e-03
-5.000405350635667504e-03
-4.996945305926618272e-03
-4.993479847858455639e-03
-4.990008966401842869e-03
-4.986532651493610045e-03
-4.983050893036250137e-03
-4.979563680898749060e-03
-4.976071004915661074e-03
-4.972572854887308269e-03
-4.969069220579748480e-03
-4.965560091724547168e-03
-4.962045458018612618e-03
-4.958525309124507327e-03
-4.954999634669710745e-03
-4.951468424247268060e-03
-4.947931667414912429e-03
-4.944389353695408454e-03
-4.940841472576667538e-03
-4.937288013511239616e-03
-4.933728965916248099e-03
-4.930164319173458397e-03
-4.926594062629175569e-03
-4.923018185594253866e-03
-4.919436677343656111e-03
-4.915849527116649721e-03
-4.912256724116663593e-03
-4.908658257511049582e-03
-4.905054116431330560e-03
-4.901444289972829195e-03
-4.897828767194557786e-03
-4.894207537119305007e-03
-4.890580588733499726e-03
-4.886947910987126005e-03
-4.883309492793501926e-03
-4.879665323029329024e-03
-4.876015390534838879e-03
-4.872359684113113099e-03
-4.868698192530652308e-03
-4.865030904516830582e-03
-4.861357808764140039e-03
-4.857678893927936704e-03
-4.853994148626391072e-03
-4.850303561440456879e-03
-4.846607120913462574e-03
-4.842904815552035065e-03
-4.839196633824850713e-03
-4.835482564163173964e-03
-4.831762594960756739e-03
-4.828036714573541791e-03
-4.824304911320065163e-03
-4.820567173480855977e-03
-4.816823489298880517e-03
-4.813073846978814518e-03
-4.809318234687802972e-03
-4.805556640554826085e-03
-4.801789052671024544e-03
-4.798015459089194704e-03
-4.794235847824166764e-03
-4.790450206852609610e-03
-4.786658524112841727e-03
-4.782860787505185084e-03
-4.779056984891487218e-03
-4.775247104095242667e-03
-4.771431132901808939e-03
-4.767609059057970229e-03
-4.763780870272229725e-03
-4.759946554214470466e-03
-4.756106098516289273e-03
-4.752259490770869253e-03
-4.748406718532612036e-03
-4.744547769317679874e-03
-4.740682630603727625e-03
-4.736811289829606121e-03
-4.732933734395892121e-03
-4.729049951664609890e-03
-4.725159928959212982e-03
-4.721263653564500111e-03
-4.717361112726963825e-03
-4.713452293654558922e-03
-4.709537183516608778e-03
-4.705615769444132339e-03
-4.701688038529720955e-03
-4.697753977827257357e-03
-4.693813574352559241e-03
-4.689866815082992420e-03
-4.685913686957631288e-03
-4.681954176877282242e-03
-4.677988271704415155e-03
-4.674015958263463486e-03
-4.670037223340804330e-03
-4.666052053684530306e-03
-4.662060436005085323e-03
-4.658062356974710348e-03
-4.654057803227892691e-03
-4.650046761361537745e-03
-4.646029217934691431e-03
-4.642005159468861990e-03
-4.637974572448271514e-03
-4.633937443319563650e-03
-4.629893758492142734e-03
-4.625843504338375024e-03
-4.621786667193619920e-03
-4.617723233356137158e-03
-4.613653189087750343e-03
-4.609576520613482657e-03
-4.605493214121797983e-03
-4.601403255765120458e-03
-4.597306631659495331e-03
-4.593203327885074690e-03
-4.589093330486321287e-03
-4.584976625471756141e-03
-4.580853198814886611e-03
-4.576723036453720674e-03
-4.572586124291268261e-03
-4.568442448195865653e-03
-4.564291994001198026e-03
-4.560134747506638594e-03
-4.555970694477386521e-03
-4.551799820644957840e-03
-4.547622111707009390e-03
-4.543437553328140248e-03
-4.539246131139900407e-03
-4.535047830740767359e-03
-4.530842637697296213e-03
-4.526630537543502135e-03
-4.522411515781747660e-03
-4.518185557882835497e-03
-4.513952649286523747e-03
-4.509712775401786104e-03
-4.505465921607113705e-03
-4.501212073250945335e-03
-4.496951215652300604e-03
-4.492683334100589995e-03
-4.488408413856729423e-03
-4.484126440153046560e-03
-4.479837398194046715e-03
-4.475541273156652226e-03
-4.471238050190773188e-03
-4.466927714419879902e-03
-4.462610250941289117e-03
-4.458285644826839693e-03
-4.453953881123350576e-03
-4.449614944853351114e-03
-4.445268821015296162e-03
-4.440915494584439516e-03
-4.436554950513334379e-03
-4.432187173732366793e-03
-4.427812149150574424e-03
-4.423429861656107999e-03
-4.419040296117051833e-03
-4.414643437381933835e-03
-4.410239270280597208e-03
-4.405827779624916021e-03
-4.401408950209329506e-03
-4.396982766811973961e-03
-4.392549214195069600e-03
-4.388108277106174751e-03
-4.383659940278362803e-03
-4.379204188432018509e-03
-4.374741006274763394e-03
-4.370270378502903383e-03
-4.365792289802393304e-03
-4.361306724849444046e-03
-4.356813668311595479e-03
-4.352313104849135465e-03
-4.347805019115575167e-03
-4.343289395758883308e-03
-4.338766219422885220e-03
-4.334235474747794546e-03
-4.329697146371913261e-03
-4.325151218932569291e-03
-4.320597677067117455e-03
-4.316036505414672445e-03
-4.311467688616782770e-03
-4.306891211319239209e-03
-4.302307058173256149e-03
-4.297715213836616512e-03
-4.293115662975339683e-03
-4.288508390265084042e-03
-4.283893380392449733e-03
-4.279270618056788857e-03
-4.274640087971412830e-03
-4.270001774865574314e-03
-4.265355663485796006e-03
-4.260701738597490879e-03
-4.256039984987123638e-03
-4.251370387463536925e-03
-4.246692930859867314e-03
-4.242007600035522900e-03
-4.237314379878078484e-03
-4.232613255304996415e-03
-4.227904211265781989e-03
-4.223187232744161392e-03
-4.218462304759923974e-03
-4.213729412371298826e-03
-4.208988540676910674e-03
-4.204239674818312580e-03
-4.199482799982077151e-03
-4.194717901402376936e-03
-4.189944964363215285e-03
-4.185163974201130781e-03
-4.180374916307378654e-03
-4.175577776131118336e-03
-4.170772539181682483e-03
-4.165959191031418443e-03
-4.161137717318427395e-03
-4.156308103749786591e-03
-4.151470336104069909e-03
-4.146624400234787816e-03
-4.141770282073095263e-03
-4.136907967631298436e-03
-4.132037443006141182e-03
-4.127158694381775732e-03
-4.122271708033588625e-03
-4.117376470331645874e-03
-4.112472967744035778e-03
-4.107561186840880466e-03
-4.102641114297951933e-03
-4.097712736900588175e-03
-4.092776041547618003e-03
-4.087831015255562542e-03
-4.082877645162718769e-03
-4.077915918533353209e-03
-4.072945822762042214e-03
-4.067967345378778986e-03
-4.062980474052486392e-03
-4.057985196596824821e-03
-4.052981500974090975e-03
-4.047969375300892146e-03
-4.042948807852811757e-03
-4.037919787069899763e-03
-4.032882301561646100e-03
-4.027836340112652368e-03
-4.022781891688261870e-03
-4.017718945440177519e-03
-4.012647490712488267e-03
-4.007567517047463945e-03
-4.002479014192089971e-03
-3.997381972103935047e-03
-3.992276380957990312e-03
-3.987162231153261287e-03
-3.982039513319472583e-03
-3.976908218323988581e-03
-3.971768337279388966e-03
-3.966619861550142213e-03
-3.961462782760708477e-03
-3.956297092803040538e-03
-3.951122783844404802e-03
-3.945939848335498941e-03
-3.940748279018968514e-03
-3.935548068937603540e-03
-3.930339211443459671e-03
-3.925121700206288082e-03
-3.919895529223204819e-03
-3.914660692827836262e-03
-3.909417185699976330e-03
-3.904165002875556803e-03
-3.898904139756765534e-03
-3.893634592122385829e-03
-3.888356356138515744e-03
-3.883069428369452600e-03
-3.877773805789067572e-03
-3.872469485791851969e-03
-3.867156466205467526e-03
-3.861834745301976572e-03
-3.856504321810878041e-03
-3.851165194931779195e-03
-3.845817364346777647e-03
-3.840460830234745503e-03
-3.835095593284694546e-03
-3.829721654709446720e-03
-3.824339016260864567e-03
-3.818947680244026092e-03
-3.813547649532754002e-03
-3.808138927585033931e-03
-3.802721518459152138e-03
-3.797295426830199234e-03
-3.791860658006608164e-03
-3.786417217947876147e-03
-3.780965113281784841e-03
-3.775504351323210380e-03
-3.770034940092264249e-03
-3.764556888333860530e-03
-3.759070205537187737e-03
-3.753574901956043246e-03
-3.748070988629517274e-03
-3.742558477403306987e-03
-3.737037380951596134e-03
-3.731507712799440792e-03
-3.725969487345775696e-03
-3.720422719887316564e-03
-3.714867426642533971e-03
-3.709303624776852382e-03
-3.703731332428078591e-03
-3.698150568733033633e-03
-3.692561353853909736e-03
-3.686963709006891091e-03
-3.681357656489908127e-03
-3.675743219712431821e-03
-3.670120423225268439e-03
-3.664489292751595909e-03
-3.658849855218539691e-03
-3.653202138790076579e-03
-3.647546172900280673e-03
-3.641881988287916372e-03
-3.636209617031752571e-03
-3.630529092587006165e-03
-3.624840449822765241e-03
-3.619143725060227149e-03
-3.613438956112293137e-03
-3.607726182324300090e-03
-3.602005444615621367e-03
-3.596276785522571715e-03
-3.590540249242580705e-03
-3.584795881679552713e-03
-3.579043730490577384e-03
-3.573283845133945914e-03
-3.567516276918171730e-03
-3.561741079053180013e-03
-3.555958306702331189e-03
-3.550168017036122326e-03
-3.544370269287452392e-03
-3.538565124808434881e-03
-3.532752647129104757e-03
-3.526932902017295476e-03
-3.521105957540895167e-03
-3.515271884131372215e-03
-3.509430754649555534e-03
-3.503582644453044626e-03
-3.497727631465953266e-03
-3.491865796250254346e-03
-3.485997222079785778e-03
-3.480121995015809412e-03
-3.474240203985503369e-03
-3.468351940862272800e-03
-3.462457300548706964e-03
-3.456556381062066401e-03
-3.450649283622072086e-03
-3.444736112741801463e-03
-3.438816976321042163e-03
-3.432891985742212663e-03
-3.426961255970030398e-03
-3.421024905653376452e-03
-3.415083057230844810e-03
-3.409135837039224595e-03
-3.403183375425627381e-03
-3.397225806862772587e-03
-3.391263270068146495e-03
-3.385295908126700979e-03
-3.379323868617608879e-03
-3.373347303744656661e-03
-3.367366370471110495e-03
-3.361381230658645487e-03
-3.355392051210845470e-03
-3.349399004221100765e-03
-3.343402267125342338e-03
-3.337402022859744643e-03
-3.331398460023378069e-03
-3.325391773046215606e-03
-3.319382162362463813e-03
-3.313369834590033838e-03
-3.307355002714952932e-03
-3.301337886282892670e-03
-3.295318711596058325e-03
-3.289297711917461668e-03
-3.283275127681247081e-03
-3.277251206710490861e-03
-3.271226204442158857e-03
-3.265200384159448396e-03
-3.259174017232407440e-03
-3.253147383366086342e-03
-3.247120770857781294e-03
-3.241094476862534622e-03
-3.235068807668027308e-03
-3.229044078978943969e-03
-3.223020616210891826e-03
-3.216998754794806077e-03
-3.210978840491997797e-03
-3.204961229719761970e-03
-3.198946289889047483e-03
-3.192934399753705101e-03
-3.186925949772048943e-03
-3.180921342481445296e-03
-3.174920992886386736e-03
-3.168925328860116609e-03
-3.162934791561296168e-03
-3.156949835865097663e-03
-3.150970930810646341e-03
-3.144998560064360751e-03
-3.139033222400448159e-03
-3.133075432199225550e-03
-3.127125719963768855e-03
-3.121184632855782039e-03
-3.115252735251634961e-03
-3.109330609319272114e-03
-3.103418855616749041e-03
-3.097518093713590333e-03
-3.091628962836011785e-03
-3.085752122536478126e-03
-3.079888253389298936e-03
-3.074038057713080700e-03
-3.068202260321309990e-03
-3.062381609302021034e-03
-3.056576876828555594e-03
-3.050788860001805037e-03
-3.045018381726113423e-03
-3.039266291620205084e-03
-3.033533466964326297e-03
-3.027820813685924706e-03
-3.022129267384997525e-03
-3.016459794401144673e-03
-3.010813392924533826e-03
-3.005191094152481757e-03
-2.999593963493924452e-03
-2.994023101823887166e-03
-2.988479646790657106e-03
-2.982964774177883967e-03
-2.977479699324201735e-03
-2.972025678603472561e-03
-2.966604010968247433e-03
-2.961216039559615154e-03
-2.955863153387072555e-03
-2.950546789081090904e-03
-2.945268432722989837e-03
-2.940029621754900423e-03
-2.934831946974882783e-03
-2.929677054620958686e-03
-2.924566648548317452e-03
-2.919502492505369421e-03
-2.914486412512863264e-03
-2.909520299351881032e-03
-2.904606111166437715e-03
-2.899745876186386913e-03
-2.894941695577542013e-03
-2.890195746425128220e-03
-2.885510284858470130e-03
-2.880887649323948287e-03
-2.876330264014778648e-03
-2.871840642465812391e-03
-2.867421391322825912e-03
-2.863075214295834198e-03
-2.858804916306747438e-03
-2.854613407842678668e-03
-2.850503709525740569e-03
-2.846478956913045706e-03
-2.842542405539004273e-03
-2.838697436214694409e-03
-2.834947560599289634e-03
-2.831296427059318537e-03
-2.827747826833350298e-03
-2.824305700520081657e-03
-2.820974144909527484e-03
-2.817757420178326755e-03
-2.814659957471221836e-03
-2.811686366893187145e-03
-2.808841445937299963e-03
-2.806130188376048697e-03
-2.803557793645663435e-03
-2.801129676754806133e-03
-2.798851478751500019e-03
-2.796729077784979381e-03
-2.794768600801104171e-03
-2.792976435913794610e-03
-2.791359245497218242e-03
-2.789923980048021612e-03
-2.788677892869323872e-03
-2.787628555633556854e-03
-2.786783874884683938e-03
-2.786152109545843390e-03
-2.785741889503375035e-03
-2.785562235344041238e-03
-2.785622579328366280e-03
-2.785932787690344019e-03
-2.786503184360814012e-03
-2.787344576219845035e-03
-2.788468279993341990e-03
-2.789886150917714192e-03
-2.791610613308461233e-03
-2.793654693179328623e-03
-2.796032053072737122e-03
-2.798757029275780392e-03
-2.801844671612080569e-03
-2.805310786017943103e-03
-2.809171980129399147e-03
-2.813445712128878357e-03
-2.818150343123563585e-03
-2.823305193353579587e-03
-2.828930602556971666e-03
-2.835047994851029075e-03
-2.841679948524808777e-03
-2.848850271177589058e-03
-2.856584080682543231e-03
-2.864907892504304273e-03
-2.873849713954111477e-03
-2.883439146028488140e-03
-2.893707493546605197e-03
-2.904687884378995798e-03
-2.916415398648271838e-03
-2.928927208880367436e-03
-2.942262732195943808e-03
-2.956463795757116771e-03
-2.971574816825662060e-03
-2.987642998950534694e-03
-3.004718545982844845e-03
-3.022854895825568839e-03
-3.042108976059617644e-03
-3.062541483857694584e-03
-3.084217192905139120e-03
-3.107205290399456688e-03
-3.131579747605165928e-03
-3.157419727906531342e-03
-3.184810036837809437e-03
-3.213841619191907216e-03
-3.244612109027114610e-03
-3.277226439227707427e-03
-3.311797518246559387e-03
-3.348446982793315194e-03
-3.387306036561457505e-03
-3.428516386646993444e-03
-3.472231291148814795e-03
-3.518616733609290087e-03
-3.567852742522530270e-03
-3.620134877190490062e-03
-3.675675904846597598e-03
-3.734707698322380694e-03
-3.797483388762466598e-03
-3.864279814198820322e-03
-3.935400312426322149e-03
-4.011177915896481372e-03
-4.091979017667259945e-03
-4.178207591327630713e-03
-4.270310064916838649e-03
-4.368780970032079894e-03
-4.474169513669920030e-03
-4.587087253324104857e-03
-4.708217097368769949e-03
-4.838323905314731443e-03
-4.978267029507677313e-03
-5.129015225776040882e-03
-5.291664471586255900e-03
-5.467459374855924981e-03
-5.657819046350658250e-03
-5.864368559807914445e-03
-6.088977459510299360e-03
-6.333807227678792812e-03
-6.601370240968390708e-03
-6.894603595551940245e-03
-7.216962366086968408e-03
-7.572538539229029669e-03
-7.966214262642986460e-03
-8.403861541795945231e-03
-8.892605679531460222e-03
-9.441177526510628748e-03
-1.006039154784746197e-02
-1.076380544820449217e-02
-1.156864722865092419e-02
-1.249714533029754743e-02
-1.357848230421952393e-02
-1.485174189781614251e-02
-1.637049344061216466e-02
-1.821018303147084114e-02
-2.048056421302360194e-02
-2.334769075355022996e-02
-2.707531488658345212e-02
-3.210911139381537188e-02
-3.926618189346422344e-02
-5.022377656476163105e-02
-6.905527691378865462e-02
-1.088861214335443417e-01
-2.484691745467057511e-01
1.008500976093772206e+00
1.706452096453323353e-01
9.454654398190615039e-02
6.605929824637021830e-02
5.117659475713835088e-02
4.205074356435144212e-02
3.589712600967128603e-02
3.147817549759990979e-02
2.816005543393935995e-02
2.558454737034514259e-02
2.353394628628361837e-02
2.186833356155864008e-02
2.049369947059839422e-02
1.934455561831275108e-02
1.837389440375541277e-02
1.754711202773907505e-02
1.683818241848891034e-02
1.622716602143644757e-02
1.569854006226398951e-02
1.524005080728641805e-02
1.484190695185718875e-02
1.449620152252965692e-02
1.419649026312095295e-02
1.393747931566038413e-02
1.371479061013069697e-02
1.352478340782580293e-02
1.336441702885603038e-02
1.323114420153396510e-02
1.312282747269436639e-02
1.303767319501813148e-02
1.297417906633729738e-02
1.293109223496580890e-02
1.290737573489204003e-02
1.290218156253038727e-02
1.291482911195451777e-02
1.294478798894394857e-02
1.299166445424759266e-02
1.305519092334013996e-02
1.313521808805345747e-02
1.323170933530700560e-02
1.334473722751194392e-02
1.347448188395895807e-02
1.362123116719220553e-02
1.378538263670711292e-02
1.396744728741190419e-02
1.416805514498004938e-02
1.438796284721008574e-02
1.462806340263018284e-02
1.488939838797387338e-02
1.517317292850066043e-02
1.548077390395951637e-02
1.581379194401748636e-02
1.617404792761394094e-02
1.656362489074283614e-02
1.698490648971188316e-02
1.744062347974326133e-02
1.793391007622288993e-02
1.846837260173782996e-02
1.904817353361890758e-02
1.967813502112685312e-02
2.036386723501481394e-02
2.111192868489384158e-02
2.193002809773042169e-02
2.282728090180374120e-02
2.381453827173311832e-02
2.490481378255704828e-02
2.611384312671165275e-02
2.746082788165774002e-02
2.896943794864752925e-02
3.066918399512154336e-02
3.259732959453703893e-02
3.480160794822286657e-02
3.734416786561996215e-02
4.030745075754429974e-02
4.380319890897663854e-02
4.798673103141696400e-02
5.308046612876717724e-02
5.941453167650689871e-02
6.750092489302012000e-02
7.817873678286302308e-02
9.292497995231012442e-02
1.146030352677702702e-01
1.495879214173765626e-01
2.155298181893307019e-01
3.860391191770193298e-01
1.860158422356466446e+00
-6.586488044635741002e-01
-2.795882816018091521e-01
-1.773905272804708333e-01
-1.298760571952487231e-01
-1.024229554568709122e-01
-8.454292346367123234e-02
-7.197368378270412037e-02
-6.265615736506713329e-02
-5.547381772364484015e-02
-4.976875328662624248e-02
-4.512812691968773327e-02
-4.127978540303784555e-02
-3.803703870705601314e-02
-3.526755598615439330e-02
-3.287492404005159380e-02
-3.078723632146326133e-02
-2.894977231017321906e-02
-2.732015309355784183e-02
-2.586504812917682361e-02
-2.455788307918847779e-02
-2.337721081596224118e-02
-2.230553205003470846e-02
-2.132842716408080153e-02
-2.043390748386730849e-02
-1.961192389382581530e-02
-1.885399000444734283e-02
-1.815288988211940027e-02
-1.750244900124984376e-02
-1.689735301906639120e-02
-1.633300311617344458e-02
-1.580539957570085627e-02
-1.531104737283412939e-02
-1.484687906845729745e-02
-1.441019141658973074e-02
-1.399859292213015416e-02
-1.360996020402753526e-02
-1.324240148606340220e-02
-1.289422589310890155e-02
-1.256391750375817143e-02
-1.225011332145016160e-02
-1.195158449072801846e-02
-1.166722021435240286e-02
-1.139601392886795475e-02
-1.113705137714334110e-02
-1.088950028104409412e-02
-1.065260136932023871e-02
-1.042566055771367711e-02
-1.020804211230909656e-02
-9.999162654891091684e-03
-9.798485891785250687e-03
-9.605517966352830270e-03
-9.419803350744378884e-03
-9.240921205320461185e-03
-9.068482144806034456e-03
-8.902125359153025344e-03
-8.741516044551067219e-03
-8.586343106311681433e-03
-8.436317100654093168e-03
-8.291168386912042138e-03
-8.150645465496608039e-03
-8.014513480197630810e-03
-7.882552866183311843e-03
-7.754558127433893236e-03
-7.630336729388001102e-03
-7.509708094337454003e-03
-7.392502688622954246e-03
-7.278561191997098140e-03
-7.167733740657714764e-03
-7.059879236444402059e-03
-6.954864715552676845e-03
-6.852564770871302779e-03
-6.752861022706769384e-03
-6.655641633233811208e-03
-6.560800860518200411e-03
-6.468238648401090918e-03
-6.377860248927909488e-03
-6.289575874349575754e-03
-6.203300376031050181e-03
-6.118952947870459624e-03
-6.036456852076996574e-03
-5.955739165364746027e-03
-5.876730543812028543e-03
-5.799365004805566437e-03
-5.723579724638036548e-03
-5.649314850465003007e-03
-5.576513325446078029e-03
-5.505120726004512216e-03
-5.435085110237301148e-03
-5.366356876593782015e-03
-5.298888632020338704e-03
-5.232635068838883616e-03
-5.167552849692697015e-03
-5.103600499947229252e-03
-5.040738306988940681e-03
-4.978928225911049936e-03
-4.918133791117448340e-03
-4.858320033415674914e-03
-4.799453402204412536e-03
-4.741501692393016582e-03
-4.684433975719616214e-03
-4.628220536161959178e-03
-4.572832809156881888e-03
-4.518243324368610876e-03
-4.464425651765371005e-03
-4.411354350781943566e-03
-4.359004922362668538e-03
-4.307353763694849423e-03
-4.256378125457797694e-03
-4.206056071423106696e-03
-4.156366440255786568e-03
-4.107288809376147438e-03
-4.058803460753176648e-03
-4.010891348506043404e-03
-3.963534068204676609e-03
-3.916713827762041689e-03
-3.870413419822275099e-03
-3.824616195554107062e-03
-3.779306039763528479e-03
-3.734467347249153038e-03
-3.690085000324461011e-03
-3.646144347439851229e-03
-3.602631182839032345e-03
-3.559531727190694706e-03
-3.516832609138331039e-03
-3.474520847716787431e-03
-3.432583835584624397e-03
-3.391009323027546936e-03
-3.349785402688660284e-03
-3.308900494985458039e-03
-3.268343334174608934e-03
-3.228102955029616642e-03
-3.188168680096498987e-03
-3.148530107496800602e-03
-3.109177099247237459e-03
-3.070099770067964001e-03
-3.031288476653588165e-03
-2.992733807380978939e-03
-2.954426572430775971e-03
-2.916357794300181681e-03
-2.878518698685772481e-03
-2.840900705717201193e-03
-2.803495421521515641e-03
-2.766294630101405819e-03
-2.729290285510368053e-03
-2.692474504307803239e-03
-2.655839558280137947e-03
-2.619377867412374123e-03
-2.583081993096911222e-03
-2.546944631566679801e-03
-2.510958607539316365e-03
-2.475116868061679690e-03
-2.439412476542238140e-03
-2.403838606961343320e-03
-2.368388538248325167e-03
-2.333055648816555715e-03
-2.297833411245616547e-03
-2.262715387102309187e-03
-2.227695221891884663e-03
-2.192766640130395378e-03
-2.157923440530830090e-03
-2.123159491293843612e-03
-2.088468725497805070e-03
-2.053845136578270718e-03
-2.019282773891430387e-03
-1.984775738354069979e-03
-1.950318178153199154e-03
-1.915904284519242759e-03
-1.881528287555358364e-03
-1.847184452118130890e-03
-1.812867073742178070e-03
-1.778570474602379032e-03
-1.744288999509807257e-03
-1.710017011932212687e-03
-1.675748890036286333e-03
-1.641479022743860339e-03
-1.607201805796508454e-03
-1.572911637824392014e-03
-1.538602916409901981e-03
-1.504270034145301863e-03
-1.469907374673441475e-03
-1.435509308708960916e-03
-1.401070190032635814e-03
-1.366584351453297135e-03
-1.332046100730688472e-03
-1.297449716452953386e-03
-1.262789443863076341e-03
-1.228059490626449068e-03
-1.193254022534304864e-03
-1.158367159134658783e-03
-1.123392969284485324e-03
-1.088325466615620721e-03
-1.053158604906560608e-03
-1.017886273352486878e-03
-9.825022917248937056e-04
-9.470004054132144262e-04
-9.113742803386986040e-04
-8.756174977315042077e-04
-8.397235487621391471e-04
-8.036858290156061093e-04
-7.674976327998075769e-04
-7.311521472754692677e-04
-6.946424463961519032e-04
-6.579614846476118488e-04
-6.211020905720475872e-04
-5.840569600648226785e-04
-5.468186494285553340e-04
-5.093795681709724181e-04
-4.717319715290117267e-04
-4.338679527042380892e-04
-3.957794347903879038e-04
-3.574581623755073052e-04
-3.188956927977415132e-04
-2.800833870352788073e-04
-2.410124002067996415e-04
-2.016736716595013239e-04
-1.620579146188313654e-04
-1.221556053746207515e-04
-8.195697197359037151e-05
-4.145198238929672166e-05
-6.303321357613300702e-07
4.051856870803229385e-05
8.200560910082057425e-05
1.238419913072710474e-04
1.660392458742434782e-04
2.086092473593706247e-04
2.515642308599272230e-04
2.949168093950810081e-04
3.386799921925661046e-04
3.828672039439639900e-04
4.274923050872976756e-04
4.725696131874690571e-04
5.181139254873705011e-04
5.641405427073450767e-04
6.106652941774569528e-04
6.577045643954590286e-04
7.052753211055323539e-04
7.533951450066976412e-04
8.020822612012650128e-04
8.513555725117413937e-04
9.012346947936851482e-04
9.517399943926056413e-04
1.002892627900777399e-03
1.054714584379216457e-03
1.107228730234119732e-03
1.160458856941009535e-03
1.214429731836164962e-03
1.269167152210287208e-03
1.324698002956723429e-03
1.381050318058648849e-03
1.438253346211229404e-03
1.496337620918792004e-03
1.555335035420502172e-03
1.615278922846049951e-03
1.676204142032133165e-03
1.738147169474852771e-03
1.801146197937690974e-03
1.865241242287528269e-03
1.930474253185976690e-03
1.996889239328206514e-03
2.064532398989543226e-03
2.133452261721490058e-03
2.203699841123583480e-03
2.275328799717055671e-03
2.348395627057347102e-03
2.422959832343589588e-03
2.499084152924123826e-03
2.576834780249866522e-03
2.656281605010390231e-03
2.737498483376000786e-03
2.820563526505146228e-03
2.905559415722418128e-03
2.992573746067096231e-03
3.081699401238332733e-03
3.173034963340519259e-03
3.266685161256144797e-03
3.362761361967906738e-03
3.461382109707216229e-03
3.562673718456444219e-03
3.666770924065888664e-03
3.773817603110503870e-03
3.883967566591644584e-03
3.997385437741199192e-03
4.114247624514696597e-03
4.234743398908752399e-03
4.359076097052824034e-03
4.487464456145538044e-03
4.620144106793185913e-03
4.757369242246548349e-03
4.899414489495407254e-03
5.046577011288397308e-03
5.199178873028988991e-03
5.357569714329764136e-03
5.522129771975772990e-03
5.693273309444021185e-03
5.871452518228585139e-03
6.057161968483448095e-03
6.250943701387302529e-03
6.453393073844081868e-03
6.665165488470660426e-03
6.886984169366394681e-03
7.119649178303655290e-03
7.364047908503223473e-03
7.621167346442299199e-03
7.892108459268923348e-03
8.178103150515394354e-03
8.480534335391604756e-03
8.800959826463460728e-03
9.141140901049891673e-03
9.503076657085038348e-03
9.889045573646311829e-03
1.030165610267681602e-02
1.074390866753122467e-02
1.121927218603059433e-02
1.173177924913466029e-02
1.228614548605190711e-02
1.288792060343975365e-02
1.354368135812661529e-02
1.426128070485375814e-02
1.505017317007581977e-02
1.592184512175587319e-02
1.689039162859322027e-02
1.797330168177337789e-02
1.919254520808225117e-02
2.057610645782972925e-02
2.216019333003196867e-02
2.399249782165495046e-02
2.613714128733527972e-02
2.868241594448429216e-02
3.175335917383569073e-02
3.553308916366107462e-02
4.030095966718939132e-02
4.650534206983576030e-02
5.491423240282627266e-02
6.696182457049629222e-02
8.567091197220859378e-02
1.186947670597391646e-01
1.926866789407924441e-01
5.087285538281673958e-01
-8.009142519778031932e-01
-2.245034238391685477e-01
-1.306730356438873530e-01
-9.220775102835457315e-02
-7.126214323089852254e-02
-5.808277014812584377e-02
-4.902278997717911257e-02
-4.240961794171854010e-02
-3.736820241603278775e-02
-3.339629848477845830e-02
-3.018504047757922248e-02
-2.753404299493032378e-02
-2.530761926625262059e-02
-2.341061964701696141e-02
-2.177434525439636559e-02
-2.034795379589448422e-02
-1.909301175826621025e-02
-1.797992636331723071e-02
-1.698554172579182231e-02
-1.609147889746565668e-02
-1.528296440199277718e-02
-1.454798739003117583e-02
-1.387668266937316756e-02
-1.326087200823872214e-02
-1.269371828461391370e-02
-1.216946136859486070e-02
-1.168321405689726374e-02
-1.123080271144785008e-02
-1.080864157909871247e-02
-1.041363277008333817e-02
-1.004308598476955257e-02
-9.694653584648826872e-03
-9.366277691298600938e-03
-9.056146791636437987e-03
-8.762659914412808393e-03
-8.484396880329769103e-03
-8.220093457414572730e-03
-7.968620503279968958e-03
-7.728966367277384161e-03
-7.500221973206322446e-03
-7.281568117997492401e-03
-7.072264611584769788e-03
-6.871640953911695333e-03
-6.679088301081614193e-03
-6.494052517354750344e-03
-6.316028145527019695e-03
-6.144553157105691818e-03
-5.979204367090621038e-03
-5.819593417218531066e-03
-5.665363247094988217e-03
-5.516184985436670997e-03
-5.371755204193254946e-03
-5.231793487059647162e-03
-5.096040271157144079e-03
-4.964254926720086496e-03
-4.836214044707680404e-03
-4.711709906525368349e-03
-4.590549113642844459e-03
-4.472551357930724079e-03
-4.357548316131962772e-03
-4.245382654074223404e-03
-4.135907128102441280e-03
-4.028983772826426855e-03
-3.924483165642754165e-03
-3.822283759684627375e-03
-3.722271277868793166e-03
-3.624338161592248649e-03
-3.528383068404167700e-03
-3.434310413627413450e-03
-3.342029951498538213e-03
-3.251456391890545413e-03
-3.162509049123166018e-03
-3.075111519754818775e-03
-2.989191386587999009e-03
-2.904679946414455774e-03
-2.821511959294945634e-03
-2.739625417388872036e-03
-2.658961331569006242e-03
-2.579463534219594498e-03
-2.501078496790183972e-03
-2.423755160814152886e-03
-2.347444781226222781e-03
-2.272100780931076303e-03
-2.197678615669108361e-03
-2.124135648321469512e-03
-2.051431031872903016e-03
-1.979525600323930098e-03
-1.908381766909322298e-03
-1.837963429036451515e-03
-1.768235879410624128e-03
-1.699165722858479548e-03
-1.630720798407993364e-03
-1.562870106216789328e-03
-1.495583738975389109e-03
-1.428832817448591561e-03
-1.362589429836769464e-03
-1.296826574676675659e-03
-1.231518107011053687e-03
-1.166638687585526066e-03
-1.102163734855751091e-03
-1.038069379586302032e-03
-9.743324218594944484e-04
-9.109302903140569820e-04
-8.478410034520843241e-04
-7.850431328576467846e-04
-7.225157681936683618e-04
-6.602384838410371715e-04
-5.981913070585475126e-04
-5.363546875528026232e-04
-4.747094683491544058e-04
-4.132368578656912296e-04
-3.519184030978290967e-04
-2.907359638244159765e-04
-2.296716877553117708e-04
-1.687079865430752418e-04
-1.078275125822739447e-04
-4.701313653114949642e-05
1.375207450915330934e-05
7.448487822686112106e-05
1.352018777949623093e-04
1.959195420919426431e-04
2.566542255002923073e-04
3.174221873364873985e-04
3.782396109627574315e-04
4.391226226298178357e-04
5.000873101015765494e-04
5.611497411008058763e-04
6.223259816345420598e-04
6.836321142301815101e-04
7.450842561389611936e-04
8.066985775442643732e-04
8.684913198232172699e-04
9.304788139017758277e-04
9.926774987533680018e-04
1.055103940080502536e-03
1.117774849231049396e-03
1.180707102390681244e-03
1.243917760101730888e-03
1.307424087156266318e-03
1.371243572917197912e-03
1.435393952110874602e-03
1.499893226156674740e-03
1.564759685079423514e-03
1.630011930067830480e-03
1.695668896741364760e-03
1.761749879184459130e-03
1.828274554820464052e-03
1.895263010194342878e-03
1.962735767736812666e-03
2.030713813593734880e-03
2.099218626599665301e-03
2.168272208488756809e-03
2.237897115436524031e-03
2.308116491031346907e-03
2.378954100788230157e-03
2.450434368314372089e-03
2.522582413256864269e-03
2.595424091156823231e-03
2.668986035360388590e-03
2.743295701130108160e-03
2.818381412128523160e-03
2.894272409447067214e-03
2.970998903370747866e-03
3.048592128083094620e-03
3.127084399538860790e-03
3.206509176736275536e-03
3.286901126658769469e-03
3.368296193159540236e-03
3.450731670099328741e-03
3.534246279072357673e-03
3.618880252076838236e-03
3.704675419526367360e-03
3.791675304029434000e-03
3.879925220412270247e-03
3.969472382481649582e-03
4.060366017102789819e-03
4.152657486190878058e-03
4.246400417294467211e-03
4.341650843501021484e-03
4.438467353474790864e-03
4.536911252510395648e-03
4.637046735585485455e-03
4.738941073483816241e-03
4.842664813179761371e-03
4.948291993794399699e-03
5.055900379583641753e-03
5.165571711558855986e-03
5.277391979531970492e-03
5.391451716569796784e-03
5.507846318059862571e-03
5.626676387860622686e-03
5.748048114263523516e-03
5.872073678854334081e-03
5.998871701700696051e-03
6.128567726720288676e-03
6.261294751559053420e-03
6.397193806856688904e-03
6.536414590377847243e-03
6.679116162228024116e-03
6.825467708161535481e-03
6.975649378944463047e-03
7.129853214818607579e-03
7.288284165352556208e-03
7.451161216440668755e-03
7.618718637877225884e-03
7.791207366908683637e-03
7.968896545462865466e-03
8.152075231443891776e-03
8.341054307632052300e-03
8.536168615462223080e-03
8.737779345339100404e-03
8.946276720368840502e-03
9.162083016581988940e-03
9.385655970126718234e-03
9.617492630768508660e-03
9.858133731700104846e-03
1.010816865851496896e-02
1.036824111580104610e-02
1.063905560876657851e-02
1.092138488051381910e-02
1.121607847405519526e-02
1.152407262330465768e-02
1.184640172089338958e-02
1.218421166499507845e-02
1.253877545554758950e-02
1.291151149622492972e-02
1.330400516767257096e-02
1.371803437696335337e-02
1.415559996761016695e-02
1.461896210695301686e-02
1.511068407133979094e-02
1.563368524931704404e-02
1.619130571411583897e-02
1.678738542882637907e-02
1.742636211203624913e-02
1.811339311182474932e-02
1.885450846384886456e-02
1.965680487160623852e-02
2.052869398710179677e-02
2.148022361658775276e-02
2.252349815707103964e-02
2.367323600862171126e-02
2.494751906596154312e-02
2.636881628148624729e-02
2.796540590237988483e-02
2.977339024111439955e-02
3.183961263909984574e-02
3.422598618854257035e-02
3.701610161934792281e-02
4.032564952364754707e-02
4.431949978932175904e-02
4.924099135464808652e-02
5.546499572320644222e-02
6.360079145603947381e-02
7.470942230420887786e-02
9.081802988560436218e-02
1.163441378937727644e-01
1.630935176659110419e-01
2.768107096206423590e-01
9.707971669635009349e-01
-6.149777796641389127e-01
-2.289437847459080133e-01
-1.386996998916283919e-01
-9.833277765802744819e-02
-7.536424721424911377e-02
-6.047715121829760898e-02
-4.999223361078822953e-02
-4.216284976151346564e-02
-3.605215100146139107e-02
-3.111130949846124816e-02
-2.699618196408030274e-02
-2.347859724938458625e-02
-2.039968591541498066e-02
-1.764355880148268940e-02
-1.512148894716129621e-02
-1.276174881222921081e-02
-1.050251400109161390e-02
-8.286298175349190998e-03
-6.054837954148829804e-03
-3.743426778798610022e-03
-1.273420822233431449e-03
1.459182101660287667e-03
4.603144942964355890e-03
8.388148326150680900e-03
1.319881734938792295e-02
1.974413948937987773e-02
2.950658590990953845e-02
4.621648386825016885e-02
8.276329770743318104e-02
2.342572722981637323e-01
-4.237100560569246888e-01
-1.227138760637788151e-01
-7.505496863154273446e-02
-5.543973222242258581e-02
-4.464303009488911067e-02
-3.775055105971453218e-02
-3.293150020928903993e-02
-2.934765292222794864e-02
-2.656071851858463062e-02
-2.431905624574107194e-02
-2.246775078922930852e-02
-2.090612251609796912e-02
-1.956583751854317973e-02
-1.839883540827928765e-02
-1.737029392355808957e-02
-1.645433727222013476e-02
-1.563131548112610750e-02
