-6.027812456038352494e-03
-6.025973830122649880e-03
-6.024132024002442146e-03
-6.022287034803396576e-03
-6.020438859642816484e-03
-6.018587495629406162e-03
-6.016732939863760066e-03
-6.014875189437680209e-03
-6.013014241435376585e-03
-6.011150092931356881e-03
-6.009282740992731055e-03
-6.007412182677368193e-03
-6.005538415034885301e-03
-6.003661435106267402e-03
-6.001781239923916975e-03
-5.999897826511469204e-03
-5.998011191884228266e-03
-5.996121333048391906e-03
-5.994228247001563183e-03
-5.992331930732646382e-03
-5.990432381222103760e-03
-5.988529595441102922e-03
-5.986623570352002550e-03
-5.984714302908518933e-03
-5.982801790055717293e-03
-5.980886028729009117e-03
-5.978967015855669170e-03
-5.977044748353405219e-03
-5.975119223131367639e-03
-5.973190437089279450e-03
-5.971258387117984491e-03
-5.969323070099526347e-03
-5.967384482906367728e-03
-5.965442622401846695e-03
-5.963497485440632032e-03
-5.961549068867643374e-03
-5.959597369518752040e-03
-5.957642384220747205e-03
-5.955684109790681038e-03
-5.953722543036858370e-03
-5.951757680757757685e-03
-5.949789519742743234e-03
-5.947818056771459611e-03
-5.945843288614446713e-03
-5.943865212032745961e-03
-5.941883823777445797e-03
-5.939899120590715585e-03
-5.937911099204535789e-03
-5.935919756341799525e-03
-5.933925088715747038e-03
-5.931927093029242329e-03
-5.929925765976529553e-03
-5.927921104241107124e-03
-5.925913104497448555e-03
-5.923901763409806370e-03
-5.921887077632945889e-03
-5.919869043811121744e-03
-5.917847658579634788e-03
-5.915822918563059217e-03
-5.913794820376402223e-03
-5.911763360624734502e-03
-5.909728535902561419e-03
-5.907690342795289713e-03
-5.905648777877131952e-03
-5.903603837713107538e-03
-5.901555518857371299e-03
-5.899503817854258661e-03
-5.897448731237927427e-03
-5.895390255532028181e-03
-5.893328387249823115e-03
-5.891263122894872979e-03
-5.889194458959737775e-03
-5.887122391926577838e-03
-5.885046918267388891e-03
-5.882968034443823366e-03
-5.880885736906620552e-03
-5.878800022096265787e-03
-5.876710886442236721e-03
-5.874618326364165581e-03
-5.872522338270373329e-03
-5.870422918558597380e-03
-5.868320063615930886e-03
-5.866213769818824468e-03
-5.864104033532636061e-03
-5.861990851112368166e-03
-5.859874218901508190e-03
-5.857754133233132599e-03
-5.855630590429071643e-03
-5.853503586800415902e-03
-5.851373118646894383e-03
-5.849239182257542392e-03
-5.847101773910278258e-03
-5.844960889871264956e-03
-5.842816526396239774e-03
-5.840668679729423170e-03
-5.838517346103564744e-03
-5.836362521740506154e-03
-5.834204202850485493e-03
-5.832042385632566633e-03
-5.829877066274059827e-03
-5.827708240951180035e-03
-5.825535905828437173e-03
-5.823360057058728917e-03
-5.821180690783782190e-03
-5.818997803133228557e-03
-5.816811390225236529e-03
-5.814621448166349370e-03
-5.812427973051223148e-03
-5.810230960962939860e-03
-5.808030407972281442e-03
-5.805826310138770610e-03
-5.803618663509801760e-03
-5.801407464120582856e-03
-5.799192707994369617e-03
-5.796974391142703173e-03
-5.794752509564892254e-03
-5.792527059247997573e-03
-5.790298036167098976e-03
-5.788065436284806249e-03
-5.785829255551596523e-03
-5.783589489905817740e-03
-5.781346135273215947e-03
-5.779099187567473921e-03
-5.776848642689461771e-03
-5.774594496527870983e-03
-5.772336744958644558e-03
-5.770075383845294469e-03
-5.767810409038736860e-03
-5.765541816377275572e-03
-5.763269601686285548e-03
-5.760993760778520753e-03
-5.758714289454060394e-03
-5.756431183500020955e-03
-5.754144438690562274e-03
-5.751854050787093102e-03
-5.749560015537827015e-03
-5.747262328678236047e-03
-5.744960985930328175e-03
-5.742655983003212838e-03
-5.740347315593125228e-03
-5.738034979382352491e-03
-5.735718970040548648e-03
-5.733399283223770959e-03
-5.731075914574908399e-03
-5.728748859722859396e-03
-5.726418114283991605e-03
-5.724083673860293556e-03
-5.721745534040801467e-03
-5.719403690400472542e-03
-5.717058138500900541e-03
-5.714708873889846538e-03
-5.712355892101325661e-03
-5.709999188655403256e-03
-5.707638759058755208e-03
-5.705274598803338273e-03
-5.702906703367866328e-03
-5.700535068216714893e-03
-5.698159688799967967e-03
-5.695780560554193454e-03
-5.693397678901212372e-03
-5.691011039248655701e-03
-5.688620636990233265e-03
-5.686226467505022496e-03
-5.683828526157651446e-03
-5.681426808298605836e-03
-5.679021309263496131e-03
-5.676612024373647349e-03
-5.674198948935606397e-03
-5.671782078241356315e-03
-5.669361407568026569e-03
-5.666936932178037907e-03
-5.664508647319257614e-03
-5.662076548224131284e-03
-5.659640630110354155e-03
-5.657200888180835552e-03
-5.654757317623194078e-03
-5.652309913610031704e-03
-5.649858671298628454e-03
-5.647403585831225169e-03
-5.644944652334604566e-03
-5.642481865920246503e-03
-5.640015221684349656e-03
-5.637544714707363146e-03
-5.635070340054336088e-03
-5.632592092774977438e-03
-5.630109967902919600e-03
-5.627623960456504260e-03
-5.625134065437874253e-03
-5.622640277833729910e-03
-5.620142592614520670e-03
-5.617641004734946417e-03
-5.615135509133892429e-03
-5.612626100733606252e-03
-5.610112774440812258e-03
-5.607595525145858163e-03
-5.605074347722384560e-03
-5.602549237028203559e-03
-5.600020187904707243e-03
-5.597487195176418379e-03
-5.594950253651854305e-03
-5.592409358122628349e-03
-5.589864503363749931e-03
-5.587315684133698293e-03
-5.584762895173873455e-03
-5.582206131209277965e-03
-5.579645386947424020e-03
-5.577080657079245933e-03
-5.574511936278540684e-03
-5.571939219202045115e-03
-5.569362500489199140e-03
-5.566781774762242889e-03
-5.564197036626083136e-03
-5.561608280668505801e-03
-5.559015501459370172e-03
-5.556418693551391265e-03
-5.553817851479634152e-03
-5.551212969761271099e-03
-5.548604042896128005e-03
-5.545991065365913318e-03
-5.543374031634618754e-03
-5.540752936148276436e-03
-5.538127773334955428e-03
-5.535498537604482440e-03
-5.532865223348691630e-03
-5.530227824940990924e-03
-5.527586336736826922e-03
-5.524940753073049118e-03
-5.522291068267989704e-03
-5.519637276621635301e-03
-5.516979372415138638e-03
-5.514317349911528922e-03
-5.511651203354442016e-03
-5.508980926968953112e-03
-5.506306514961271416e-03
-5.503627961518783515e-03
-5.500945260809603221e-03
-5.498258406982534270e-03
-5.495567394167931614e-03
-5.492872216475885166e-03
-5.490172867997961462e-03
-5.487469342805771644e-03
-5.484761634951745152e-03
-5.482049738468447973e-03
-5.479333647368915712e-03
-5.476613355646487921e-03
-5.473888857274564375e-03
-5.471160146206701345e-03
-5.468427216376375681e-03
-5.465690061697162615e-03
-5.462948676062297747e-03
-5.460203053344954600e-03
-5.457453187397601040e-03
-5.454699072053024490e-03
-5.451940701122755945e-03
-5.449178068398119468e-03
-5.446411167650077809e-03
-5.443639992628179422e-03
-5.440864537061572415e-03
-5.438084794658582140e-03
-5.435300759106266241e-03
-5.432512424070743383e-03
-5.429719783196926969e-03
-5.426922830108486979e-03
-5.424121558407927167e-03
-5.421315961675856471e-03
-5.418506033471928371e-03
-5.415691767333801789e-03
-5.412873156777484561e-03
-5.410050195297393290e-03
-5.407222876366023744e-03
-5.404391193433552738e-03
-5.401555139928526823e-03
-5.398714709257179667e-03
-5.395869894803520528e-03
-5.393020689929218896e-03
-5.390167087973525561e-03
-5.387309082253135574e-03
-5.384446666062209924e-03
-5.381579832671947936e-03
-5.378708575331209163e-03
-5.375832887265464752e-03
-5.372952761677581533e-03
-5.370068191747125533e-03
-5.367179170630425288e-03
-5.364285691460755727e-03
-5.361387747347821225e-03
-5.358485331378049638e-03
-5.355578436613784785e-03
-5.352667056094439178e-03
-5.349751182835180835e-03
-5.346830809827152718e-03
-5.343905930038067749e-03
-5.340976536411127205e-03
-5.338042621865443128e-03
-5.335104179295970667e-03
-5.332161201573156796e-03
-5.329213681543036596e-03
-5.326261612026961766e-03
-5.323304985821705575e-03
-5.320343795699346637e-03
-5.317378034406653083e-03
-5.314407694665833695e-03
-5.311432769173727794e-03
-5.308453250602156517e-03
-5.305469131597253217e-03
-5.302480404780201585e-03
-5.299487062746268545e-03
-5.296489098065185891e-03
-5.293486503281118194e-03
-5.290479270911966313e-03
-5.287467393450040465e-03
-5.284450863361286541e-03
-5.281429673085704171e-03
-5.278403815036829781e-03
-5.275373281601680210e-03
-5.272338065140958277e-03
-5.269298157988483791e-03
-5.266253552451716571e-03
-5.263204240810655764e-03
-5.260150215318904962e-03
-5.257091468202519484e-03
-5.254027991660492093e-03
-5.250959777864537027e-03
-5.247886818958910453e-03
-5.244809107060088675e-03
-5.241726634257148042e-03
-5.238639392611214168e-03
-5.235547374155399489e-03
-5.232450570894918614e-03
-5.229348974806816847e-03
-5.226242577839707373e-03
-5.223131371913988970e-03
-5.220015348921178133e-03
-5.216894500724769505e-03
-5.213768819158685897e-03
-5.210638296028629636e-03
-5.207502923110699997e-03
-5.204362692152462652e-03
-5.201217594871729299e-03
-5.198067622957132719e-03
-5.194912768067545643e-03
-5.191753021832463261e-03
-5.188588375851619847e-03
-5.185418821694363391e-03
-5.182244350900713781e-03
-5.179064954979850123e-03
-5.175880625411015401e-03
-5.172691353642953557e-03
-5.169497131093873064e-03
-5.166297949151217074e-03
-5.163093799171577548e-03
-5.159884672480854854e-03
-5.156670560373373055e-03
-5.153451454112685688e-03
-5.150227344930706670e-03
-5.146998224027920198e-03
-5.143764082573238500e-03
-5.140524911703703466e-03
-5.137280702524519606e-03
-5.134031446108927414e-03
-5.130777133497774894e-03
-5.127517755699675418e-03
-5.124253303690843794e-03
-5.120983768414807437e-03
-5.117709140782393355e-03
-5.114429411671471415e-03
-5.111144571926969082e-03
-5.107854612360620758e-03
-5.104559523750744864e-03
-5.101259296842459816e-03
-5.097953922346976259e-03
-5.094643390941870284e-03
-5.091327693270762504e-03
-5.088006819943599948e-03
-5.084680761535446958e-03
-5.081349508587676943e-03
-5.078013051606842208e-03
-5.074671381065013094e-03
-5.071324487399403273e-03
-5.067972361012138167e-03
-5.064614992270460511e-03
-5.061252371506550808e-03
-5.057884489016755379e-03
-5.054511335062086830e-03
-5.051132899867966444e-03
-5.047749173623843413e-03
-5.044360146483285907e-03
-5.040965808563476272e-03
-5.037566149945527615e-03
-5.034161160673842825e-03
-5.030750830756661879e-03
-5.027335150164612479e-03
-5.023914108832227068e-03
-5.020487696656542043e-03
-5.017055903497338008e-03
-5.013618719176851819e-03
-5.010176133480260564e-03
-5.006728136154283380e-03
-5.003274716908184989e-03
-4.999815865413152934e-03
-4.996351571302046039e-03
-4.992881824169229620e-03
-4.989406613570709047e-03
-4.985925929023776737e-03
-4.982439760006444028e-03
-4.978948095958205325e-03
-4.975450926279048440e-03
-4.971948240329582963e-03
-4.968440027430945719e-03
-4.964926276864503260e-03
-4.961406977871609010e-03
-4.957882119653853926e-03
-4.954351691372244244e-03
-4.950815682147800822e-03
-4.947274081060570351e-03
-4.943726877149930664e-03
-4.940174059414606349e-03
-4.936615616812086750e-03
-4.933051538258490659e-03
-4.929481812628536824e-03
-4.925906428755388693e-03
-4.922325375430552930e-03
-4.918738641403372878e-03
-4.915146215381124839e-03
-4.911548086028808165e-03
-4.907944241968802655e-03
-4.904334671781036825e-03
-4.900719364002518660e-03
-4.897098307127143064e-03
-4.893471489605680583e-03
-4.889838899845542347e-03
-4.886200526210611808e-03
-4.882556357020916872e-03
-4.878906380552574390e-03
-4.875250585037856077e-03
-4.871588958664388805e-03
-4.867921489575632518e-03
-4.864248165870215836e-03
-4.860568975602087838e-03
-4.856883906780149439e-03
-4.853192947368092924e-03
-4.849496085284266643e-03
-4.845793308401146783e-03
-4.842084604546137080e-03
-4.838369961500230479e-03
-4.834649366998396841e-03
-4.830922808729388659e-03
-4.827190274335301304e-03
-4.823451751411870526e-03
-4.819707227507723929e-03
-4.815956690124720968e-03
-4.812200126717081257e-03
-4.808437524692006464e-03
-4.804668871408932646e-03
-4.800894154179695048e-03
-4.797113360267909674e-03
-4.793326476889184923e-03
-4.789533491210799798e-03
-4.785734390351376044e-03
-4.781929161381058557e-03
-4.778117791320923846e-03
-4.774300267142913244e-03
-4.770476575769915309e-03
-4.766646704075175149e-03
-4.762810638882409783e-03
-4.758968366965326754e-03
-4.755119875047775918e-03
-4.751265149803468417e-03
-4.747404177855428509e-03
-4.743536945776375205e-03
-4.739663440088262569e-03
-4.735783647261820016e-03
-4.731897553716891448e-03
-4.728005145821974689e-03
-4.724106409894020253e-03
-4.720201332198151190e-03
-4.716289898947825278e-03
-4.712372096304395276e-03
-4.708447910376833967e-03
-4.704517327221838241e-03
-4.700580332843512510e-03
-4.696636913192876912e-03
-4.692687054168288852e-03
-4.688730741614857526e-03
-4.684767961324358930e-03
-4.680798699035064112e-03
-4.676822940431414784e-03
-4.672840671144114395e-03
-4.668851876749865321e-03
-4.664856542770891810e-03
-4.660854654675354591e-03
-4.656846197876530341e-03
-4.652831157733011182e-03
-4.648809519548637893e-03
-4.644781268571939598e-03
-4.640746389996210954e-03
-4.636704868959486137e-03
-4.632656690543968982e-03
-4.628601839776107577e-03
-4.624540301626495382e-03
-4.620472061009638781e-03
-4.616397102783544211e-03
-4.612315411750112816e-03
-4.608226972654453496e-03
-4.604131770184824793e-03
-4.600029788972842190e-03
-4.595921013592818918e-03
-4.591805428561932488e-03
-4.587683018340095453e-03
-4.583553767329369075e-03
-4.579417659874550524e-03
-4.575274680262348889e-03
-4.571124812721520485e-03
-4.566968041422847166e-03
-4.562804350478786783e-03
-4.558633723943448894e-03
-4.554456145812345834e-03
-4.550271600022508071e-03
-4.546080070451913487e-03
-4.541881540919890693e-03
-4.537675995186726124e-03
-4.533463416953232954e-03
-4.529243789861462331e-03
-4.525017097493690306e-03
-4.520783323372848037e-03
-4.516542450962179184e-03
-4.512294463665312769e-03
-4.508039344826052404e-03
-4.503777077728229709e-03
-4.499507645595644464e-03
-4.495231031592230274e-03
-4.490947218821358077e-03
-4.486656190326464982e-03
-4.482357929090446252e-03
-4.478052418035899894e-03
-4.473739640024842167e-03
-4.469419577858746613e-03
-4.465092214278563142e-03
-4.460757531964443939e-03
-4.456415513535865770e-03
-4.452066141551499004e-03
-4.447709398509358536e-03
-4.443345266846416078e-03
-4.438973728938862967e-03
-4.434594767101996543e-03
-4.430208363590116064e-03
-4.425814500596709188e-03
-4.421413160254231665e-03
-4.417004324634293821e-03
-4.412587975747468867e-03
-4.408164095543474180e-03
-4.403732665911199058e-03
-4.399293668678493086e-03
-4.394847085612584199e-03
-4.390392898419722204e-03
-4.385931088745658422e-03
-4.381461638175060229e-03
-4.376984528232520655e-03
-4.372499740381665875e-03
-4.368007256025803996e-03
-4.363507056508039543e-03
-4.358999123111040146e-03
-4.354483437057232557e-03
-4.349959979509356901e-03
-4.345428731570024315e-03
-4.340889674282041345e-03
-4.336342788628885260e-03
-4.331788055534254757e-03
-4.327225455862836710e-03
-4.322654970420225506e-03
-4.318076579952929116e-03
-4.313490265149069920e-03
-4.308896006638011748e-03
-4.304293784991095398e-03
-4.299683580721743587e-03
-4.295065374285477432e-03
-4.290439146080462889e-03
-4.285804876447763152e-03
-4.281162545671455752e-03
-4.276512133979236234e-03
-4.271853621542420765e-03
-4.267186988476664306e-03
-4.262512214842018726e-03
-4.257829280643263270e-03
-4.253138165830728547e-03
-4.248438850300279186e-03
-4.243731313893856806e-03
-4.239015536400044665e-03
-4.234291497554530832e-03
-4.229559177040367532e-03
-4.224818554488634671e-03
-4.220069609479099038e-03
-4.215312321540500527e-03
-4.210546670151338843e-03
-4.205772634740222171e-03
-4.200990194686751028e-03
-4.196199329321913772e-03
-4.191400017928960040e-03
-4.186592239743875191e-03
-4.181775973956301448e-03
-4.176951199709883107e-03
-4.172117896103594466e-03
-4.167276042192111923e-03
-4.162425616986703894e-03
-4.157566599455999289e-03
-4.152698968527178403e-03
-4.147822703086424811e-03
-4.142937781980269782e-03
-4.138044184016131770e-03
-4.133141887963633944e-03
-4.128230872555646754e-03
-4.123311116488953196e-03
-4.118382598425752820e-03
-4.113445296994704299e-03
-4.108499190791827481e-03
-4.103544258382024745e-03
-4.098580478300153061e-03
-4.093607829052327632e-03
-4.088626289117201253e-03
-4.083635836947452705e-03
-4.078636450971079123e-03
-4.073628109592781175e-03
-4.068610791195393338e-03
-4.063584474142034088e-03
-4.058549136776608106e-03
-4.053504757426515046e-03
-4.048451314403399802e-03
-4.043388786005601074e-03
-4.038317150519521795e-03
-4.033236386221747231e-03
-4.028146471380586284e-03
-4.023047384258215606e-03
-4.017939103112717902e-03
-4.012821606200022220e-03
-4.007694871776172098e-03
-4.002558878099276261e-03
-3.997413603432116783e-03
-3.992259026044003498e-03
-3.987095124213490584e-03
-3.981921876230791295e-03
-3.976739260400166676e-03
-3.971547255042468666e-03
-3.966345838498211429e-03
-3.961134989129656489e-03
-3.955914685324213656e-03
-3.950684905497133317e-03
-3.945445628094413834e-03
-3.940196831595874603e-03
-3.934938494518543974e-03
-3.929670595419570110e-03
-3.924393112899964529e-03
-3.919106025607512964e-03
-3.913809312240795583e-03
-3.908502951552575780e-03
-3.903186922353516376e-03
-3.897861203516133060e-03
-3.892525773978687108e-03
-3.887180612749215145e-03
-3.881825698909736715e-03
-3.876461011620506956e-03
-3.871086530124587602e-03
-3.865702233751919670e-03
-3.860308101924760527e-03
-3.854904114161592215e-03
-3.849490250082689916e-03
-3.844066489415130967e-03
-3.838632811997335064e-03
-3.833189197785308398e-03
-3.827735626857779738e-03
-3.822272079421441468e-03
-3.816798535817545000e-03
-3.811314976527215535e-03
-3.805821382177916948e-03
-3.800317733549583160e-03
-3.794804011581232647e-03
-3.789280197377707833e-03
-3.783746272216215439e-03
-3.778202217553801832e-03
-3.772648015034059908e-03
-3.767083646495169528e-03
-3.761509093976997311e-03
-3.755924339729340474e-03
-3.750329366219796404e-03
-3.744724156142189512e-03
-3.739108692425050558e-03
-3.733482958240410838e-03
-3.727846937012854397e-03
-3.722200612428724648e-03
-3.716543968445629349e-03
-3.710876989302486391e-03
-3.705199659529284217e-03
-3.699511963957695729e-03
-3.693813887731542574e-03
-3.688105416318068677e-03
-3.682386535518543738e-03
-3.676657231480705973e-03
-3.670917490709926789e-03
-3.665167300081954068e-03
-3.659406646855223929e-03
-3.653635518683939678e-03
-3.647853903631214072e-03
-3.642061790183032978e-03
-3.636259167262076344e-03
-3.630446024242342355e-03
-3.624622350963961539e-03
-3.618788137748580290e-03
-3.612943375415152928e-03
-3.607088055295968806e-03
-3.601222169253398032e-03
-3.595345709697188828e-03
-3.589458669601949207e-03
-3.583561042525293047e-03
-3.577652822626555592e-03
-3.571734004685982958e-03
-3.565804584124562630e-03
-3.559864557024383040e-03
-3.553913920149230805e-03
-3.547952670966564043e-03
-3.541980807669477434e-03
-3.535998329199502559e-03
-3.530005235270093026e-03
-3.524001526390748828e-03
-3.517987203892087873e-03
-3.511962269951140851e-03
-3.505926727618006132e-03
-3.499880580842762694e-03
-3.493823834503552699e-03
-3.487756494435229147e-03
-3.481678567459159292e-03
-3.475590061413491236e-03
-3.469490985184869869e-03
-3.463381348740430382e-03
-3.457261163161462307e-03
-3.451130440677542370e-03
-3.444989194701939331e-03
-3.438837439868127743e-03
-3.432675192067120937e-03
-3.426502468486394316e-03
-3.420319287649694652e-03
-3.414125669457785707e-03
-3.407921635231254704e-03
-3.401707207753780233e-03
-3.395482411317276693e-03
-3.389247271768121208e-03
-3.383001816555080126e-03
-3.376746074778411242e-03
-3.370480077240777927e-03
-3.364203856499549741e-03
-3.357917446920970911e-03
-3.351620884735648058e-03
-3.345314208096171211e-03
-3.338997457136314278e-03
-3.332670674032273388e-03
-3.326333903065679422e-03
-3.319987190688695675e-03
-3.313630585591267452e-03
-3.307264138770390875e-03
-3.300887903601694949e-03
-3.294501935913186821e-03
-3.288106294061897937e-03
-3.281701039012056322e-03
-3.275286234416879220e-03
-3.268861946702075316e-03
-3.262428245152960808e-03
-3.255985202003707033e-03
-3.249532892529976430e-03
-3.243071395144511877e-03
-3.236600791495727100e-03
-3.230121166569997239e-03
-3.223632608796800445e-03
-3.217135210157989408e-03
-3.210629066300278635e-03
-3.204114276651774500e-03
-3.197590944542518573e-03
-3.191059177328830002e-03
-3.184519086522220183e-03
-3.177970787922752231e-03
-3.171414401756539065e-03
-3.164850052818621740e-03
-3.158277870620479488e-03
-3.151697989542625103e-03
-3.145110548992682484e-03
-3.138515693569160579e-03
-3.131913573230591524e-03
-3.125304343471239487e-03
-3.118688165502416995e-03
-3.112065206440927517e-03
-3.105435639503830673e-03
-3.098799644210386596e-03
-3.092157406591411039e-03
-3.085509119406109734e-03
-3.078854982366843046e-03
-3.072195202372257194e-03
-3.065529993748999753e-03
-3.058859578502231072e-03
-3.052184186575587332e-03
-3.045504056121036730e-03
-3.038819433778494790e-03
-3.032130574966274746e-03
-3.025437744182490115e-03
-3.018741215317998373e-03
-3.012041271981091319e-03
-3.005338207835157698e-03
-2.998632326948909993e-03
-2.991923944160432627e-03
-2.985213385455604516e-03
-2.978500988361050365e-03
-2.971787102352999380e-03
-2.965072089282091289e-03
-2.958356323815094190e-03
-2.951640193894552056e-03
-2.944924101216851112e-03
-2.938208461729678242e-03
-2.931493706149632551e-03
-2.924780280501248619e-03
-2.918068646678153091e-03
-2.911359283027352071e-03
-2.904652684958051404e-03
-2.897949365575874618e-03
-2.891249856343727082e-03
-2.884554707771004242e-03
-2.877864490131697324e-03
-2.871179794213825527e-03
-2.864501232100650097e-03
-2.857829437986245894e-03
-2.851165069026603133e-03
-2.844508806227764169e-03
-2.837861355373739666e-03
-2.831223447995341678e-03
-2.824595842382470259e-03
-2.817979324642109172e-03
-2.811374709804083296e-03
-2.804782842977555837e-03
-2.798204600560276738e-03
-2.791640891504096420e-03
-2.785092658639107526e-03
-2.778560880060064985e-03
-2.772046570577977025e-03
-2.765550783240804111e-03
-2.759074610926844952e-03
-2.752619188014793390e-03
-2.746185692135111756e-03
-2.739775346006339748e-03
-2.733389419362483239e-03
-2.727029230975424288e-03
-2.720696150778490266e-03
-2.714391602096907514e-03
-2.708117063991094010e-03
-2.701874073719800606e-03
-2.695664229329900081e-03
-2.689489192380461156e-03
-2.683350690809283186e-03
-2.677250521950196114e-03
-2.671190555710893904e-03
-2.665172737920604770e-03
-2.659199093858424182e-03
-2.653271731973748122e-03
-2.647392847810730622e-03
-2.641564728149748287e-03
-2.635789755380191484e-03
-2.630070412119045031e-03
-2.624409286091888751e-03
-2.618809075293111743e-03
-2.613272593444632228e-03
-2.607802775772461671e-03
-2.602402685123317207e-03
-2.597075518444189827e-03
-2.591824613650236045e-03
-2.586653456908056051e-03
-2.581565690363667349e-03
-2.576565120346745001e-03
-2.571655726085699326e-03
-2.566841668970621347e-03
-2.562127302404024545e-03
-2.557517182283641777e-03
-2.553016078164004748e-03
-2.548628985148825628e-03
-2.544361136569656383e-03
-2.540218017512184748e-03
-2.536205379256227695e-03
-2.532329254701573031e-03
-2.528595974859132456e-03
-2.525012186493098831e-03
-2.521584871008525179e-03
-2.518321364687567919e-03
-2.515229380387325707e-03
-2.512317030823111447e-03
-2.509592853573488092e-03
-2.507065837956441810e-03
-2.504745453941223214e-03
-2.502641683277290110e-03
-2.500765053040348001e-03
-2.499126671816028541e-03
-2.497738268765528277e-03
-2.496612235843491054e-03
-2.495761673467449763e-03
-2.495200439971629377e-03
-2.494943205214463812e-03
-2.495005508751191141e-03
-2.495403823030220569e-03
-2.496155622124750055e-03
-2.497279456572601593e-03
-2.498795034964165079e-03
-2.500723312998134190e-03
-2.503086590812107423e-03
-2.505908619496951834e-03
-2.509214717819769833e-03
-2.513031900312719981e-03
-2.517389018037275751e-03
-2.522316913509005127e-03
-2.527848591469717462e-03
-2.534019407427744088e-03
-2.540867276157064703e-03
-2.548432902660880718e-03
-2.556760038470602941e-03
-2.565895766578130295e-03
-2.575890818799565427e-03
-2.586799929954349941e-03
-2.598682233935163070e-03
-2.611601707558529849e-03
-2.625627669052344078e-03
-2.640835339183696985e-03
-2.657306474398575882e-03
-2.675130082982550041e-03
-2.694403237216842252e-03
-2.715231996874708890e-03
-2.737732462270923463e-03
-2.762031978563194313e-03
-2.788270517259303777e-03
-2.816602266100334991e-03
-2.847197464917761503e-03
-2.880244533019420822e-03
-2.915952543562806611e-03
-2.954554112767309240e-03
-2.996308787415255873e-03
-3.041507033843468544e-03
-3.090474956798040275e-03
-3.143579908821051913e-03
-3.201237192569323341e-03
-3.263918112802357066e-03
-3.332159706091882348e-03
-3.406576570710209695e-03
-3.487875345260568923e-03
-3.576872554711411391e-03
-3.674516774322526304e-03
-3.781916381443929144e-03
-3.900374610775302585e-03
-4.031434258249285210e-03
-4.176935280687249161e-03
-4.339089850357446751e-03
-4.520581363619873005e-03
-4.724696823826483177e-03
-4.955506504440772286e-03
-5.218111839335087647e-03
-5.518993809907405713e-03
-5.866512805697490437e-03
-6.271642795611552350e-03
-6.749078807616410748e-03
-7.318959676144680924e-03
-8.009645534204816800e-03
-8.862389051733461295e-03
-9.939599936125540283e-03
-1.134040164139657469e-02
-1.323228122754439677e-02
-1.592230154763800073e-02
-2.004075373495430371e-02
-2.711835074056292982e-02
-4.208739934024740420e-02
-9.454176221914362133e-02
3.778020424995734428e-01
6.294923945894709272e-02
3.435010818659833820e-02
2.364208506784935132e-02
1.804600532810152203e-02
1.461283505043621533e-02
1.229614640537341277e-02
1.063086352648069839e-02
9.378779700202431041e-03
8.405259000550431223e-03
7.628466377236165462e-03
6.995795913986578227e-03
6.471891749702425589e-03
6.032114038361660081e-03
5.658765773772159689e-03
5.338809028388660262e-03
5.062427032347804542e-03
4.822087855554494512e-03
4.611916768700161443e-03
4.427264744150252035e-03
4.264405127572527821e-03
4.120316159912337448e-03
3.992522279921442013e-03
3.878976471865506429e-03
3.777971785978751027e-03
3.688073928267038368e-03
3.608069290590552695e-03
3.536924447573341554e-03
3.473754274117690256e-03
3.417796617097231242e-03
3.368392002209936228e-03
3.324967246474185532e-03
3.287022127487433491e-03
3.254118465126912534e-03
3.225871122101874999e-03
3.201940541958159248e-03
3.182026527435768363e-03
3.165863025985402295e-03
3.153213738100176661e-03
3.143868401753992237e-03
3.137639635449582069e-03
3.134360245209399758e-03
3.133880918806237603e-03
3.136068244752173058e-03
3.140803004892236960e-03
3.147978698522605270e-03
3.157500263261043324e-03
3.169282963812787221e-03
3.183251424588905490e-03
3.199338786067940262e-03
3.217485968023933978e-03
3.237641025408863685e-03
3.259758584886300169e-03
3.283799351850645847e-03
3.309729679301508243e-03
3.337521191230588633e-03
3.367150454264042792e-03
3.398598692220332774e-03
3.431851539024763711e-03
3.466898826086188112e-03
3.503734400813031738e-03
3.542355973437011623e-03
3.582764989739273612e-03
3.624966527645338311e-03
3.668969215980335402e-03
3.714785173964965659e-03
3.762429970288850428e-03
3.811922600828822599e-03
3.863285484289881791e-03
3.916544475239278587e-03
3.971728894184180583e-03
4.028871574512613539e-03
4.088008926280401953e-03
4.149181016984058307e-03
4.212431669616188007e-03
4.277808578456060960e-03
4.345363443206686285e-03
4.415152122254507178e-03
4.487234805998583514e-03
4.561676211378180336e-03
4.638545798921495794e-03
4.717918013847262511e-03
4.799872552979831362e-03
4.884494659487477290e-03
4.971875447730659571e-03
5.062112260811909084e-03
5.155309063762467808e-03
5.251576875682126624e-03
5.351034244580828853e-03
5.453807769155302569e-03
5.560032672286011057e-03
5.669853431664406349e-03
5.783424473673353695e-03
5.900910937458165445e-03
6.022489517057329038e-03
6.148349390534381745e-03
6.278693246285043696e-03
6.413738418117501117e-03
6.553718142351844765e-03
6.698882952098130991e-03
6.849502226096990457e-03
7.005865912103738033e-03
7.168286447836107883e-03
7.337100906071154782e-03
7.512673394672673109e-03
7.695397747285791061e-03
7.885700546302170863e-03
8.084044526671593789e-03
8.290932417447301542e-03
8.506911287897125223e-03
8.732577476957065904e-03
8.968582199198901414e-03
9.215637937909585548e-03
9.474525757055849567e-03
9.746103689755085397e-03
1.003131639257083194e-02
1.033120629399601059e-02
1.064692651383446209e-02
1.097975589036488328e-02
1.133111652747571287e-02
1.170259436874049840e-02
1.209596342543409891e-02
1.251321443846110243e-02
1.295658895044283360e-02
1.342862001786222781e-02
1.393218112343324114e-02
1.447054528238597010e-02
1.504745691026646015e-02
1.566721978655514352e-02
1.633480548266146720e-02
1.705598803257402790e-02
1.783751256745803870e-02
1.868730834577617128e-02
1.961476044018502229e-02
2.063105982991013387e-02
2.174965963018488796e-02
2.298687699661776385e-02
2.436269802109470445e-02
2.590187024397634305e-02
2.763541027954797072e-02
2.960272301056034519e-02
3.185464276889013457e-02
3.445790106541777448e-02
3.750186776795204346e-02
4.110904047759079971e-02
4.545196182965507981e-02
5.078168303438995723e-02
5.747814754303118279e-02
6.614508934306927157e-02
7.780325327169095029e-02
9.432559085258779286e-02
1.195612259031205299e-01
1.628756230663449267e-01
2.545501480153556928e-01
5.779819832287522718e-01
-2.194616570925790988e+00
-3.803373134304182113e-01
-2.087297436777394988e-01
-1.440742819275490638e-01
-1.101385863074961780e-01
-8.923005759992594377e-02
-7.505426165518963577e-02
-6.480934111847821977e-02
-5.705871187641832487e-02
-5.098978617089219845e-02
-4.610835955888151205e-02
-4.209658872256898110e-02
-3.874076517504947831e-02
-3.589189690713388142e-02
-3.344293520984602947e-02
-3.131498563157452536e-02
-2.944862317490729714e-02
-2.779823550412662686e-02
-2.632823011498392624e-02
-2.501042621304916044e-02
-2.382222093945531374e-02
-2.274527437092831172e-02
-2.176454978239696081e-02
-2.086760202211560347e-02
-2.004404225768748396e-02
-1.928513011842312302e-02
-1.858345920843878368e-02
-1.793271196914311694e-02
-1.732746668217133301e-02
-1.676304411716406095e-02
-1.623538463790234754e-02
-1.574094893514895593e-02
-1.527663725137507617e-02
-1.483972319952681085e-02
-1.442779918953005988e-02
-1.403873115475711211e-02
-1.367062078056302185e-02
-1.332177382354874338e-02
-1.299067340571181950e-02
-1.267595739530977608e-02
-1.237639916297831461e-02
-1.209089113976124195e-02
-1.181843071237920727e-02
-1.155810807709259196e-02
-1.130909574203876888e-02
-1.107063942279581936e-02
-1.084205012012058079e-02
-1.062269720456918143e-02
-1.041200236179892075e-02
-1.020943427611950040e-02
-1.001450394936671644e-02
-9.826760568254103850e-03
-9.645787846662420145e-03
-9.471200780386098556e-03
-9.302642761075070876e-03
-9.139783003829535929e-03
-8.982314249384445309e-03
-8.829950707286733994e-03
-8.682426211082904660e-03
-8.539492560451831735e-03
-8.400918028547262051e-03
-8.266486015656522926e-03
-8.135993832710209164e-03
-8.009251600262789345e-03
-7.886081250354908326e-03
-7.766315620212387721e-03
-7.649797628073514051e-03
-7.536379522588564604e-03
-7.425922198241833271e-03
-7.318294570117699072e-03
-7.213373002093540973e-03
-7.111040783207836155e-03
-7.011187647531580761e-03
-6.913709333384154138e-03
-6.818507178181664428e-03
-6.725487745600623388e-03
-6.634562482088732747e-03
-6.545647400061406669e-03
-6.458662785395218042e-03
-6.373532927071252560e-03
-6.290185867033660366e-03
-6.208553168522023061e-03
-6.128569701302948383e-03
-6.050173442379633629e-03
-5.973305290891656183e-03
-5.897908896039961296e-03
-5.823930496977720861e-03
-5.751318773707017780e-03
-5.680024708107619946e-03
-5.610001454301843417e-03
-5.541204217631428598e-03
-5.473590141583703494e-03
-5.407118202065400690e-03
-5.341749108469373911e-03
-5.277445211030790465e-03
-5.214170414009382075e-03
-5.151890094273196136e-03
-5.090571024895035150e-03
-5.030181303402814913e-03
-4.970690284356474829e-03
-4.912068515947603554e-03
-4.854287680342636926e-03
-4.797320537515098286e-03
-4.741140872326370451e-03
-4.685723444639345453e-03
-4.631043942260794181e-03
-4.577078936525634870e-03
-4.523805840351818180e-03
-4.471202868601775217e-03
-4.419249000606946878e-03
-4.367923944712708353e-03
-4.317208104718835496e-03
-4.267082548095659303e-03
-4.217528975865724068e-03
-4.168529694048032398e-03
-4.120067586569035357e-03
-4.072126089552209095e-03
-4.024689166901919066e-03
-3.977741287105684628e-03
-3.931267401181165119e-03
-3.885252921701259216e-03
-3.839683702834223531e-03
-3.794546021339584817e-03
-3.749826558464964751e-03
-3.705512382691777788e-03
-3.661590933282296220e-03
-3.618050004581923208e-03
-3.574877731034401158e-03
-3.532062572870655302e-03
-3.489593302432450646e-03
-3.447458991097668377e-03
-3.405648996772380182e-03
-3.364152951918845426e-03
-3.322960752091456624e-03
-3.282062544951485500e-03
-3.241448719735587174e-03
-3.201109897152672624e-03
-3.161036919687345258e-03
-3.121220842286348812e-03
-3.081652923409143249e-03
-3.042324616421508351e-03
-3.003227561314917096e-03
-2.964353576733006271e-03
-2.925694652290026631e-03
-2.887242941164268849e-03
-2.848990752952100872e-03
-2.810930546767904069e-03
-2.773054924577627624e-03
-2.735356624751734272e-03
-2.697828515826536204e-03
-2.660463590460833937e-03
-2.623254959578362293e-03
-2.586195846684062171e-03
-2.549279582344883902e-03
-2.512499598824813590e-03
-2.475849424865266685e-03
-2.439322680601939235e-03
-2.402913072607712822e-03
-2.366614389057314534e-03
-2.330420495000465244e-03
-2.294325327740570630e-03
-2.258322892308637243e-03
-2.222407257025639949e-03
-2.186572549146927492e-03
-2.150812950582032569e-03
-2.115122693681178133e-03
-2.079496057085029968e-03
-2.043927361628055696e-03
-2.008410966293044247e-03
-1.972941264205459785e-03
-1.937512678667155201e-03
-1.902119659219619723e-03
-1.866756677730864499e-03
-1.831418224503815950e-03
-1.796098804394389951e-03
-1.760792932939019831e-03
-1.725495132482336149e-03
-1.690199928299118649e-03
-1.654901844707813967e-03
-1.619595401163831687e-03
-1.584275108334095173e-03
-1.548935464137980418e-03
-1.513570949756674671e-03
-1.478176025598949925e-03
-1.442745127218880014e-03
-1.407272661178462884e-03
-1.371753000848868146e-03
-1.336180482142172721e-03
-1.300549399167415720e-03
-1.264853999802250566e-03
-1.229088481173757881e-03
-1.193246985038746771e-03
-1.157323593056422580e-03
-1.121312321944740792e-03
-1.085207118509913179e-03
-1.049001854540919289e-03
-1.012690321557970039e-03
-9.762662254068661801e-04
-9.397231806837168504e-04
-9.030547049843097845e-04
-8.662542129607244713e-04
-8.293150101763167772e-04
-7.922302867434224049e-04
-7.549931107310198664e-04
-7.175964213257720464e-04
-6.800330217329689664e-04
-6.422955717980691551e-04
-6.043765803337610831e-04
-5.662683971305523811e-04
-5.279632046352449471e-04
-4.894530092712167605e-04
-4.507296323823287675e-04
-4.117847007739986170e-04
-3.726096368260934689e-04
-3.331956481519939874e-04
-2.935337167737240432e-04
-2.536145877813232759e-04
-2.134287574459177179e-04
-1.729664607491043261e-04
-1.322176582915445507e-04
-9.117202254034398150e-05
-4.981892337306884598e-05
-8.147412868590026003e-06
3.385379069968490195e-05
7.619631972753757726e-05
1.188921750526249557e-04
1.619537447023681846e-04
2.053938236801821152e-04
2.492256348629881893e-04
2.934628510881140233e-04
3.381196185095430677e-04
3.832105813169157590e-04
4.287509079108262587e-04
4.747563186429139270e-04
5.212431152293358488e-04
5.682282119648519696e-04
6.157291688669557644e-04
6.637642268967152391e-04
7.123523454113695093e-04
7.615132420190923873e-04
8.112674350207950587e-04
8.616362886400079878e-04
9.126420612610400447e-04
9.643079569131144703e-04
1.016658180260506320e-03
1.069717995388358954e-03
1.123513788689188206e-03
1.178073136197444783e-03
1.233424875741241569e-03
1.289599184325668658e-03
1.346627661195116434e-03
1.404543417071879487e-03
1.463381170116489181e-03
1.523177349208182894e-03
1.583970205214245853e-03
1.645799930973959688e-03
1.708708790812695465e-03
1.772741260483602557e-03
1.837944178527515897e-03
1.904366910163324267e-03
1.972061524934178803e-03
2.041082989478166555e-03
2.111489376954866007e-03
2.183342094829540062e-03
2.256706132925550157e-03
2.331650333884243819e-03
2.408247688430959453e-03
2.486575658147662220e-03
2.566716528792072332e-03
2.648757797592036101e-03
2.732792598391930138e-03
2.818920169045432099e-03
2.907246366030682375e-03
2.997884231963401751e-03
3.090954622454197050e-03
3.186586899690762361e-03
3.284919701179707472e-03
3.386101793330448945e-03
3.490293021012717822e-03
3.597665365922671828e-03
3.708404128588089176e-03
3.822709251207359691e-03
3.940796801295203683e-03
4.062900639416831480e-03
4.189274298232589441e-03
4.320193104758437118e-03
4.455956583392416473e-03
4.596891184018094684e-03
4.743353387685836191e-03
4.895733252274731689e-03
5.054458472628589431e-03
5.219999044418101482e-03
5.392872639128853084e-03
5.573650819985464383e-03
5.762966256420511135e-03
5.961521129386777341e-03
6.170096963339074224e-03
6.389566175623689372e-03
6.620905703772396976e-03
6.865213160343888558e-03
7.123726079703333706e-03
7.397844969907835244e-03
7.689161077265193288e-03
7.999490027249594667e-03
8.330912845858969018e-03
8.685826322177781639e-03
9.067005291716917492e-03
9.477680267661613839e-03
9.921635021410420141e-03
1.040333036092033758e-02
1.092806269690489891e-02
1.150216936410699414e-02
1.213329761293508065e-02
1.283076156186928850e-02
1.360602260219752856e-02
1.447334611413835306e-02
1.545071490479499494e-02
1.656112461118314921e-02
1.783446137215054933e-02
1.931029184021525180e-02
2.104212828428263932e-02
2.310416657383081857e-02
2.560234869665964710e-02
2.869337581895924777e-02
3.261924537808769814e-02
3.777442935770262966e-02
4.484841380976105352e-02
5.516491242004519652e-02
7.162889886756285129e-02
1.020931382336647819e-01
1.777037206470083452e-01
6.870938555928509661e-01
-3.671868386052247746e-01
-1.446821108490730090e-01
-8.999176326170400808e-02
-6.524274291271228710e-02
-5.112423207500257916e-02
-4.199315938542202281e-02
-3.560001588492070490e-02
-3.087127510680534592e-02
-2.722975223591143218e-02
-2.433747222008226380e-02
-2.198338052036367257e-02
-2.002887779039816407e-02
-1.837918484688049608e-02
-1.696729308317706381e-02
-1.574448741933354157e-02
-1.467450227751342096e-02
-1.372978332235291754e-02
-1.288901988962742884e-02
-1.213547120761915288e-02
-1.145580365674164769e-02
-1.083926584668155890e-02
-1.027709229355935894e-02
-9.762065052769920703e-03
-9.288186558250463576e-03
-8.850432090173866728e-03
-8.444560141380300089e-03
-8.066965475473510117e-03
-7.714564069145581765e-03
-7.384702148921420267e-03
-7.075083634210301703e-03
-6.783711783137882229e-03
-6.508841900092661448e-03
-6.248942733506269998e-03
-6.002664756175803834e-03
-5.768813937764405431e-03
-5.546329931112842226e-03
-5.334267829378774167e-03
-5.131782830114407432e-03
-4.938117279823890302e-03
-4.752589678745562998e-03
-4.574585308314184015e-03
-4.403548208583463186e-03
-4.238974284053157252e-03
-4.080405356938486203e-03
-3.927424019345799808e-03
-3.779649161850489117e-03
-3.636732076975273537e-03
-3.498353053110908953e-03
-3.364218388308389332e-03
-3.234057764739936558e-03
-3.107621933980229609e-03
-2.984680670977523514e-03
-2.865020960982313930e-03
-2.748445389035892444e-03
-2.634770706067849841e-03
-2.523826549374639377e-03
-2.415454298403231850e-03
-2.309506049398932226e-03
-2.205843694725189569e-03
-2.104338094563471505e-03
-2.004868330323374484e-03
-1.907321030477276101e-03
-1.811589760716100957e-03
-1.717574471351054899e-03
-1.625180995741907705e-03
-1.534320594315210368e-03
-1.444909539363765753e-03
-1.356868736403823994e-03
-1.270123378348638615e-03
-1.184602629193495793e-03
-1.100239334272251623e-03
-1.016969754483666895e-03
-9.347333221605882286e-04
-8.534724165177413890e-04
-7.731321568276014120e-04
-6.936602116716372723e-04
-6.150066227826175499e-04
-5.371236421566312827e-04
-4.599655812287843995e-04
-3.834886710469770713e-04
-3.076509324695508169e-04
-2.324120555102834190e-04
-1.577332870444474178e-04
-8.357732615438002305e-05
-9.908226467013857286e-06
6.330869510445986947e-05
1.361069437553659445e-04
2.085189268041616126e-04
2.805760287760920152e-04
3.523086819607916184e-04
4.237464328138004430e-04
4.949180045465528116e-04
5.658513562117415546e-04
6.365737385774688020e-04
7.071117470463404373e-04
7.774913718710842192e-04
8.477380458822656589e-04
9.178766899435256837e-04
9.879317563233026497e-04
1.057927270161470625e-03
1.127886869196245180e-03
1.197833841911491622e-03
1.267791164240888134e-03
1.337781534974494951e-03
1.407827409986193382e-03
1.477951035407146316e-03
1.548174479860541311e-03
1.618519665860710440e-03
1.689008400481531707e-03
1.759662405390425167e-03
1.830503346348994007e-03
1.901552862256052513e-03
1.972832593837136467e-03
2.044364212051877263e-03
2.116169446310357805e-03
2.188270112574593716e-03
2.260688141428054878e-03
2.333445606187204129e-03
2.406564751140971830e-03
2.480068019989527164e-03
2.553978084564440237e-03
2.628317873905671592e-03
2.703110603783274134e-03
2.778379806736041343e-03
2.854149362715894481e-03
2.930443530424230603e-03
3.007286979422532300e-03
3.084704823120563641e-03
3.162722652718834900e-03
3.241366572221493578e-03
3.320663234613880146e-03
3.400639879313411586e-03
3.481324371007496477e-03
3.562745240004839328e-03
3.644931724212583258e-03
3.727913812890101819e-03
3.811722292309630521e-03
3.896388793478856166e-03
3.981945842091111007e-03
4.068426910864285026e-03
4.155866474465982376e-03
4.244300067212757391e-03
4.333764343756790760e-03
4.424297142987743819e-03
4.515937555395720115e-03
4.608725994152769803e-03
4.702704270202543758e-03
4.797915671658769220e-03
4.894405047846796079e-03
4.992218898342496401e-03
5.091405467400180428e-03
5.192014844183650071e-03
5.294099069262773495e-03
5.397712247864807494e-03
5.502910670426816239e-03
5.609752941028708050e-03
5.718300114351117062e-03
5.828615841859573904e-03
5.940766527969918755e-03
6.054821497042462038e-03
6.170853172105834374e-03
6.288937266326078031e-03
6.409152988313579838e-03
6.531583262479050307e-03
6.656314965775712855e-03
6.783439182284648795e-03
6.913051477267647196e-03
7.045252192470768601e-03
7.180146764655736397e-03
7.317846069542705174e-03
7.458466793593963515e-03
7.602131836325379428e-03
7.748970746146003480e-03
7.899120193050442745e-03
8.052724481887636385e-03
8.209936110354209421e-03
8.370916376359114827e-03
8.535836039952273899e-03
8.704876045673342125e-03
8.878228311866367961e-03
9.056096594363868477e-03
9.238697432877288410e-03
9.426261189517901387e-03
9.619033190127830937e-03
9.817274980530794545e-03
1.002126571148236230e-02
1.023130366800971414e-02
1.044770796106631906e-02
1.067082040202121593e-02
1.090100758350883228e-02
1.113866319370801841e-02
1.138421059525436541e-02
1.163810570484791543e-02
1.190084021535503175e-02
1.217294520898254753e-02
1.245499521815197908e-02
1.274761280026669857e-02
1.305147370400417881e-02
1.336731271848591585e-02
1.369593031315564924e-02
1.403820019613657294e-02
1.439507794299678747e-02
1.476761087729795349e-02
1.515694942030460651e-02
1.556436017151534637e-02
1.599124103633736346e-02
1.643913878511835125e-02
1.690976951246874610e-02
1.740504257214630507e-02
1.792708869704712910e-02
1.847829318444957347e-02
1.906133524480850550e-02
1.967923489341008234e-02
2.033540912868503706e-02
2.103373961763599365e-02
2.177865473720844852e-02
2.257522965627236505e-02
2.342930926508681941e-02
2.434766028117020184e-02
2.533816094700219734e-02
2.641003962882548795e-02
2.757417768936191310e-02
2.884349779086777671e-02
3.023346713733927882e-02
3.176275741945341902e-02
3.345412151982916915e-02
3.533557486772497674e-02
3.744201256621991492e-02
3.981746214264855754e-02
4.251828386926746056e-02
4.561781876546559811e-02
4.921331065817243638e-02
5.343651566225425531e-02
5.847051419642701475e-02
6.457741292250814003e-02
7.214616240695878591e-02
8.177987883529398705e-02
9.446682526088810705e-02
1.119463314024906342e-01
1.375897785910698834e-01
1.789017391268459267e-01
2.566536988165210587e-01
4.574224096306881426e-01
2.186585522225408695e+00
