-6.027705871280818715e-03
-6.025867054398781342e-03
-6.024025056378176125e-03
-6.022179874335007073e-03
-6.020331505376850037e-03
-6.018479946602592508e-03
-6.016625195102954030e-03
-6.014767247959770628e-03
-6.012906102247214321e-03
-6.011041755029678489e-03
-6.009174203364085927e-03
-6.007303444298035290e-03
-6.005429474870792490e-03
-6.003552292112922066e-03
-6.001671893046319275e-03
-5.999788274684027083e-03
-5.997901434030691523e-03
-5.996011368081763729e-03
-5.994118073824012544e-03
-5.992221548235437782e-03
-5.990321788285508757e-03
-5.988418790934316865e-03
-5.986512553133059578e-03
-5.984603071824219113e-03
-5.982690343941517337e-03
-5.980774366408972073e-03
-5.978855136142350798e-03
-5.976932650047775061e-03
-5.975006905022724017e-03
-5.973077897955165333e-03
-5.971145625724092083e-03
-5.969210085199614692e-03
-5.967271273242172498e-03
-5.965329186702983053e-03
-5.963383822424514827e-03
-5.961435177239384799e-03
-5.959483247971084433e-03
-5.957528031433914628e-03
-5.955569524432354281e-03
-5.953607723762044737e-03
-5.951642626208697787e-03
-5.949674228548817306e-03
-5.947702527549097312e-03
-5.945727519967029980e-03
-5.943749202550506656e-03
-5.941767572037366836e-03
-5.939782625156442460e-03
-5.937794358626262946e-03
-5.935802769156182761e-03
-5.933807853445795082e-03
-5.931809608184213621e-03
-5.929808030051840310e-03
-5.927803115718215977e-03
-5.925794861843755937e-03
-5.923783265078553031e-03
-5.921768322063106216e-03
-5.919750029427295335e-03
-5.917728383791944109e-03
-5.915703381767028167e-03
-5.913675019952865063e-03
-5.911643294939711822e-03
-5.909608203307156055e-03
-5.907569741625577457e-03
-5.905527906454041860e-03
-5.903482694342306568e-03
-5.901434101829165432e-03
-5.899382125443464533e-03
-5.897326761703759572e-03
-5.895268007117976730e-03
-5.893205858183548848e-03
-5.891140311388072884e-03
-5.889071363208038361e-03
-5.886999010109402429e-03
-5.884923248547846604e-03
-5.882844074968581610e-03
-5.880761485805777525e-03
-5.878675477483228176e-03
-5.876586046413595672e-03
-5.874493188999566594e-03
-5.872396901632393092e-03
-5.870297180692604991e-03
-5.868194022549970759e-03
-5.866087423563470619e-03
-5.863977380080869807e-03
-5.861863888439446287e-03
-5.859746944964816344e-03
-5.857626545972059555e-03
-5.855502687764872240e-03
-5.853375366636063594e-03
-5.851244578866950270e-03
-5.849110320728016441e-03
-5.846972588478477513e-03
-5.844831378365661703e-03
-5.842686686626317148e-03
-5.840538509485539848e-03
-5.838386843156793612e-03
-5.836231683842505943e-03
-5.834073027733334242e-03
-5.831910871008625513e-03
-5.829745209835804007e-03
-5.827576040371056434e-03
-5.825403358758717877e-03
-5.823227161131331632e-03
-5.821047443610134070e-03
-5.818864202304098801e-03
-5.816677433310578522e-03
-5.814487132715134149e-03
-5.812293296591283277e-03
-5.810095921000799427e-03
-5.807895001992993862e-03
-5.805690535605749492e-03
-5.803482517864653502e-03
-5.801270944782929706e-03
-5.799055812361686608e-03
-5.796837116590135112e-03
-5.794614853445091522e-03
-5.792389018890930705e-03
-5.790159608879885331e-03
-5.787926619351528058e-03
-5.785690046233115877e-03
-5.783449885439595310e-03
-5.781206132873131440e-03
-5.778958784423636127e-03
-5.776707835968013412e-03
-5.774453283370810028e-03
-5.772195122483623000e-03
-5.769933349145431843e-03
-5.767667959182416412e-03
-5.765398948407956907e-03
-5.763126312622296465e-03
-5.760850047612864691e-03
-5.758570149154209131e-03
-5.756286613007708178e-03
-5.753999434921581481e-03
-5.751708610631083365e-03
-5.749414135858072622e-03
-5.747116006311441851e-03
-5.744814217686413163e-03
-5.742508765665089825e-03
-5.740199645916487479e-03
-5.737886854095449948e-03
-5.735570385843962414e-03
-5.733250236790192987e-03
-5.730926402548915978e-03
-5.728598878720677495e-03
-5.726267660893273430e-03
-5.723932744639878556e-03
-5.721594125520486351e-03
-5.719251799080767550e-03
-5.716905760852793519e-03
-5.714556006354555746e-03
-5.712202531090064712e-03
-5.709845330549124381e-03
-5.707484400207906393e-03
-5.705119735527600447e-03
-5.702751331955920044e-03
-5.700379184925965376e-03
-5.698003289856290975e-03
-5.695623642151678538e-03
-5.693240237201891395e-03
-5.690853070382240891e-03
-5.688462137053849205e-03
-5.686067432562934634e-03
-5.683668952240983341e-03
-5.681266691405073739e-03
-5.678860645357123628e-03
-5.676450809384480864e-03
-5.674037178759429832e-03
-5.671619748739408287e-03
-5.669198514566711582e-03
-5.666773471468619303e-03
-5.664344614657576549e-03
-5.661911939330297079e-03
-5.659475440668448529e-03
-5.657035113838602101e-03
-5.654590953991727766e-03
-5.652142956263481351e-03
-5.649691115773866276e-03
-5.647235427627536261e-03
-5.644775886913366847e-03
-5.642312488704604584e-03
-5.639845228058893919e-03
-5.637374100017792343e-03
-5.634899099607127738e-03
-5.632420221837044355e-03
-5.629937461701276825e-03
-5.627450814177928189e-03
-5.624960274228547885e-03
-5.622465836798898504e-03
-5.619967496818132659e-03
-5.617465249199299522e-03
-5.614959088839271972e-03
-5.612449010617919128e-03
-5.609935009399225243e-03
-5.607417080030412809e-03
-5.604895217341631167e-03
-5.602369416146827340e-03
-5.599839671243129341e-03
-5.597305977410426368e-03
-5.594768329412188462e-03
-5.592226721994611287e-03
-5.589681149886873736e-03
-5.587131607801222935e-03
-5.584578090432425201e-03
-5.582020592458430443e-03
-5.579459108539286220e-03
-5.576893633318051081e-03
-5.574324161420209957e-03
-5.571750687453763499e-03
-5.569173206008981754e-03
-5.566591711658503035e-03
-5.564006198957190813e-03
-5.561416662442335811e-03
-5.558823096632857161e-03
-5.556225496030074359e-03
-5.553623855117190318e-03
-5.551018168359063247e-03
-5.548408430202723604e-03
-5.545794635076622091e-03
-5.543176777391003486e-03
-5.540554851537675927e-03
-5.537928851889991830e-03
-5.535298772802573798e-03
-5.532664608611539275e-03
-5.530026353634096350e-03
-5.527384002168963563e-03
-5.524737548495761014e-03
-5.522086986875065877e-03
-5.519432311548579800e-03
-5.516773516738650122e-03
-5.514110596648958557e-03
-5.511443545463252242e-03
-5.508772357346173806e-03
-5.506097026442943049e-03
-5.503417546879399436e-03
-5.500733912761544137e-03
-5.498046118175502726e-03
-5.495354157188366527e-03
-5.492658023846389362e-03
-5.489957712176707534e-03
-5.487253216185902609e-03
-5.484544529860788976e-03
-5.481831647167689607e-03
-5.479114562052798607e-03
-5.476393268441990397e-03
-5.473667760240567316e-03
-5.470938031333365432e-03
-5.468204075584490002e-03
-5.465465886837502819e-03
-5.462723458914973788e-03
-5.459976785618749807e-03
-5.457225860729299910e-03
-5.454470678006743956e-03
-5.451711231189263623e-03
-5.448947513994136307e-03
-5.446179520117595471e-03
-5.443407243233741241e-03
-5.440630676995569966e-03
-5.437849815034539666e-03
-5.435064650960105999e-03
-5.432275178360056189e-03
-5.429481390800229741e-03
-5.426683281824470732e-03
-5.423880844954696336e-03
-5.421074073690170837e-03
-5.418262961508417234e-03
-5.415447501864193748e-03
-5.412627688189797399e-03
-5.409803513895156818e-03
-5.406974972367454071e-03
-5.404142056970741292e-03
-5.401304761046611148e-03
-5.398463077913511626e-03
-5.395617000866823228e-03
-5.392766523178721925e-03
-5.389911638098116714e-03
-5.387052338850485678e-03
-5.384188618637879460e-03
-5.381320470638511870e-03
-5.378447888007341880e-03
-5.375570863875039733e-03
-5.372689391348747616e-03
-5.369803463511369293e-03
-5.366913073421642096e-03
-5.364018214114283506e-03
-5.361118878599490691e-03
-5.358215059863207647e-03
-5.355306750866313352e-03
-5.352393944545757141e-03
-5.349476633813235113e-03
-5.346554811555415641e-03
-5.343628470634498827e-03
-5.340697603887141834e-03
-5.337762204124847469e-03
-5.334822264133918211e-03
-5.331877776675064164e-03
-5.328928734483501066e-03
-5.325975130268664932e-03
-5.323016956714295318e-03
-5.320054206478330369e-03
-5.317086872192240687e-03
-5.314114946461813427e-03
-5.311138421866289268e-03
-5.308157290958722373e-03
-5.305171546265297772e-03
-5.302181180286041733e-03
-5.299186185493856387e-03
-5.296186554334883154e-03
-5.293182279228444628e-03
-5.290173352566362834e-03
-5.287159766713580254e-03
-5.284141514007407829e-03
-5.281118586757902258e-03
-5.278090977247351656e-03
-5.275058677730189681e-03
-5.272021680433197632e-03
-5.268979977554918114e-03
-5.265933561266155499e-03
-5.262882423708864846e-03
-5.259826556997205735e-03
-5.256765953216364397e-03
-5.253700604423033362e-03
-5.250630502645160791e-03
-5.247555639881777874e-03
-5.244476008102650147e-03
-5.241391599248626174e-03
-5.238302405231096311e-03
-5.235208417931889492e-03
-5.232109629203387721e-03
-5.229006030868219024e-03
-5.225897614718997240e-03
-5.222784372518510243e-03
-5.219666295999020843e-03
-5.216543376863132415e-03
-5.213415606782208570e-03
-5.210282977397699342e-03
-5.207145480319755153e-03
-5.204003107128251163e-03
-5.200855849371571228e-03
-5.197703698567154341e-03
-5.194546646200888344e-03
-5.191384683727466413e-03
-5.188217802570011493e-03
-5.185045994119391946e-03
-5.181869249735275400e-03
-5.178687560744600453e-03
-5.175500918442450977e-03
-5.172309314091464577e-03
-5.169112738921792689e-03
-5.165911184130815223e-03
-5.162704640883075506e-03
-5.159493100310373961e-03
-5.156276553510885999e-03
-5.153054991549929631e-03
-5.149828405459077295e-03
-5.146596786236344069e-03
-5.143360124846010732e-03
-5.140118412218304574e-03
-5.136871639249410669e-03
-5.133619796801311419e-03
-5.130362875701337255e-03
-5.127100866742292408e-03
-5.123833760682262352e-03
-5.120561548244307627e-03
-5.117284220116413533e-03
-5.114001766951202163e-03
-5.110714179365929803e-03
-5.107421447942191162e-03
-5.104123563225686049e-03
-5.100820515726385909e-03
-5.097512295917808710e-03
-5.094198894237256595e-03
-5.090880301085460267e-03
-5.087556506826834864e-03
-5.084227501788243959e-03
-5.080893276260134948e-03
-5.077553820495408869e-03
-5.074209124709694492e-03
-5.070859179080964944e-03
-5.067503973749261023e-03
-5.064143498816847319e-03
-5.060777744348032674e-03
-5.057406700368327970e-03
-5.054030356864924918e-03
-5.050648703786408088e-03
-5.047261731042320364e-03
-5.043869428503231465e-03
-5.040471786000183703e-03
-5.037068793324976472e-03
-5.033660440229483640e-03
-5.030246716426160954e-03
-5.026827611586557644e-03
-5.023403115342784005e-03
-5.019973217286088051e-03
-5.016537906967031592e-03
-5.013097173895167576e-03
-5.009651007539491982e-03
-5.006199397326986655e-03
-5.002742332643580342e-03
-4.999279802833488627e-03
-4.995811797198911226e-03
-4.992338304999818614e-03
-4.988859315454043097e-03
-4.985374817736877226e-03
-4.981884800980455365e-03
-4.978389254274468399e-03
-4.974888166665121167e-03
-4.971381527155226999e-03
-4.967869324704031649e-03
-4.964351548226900168e-03
-4.960828186594985582e-03
-4.957299228635457869e-03
-4.953764663130598433e-03
-4.950224478818369966e-03
-4.946678664391356527e-03
-4.943127208497016811e-03
-4.939570099737642522e-03
-4.936007326669714784e-03
-4.932438877803721131e-03
-4.928864741604048819e-03
-4.925284906488779264e-03
-4.921699360829531050e-03
-4.918108092950876191e-03
-4.914511091130383501e-03
-4.910908343598340171e-03
-4.907299838537346713e-03
-4.903685564082415835e-03
-4.900065508320439016e-03
-4.896439659289927165e-03
-4.892808004980921284e-03
-4.889170533334703632e-03
-4.885527232243538388e-03
-4.881878089550289145e-03
-4.878223093048281861e-03
-4.874562230481297928e-03
-4.870895489542698131e-03
-4.867222857875821637e-03
-4.863544323073255675e-03
-4.859859872676897119e-03
-4.856169494177506665e-03
-4.852473175014467704e-03
-4.848770902575568614e-03
-4.845062664196399076e-03
-4.841348447161047432e-03
-4.837628238700693827e-03
-4.833902025993903374e-03
-4.830169796166341664e-03
-4.826431536290250873e-03
-4.822687233384647526e-03
-4.818936874414495898e-03
-4.815180446290933530e-03
-4.811417935870324937e-03
-4.807649329954775952e-03
-4.803874615291282846e-03
-4.800093778571815593e-03
-4.796306806432573677e-03
-4.792513685454122263e-03
-4.788714402160947244e-03
-4.784908943021018955e-03
-4.781097294445885854e-03
-4.777279442789951133e-03
-4.773455374350309664e-03
-4.769625075366713297e-03
-4.765788532020865699e-03
-4.761945730436424953e-03
-4.758096656678399011e-03
-4.754241296753181252e-03
-4.750379636608153232e-03
-4.746511662131003804e-03
-4.742637359149992800e-03
-4.738756713433359483e-03
-4.734869710688741420e-03
-4.730976336563373109e-03
-4.727076576643500505e-03
-4.723170416454040149e-03
-4.719257841458167173e-03
-4.715338837057327440e-03
-4.711413388590672026e-03
-4.707481481334626142e-03
-4.703543100502850099e-03
-4.699598231245780480e-03
-4.695646858649982214e-03
-4.691688967738419196e-03
-4.687724543469706621e-03
-4.683753570737888942e-03
-4.679776034372078175e-03
-4.675791919135994200e-03
-4.671801209727877158e-03
-4.667803890780055504e-03
-4.663799946858305026e-03
-4.659789362462084771e-03
-4.655772122023540439e-03
-4.651748209907532149e-03
-4.647717610411380290e-03
-4.643680307764120468e-03
-4.639636286126393346e-03
-4.635585529590230403e-03
-4.631528022178288927e-03
-4.627463747843722774e-03
-4.623392690469905683e-03
-4.619314833869966365e-03
-4.615230161786193497e-03
-4.611138657890205723e-03
-4.607040305782053070e-03
-4.602935088989948929e-03
-4.598822990970254446e-03
-4.594703995106595544e-03
-4.590578084709795274e-03
-4.586445243017522530e-03
-4.582305453193470657e-03
-4.578158698327691387e-03
-4.574004961435551402e-03
-4.569844225457602230e-03
-4.565676473259307894e-03
-4.561501687630455971e-03
-4.557319851284858357e-03
-4.553130946859844722e-03
-4.548934956916105520e-03
-4.544731863936861058e-03
-4.540521650327970782e-03
-4.536304298417271480e-03
-4.532079790453850433e-03
-4.527848108608477362e-03
-4.523609234972278230e-03
-4.519363151556883562e-03
-4.515109840293759710e-03
-4.510849283033989410e-03
-4.506581461547729678e-03
-4.502306357523749511e-03
-4.498023952569044775e-03
-4.493734228208659531e-03
-4.489437165884666014e-03
-4.485132746956436121e-03
-4.480820952699690780e-03
-4.476501764306387195e-03
-4.472175162884061382e-03
-4.467841129455513323e-03
-4.463499644958436596e-03
-4.459150690244780002e-03
-4.454794246080456994e-03
-4.450430293144845215e-03
-4.446058812030513271e-03
-4.441679783242438381e-03
-4.437293187197846774e-03
-4.432899004225680263e-03
-4.428497214566055884e-03
-4.424087798370014354e-03
-4.419670735698863484e-03
-4.415246006523892812e-03
-4.410813590725736096e-03
-4.406373468094078143e-03
-4.401925618327190773e-03
-4.397470021031253673e-03
-4.393006655720269396e-03
-4.388535501815188193e-03
-4.384056538643900207e-03
-4.379569745440104432e-03
-4.375075101343797040e-03
-4.370572585399835029e-03
-4.366062176558029896e-03
-4.361543853672708755e-03
-4.357017595501899015e-03
-4.352483380706950213e-03
-4.347941187852494109e-03
-4.343390995405396054e-03
-4.338832781734464419e-03
-4.334266525110305746e-03
-4.329692203704236207e-03
-4.325109795588394368e-03
-4.320519278735010862e-03
-4.315920631015728384e-03
-4.311313830201629442e-03
-4.306698853962158229e-03
-4.302075679865147509e-03
-4.297444285376199324e-03
-4.292804647857969419e-03
-4.288156744569952133e-03
-4.283500552667972999e-03
-4.278836049203531278e-03
-4.274163211123610008e-03
-4.269482015269852014e-03
-4.264792438378480974e-03
-4.260094457079494773e-03
-4.255388047896158966e-03
-4.250673187244954736e-03
-4.245949851434666425e-03
-4.241218016666026790e-03
-4.236477659031350970e-03
-4.231728754514075055e-03
-4.226971278988044846e-03
-4.222205208217203604e-03
-4.217430517855266792e-03
-4.212647183444975275e-03
-4.207855180417876748e-03
-4.203054484093591940e-03
-4.198245069679642019e-03
-4.193426912270745155e-03
-4.188599986848573660e-03
-4.183764268281092193e-03
-4.178919731322312293e-03
-4.174066350611465789e-03
-4.169204100673116684e-03
-4.164332955916312876e-03
-4.159452890634217533e-03
-4.154563879003593009e-03
-4.149665895084701968e-03
-4.144758912820421803e-03
-4.139842906036227295e-03
-4.134917848439358806e-03
-4.129983713618723407e-03
-4.125040475044492415e-03
-4.120088106067317305e-03
-4.115126579918314091e-03
-4.110155869708591488e-03
-4.105175948428597781e-03
-4.100186788948047105e-03
-4.095188364015360863e-03
-4.090180646257336392e-03
-4.085163608178724558e-03
-4.080137222161993836e-03
-4.075101460466875811e-03
-4.070056295229941903e-03
-4.065001698464217397e-03
-4.059937642059450319e-03
-4.054864097780707180e-03
-4.049781037269152735e-03
-4.044688432040786236e-03
-4.039586253486879448e-03
-4.034474472873274091e-03
-4.029353061340378364e-03
-4.024221989902559797e-03
-4.019081229448076727e-03
-4.013930750738875335e-03
-4.008770524410225355e-03
-4.003600520970646351e-03
-3.998420710801459284e-03
-3.993231064156956521e-03
-3.988031551163741771e-03
-3.982822141820918302e-03
-3.977602805999871233e-03
-3.972373513444011663e-03
-3.967134233768595392e-03
-3.961884936461013487e-03
-3.956625590880042884e-03
-3.951356166256345115e-03
-3.946076631692196565e-03
-3.940786956161368773e-03
-3.935487108509109350e-03
-3.930177057452365758e-03
-3.924856771579473061e-03
-3.919526219350585872e-03
-3.914185369097224719e-03
-3.908834189022845039e-03
-3.903472647202695794e-03
-3.898100711583944809e-03
-3.892718349985931602e-03
-3.887325530100309203e-03
-3.881922219491217626e-03
-3.876508385595558385e-03
-3.871083995723219144e-03
-3.865649017057526914e-03
-3.860203416655123149e-03
-3.854747161447077443e-03
-3.849280218238418719e-03
-3.843802553709178664e-03
-3.838314134414807632e-03
-3.832814926786001601e-03
-3.827304897130128555e-03
-3.821784011631430139e-03
-3.816252236351226797e-03
-3.810709537229339371e-03
-3.805155880084138114e-03
-3.799591230613593058e-03
-3.794015554395882041e-03
-3.788428816890340896e-03
-3.782830983438414084e-03
-3.777222019264262712e-03
-3.771601889476176167e-03
-3.765970559067063472e-03
-3.760327992916132935e-03
-3.754674155789478052e-03
-3.749009012341666947e-03
-3.743332527116767592e-03
-3.737644664549791967e-03
-3.731945388968025291e-03
-3.726234664592472778e-03
-3.720512455539410918e-03
-3.714778725821896686e-03
-3.709033439351405118e-03
-3.703276559939785648e-03
-3.697508051300766110e-03
-3.691727877052086021e-03
-3.685936000717279434e-03
-3.680132385728057589e-03
-3.674316995425786891e-03
-3.668489793064593201e-03
-3.662650741812941736e-03
-3.656799804756574387e-03
-3.650936944900744045e-03
-3.645062125172983652e-03
-3.639175308425678362e-03
-3.633276457439164626e-03
-3.627365534924448069e-03
-3.621442503526412730e-03
-3.615507325826937488e-03
-3.609559964348293092e-03
-3.603600381556619839e-03
-3.597628539865331109e-03
-3.591644401638918477e-03
-3.585647929196954155e-03
-3.579639084817943812e-03
-3.573617830743486875e-03
-3.567584129182625047e-03
-3.561537942316315725e-03
-3.555479232302127032e-03
-3.549407961279078556e-03
-3.543324091372305161e-03
-3.537227584698666646e-03
-3.531118403371920692e-03
-3.524996509508270502e-03
-3.518861865232137537e-03
-3.512714432682095562e-03
-3.506554174017257469e-03
-3.500381051423381504e-03
-3.494195027119802784e-03
-3.487996063366093340e-03
-3.481784122469336676e-03
-3.475559166791376744e-03
-3.469321158756661500e-03
-3.463070060859899969e-03
-3.456805835674577141e-03
-3.450528445861066832e-03
-3.444237854175771080e-03
-3.437934023480020140e-03
-3.431616916749534105e-03
-3.425286497084261816e-03
-3.418942727718279201e-03
-3.412585572030495552e-03
-3.406214993555432662e-03
-3.399830955994099808e-03
-3.393433423226085641e-03
-3.387022359321205118e-03
-3.380597728552100101e-03
-3.374159495406990877e-03
-3.367707624603125029e-03
-3.361242081100403699e-03
-3.354762830115759834e-03
-3.348269837137846528e-03
-3.341763067942474328e-03
-3.335242488608203791e-03
-3.328708065532885643e-03
-3.322159765450531394e-03
-3.315597555448953314e-03
-3.309021402987846316e-03
-3.302431275917593664e-03
-3.295827142498799524e-03
-3.289208971422392241e-03
-3.282576731830497401e-03
-3.275930393337942326e-03
-3.269269926054989197e-03
-3.262595300609962348e-03
-3.255906488173714811e-03
-3.249203460484028066e-03
-3.242486189871738277e-03
-3.235754649287068963e-03
-3.229008812327350143e-03
-3.222248653265599640e-03
-3.215474147079965678e-03
-3.208685269484641816e-03
-3.201881996961289303e-03
-3.195064306792230573e-03
-3.188232177094341407e-03
-3.181385586854418909e-03
-3.174524515965874809e-03
-3.167648945266466134e-03
-3.160758856577696851e-03
-3.153854232745687512e-03
-3.146935057683064498e-03
-3.140001316413025025e-03
-3.133052995114654193e-03
-3.126090081169877449e-03
-3.119112563212273967e-03
-3.112120431177811675e-03
-3.105113676357085413e-03
-3.098092291450035320e-03
-3.091056270622064700e-03
-3.084005609562913072e-03
-3.076940305547281717e-03
-3.069860357497902585e-03
-3.062765766051072248e-03
-3.055656533624552008e-03
-3.048532664488030203e-03
-3.041394164836409928e-03
-3.034241042865873199e-03
-3.027073308852719358e-03
-3.019890975235363286e-03
-3.012694056699683799e-03
-3.005482570267315433e-03
-2.998256535387640830e-03
-2.991015974033354920e-03
-2.983760910799802563e-03
-2.976491373008034562e-03
-2.969207390812387843e-03
-2.961908997311866847e-03
-2.954596228666196093e-03
-2.947269124216651045e-03
-2.939927726611440018e-03
-2.932572081936575623e-03
-2.925202239851756088e-03
-2.917818253731791194e-03
-2.910420180814040324e-03
-2.903008082351817096e-03
-2.895582023774161302e-03
-2.888142074852140338e-03
-2.880688309872316347e-03
-2.873220807817406398e-03
-2.865739652554470922e-03
-2.858244933031274006e-03
-2.850736743480890550e-03
-2.843215183635018281e-03
-2.835680358946805583e-03
-2.828132380822848211e-03
-2.820571366865818556e-03
-2.812997441127159347e-03
-2.805410734371365303e-03
-2.797811384351877022e-03
-2.790199536098895896e-03
-2.782575342220607127e-03
-2.774938963217607035e-03
-2.767290567811659611e-03
-2.759630333289534755e-03
-2.751958445862404817e-03
-2.744275101042090072e-03
-2.736580504034395126e-03
-2.728874870151159950e-03
-2.721158425241395912e-03
-2.713431406143029453e-03
-2.705694061155905668e-03
-2.697946650537593090e-03
-2.690189447023042663e-03
-2.682422736369380247e-03
-2.674646817927617704e-03
-2.666862005241844163e-03
-2.659068626678841741e-03
-2.651267026088534665e-03
-2.643457563497835297e-03
-2.635640615839597491e-03
-2.627816577718539940e-03
-2.619985862216635784e-03
-2.612148901740040177e-03
-2.604306148910118419e-03
-2.596458077501329845e-03
-2.588605183428460688e-03
-2.580747985786792462e-03
-2.572887027947882987e-03
-2.565022878714670607e-03
-2.557156133539744032e-03
-2.549287415810535650e-03
-2.541417378205706144e-03
-2.533546704127626666e-03
-2.525676109215362584e-03
-2.517806342943949751e-03
-2.509938190315141003e-03
-2.502072473646354493e-03
-2.494210054463707592e-03
-2.486351835506809497e-03
-2.478498762852538936e-03
-2.470651828166312361e-03
-2.462812071089632432e-03
-2.454980581773544106e-03
-2.447158503568244887e-03
-2.439347035880383863e-03
-2.431547437210094132e-03
-2.423761028380641558e-03
-2.415989195975627550e-03
-2.408233395998569948e-03
-2.400495157772335447e-03
-2.392776088096227466e-03
-2.385077875681188356e-03
-2.377402295884518957e-03
-2.369751215767687373e-03
-2.362126599503612534e-03
-2.354530514161122176e-03
-2.346965135897680164e-03
-2.339432756594205052e-03
-2.331935790968952486e-03
-2.324476784210931235e-03
-2.317058420177699803e-03
-2.309683530206282833e-03
-2.302355102591116011e-03
-2.295076292788507475e-03
-2.287850434413125824e-03
-2.280681051098568200e-03
-2.273571869302164813e-03
-2.266526832142499483e-03
-2.259550114367555283e-03
-2.252646138562571648e-03
-2.245819592718484997e-03
-2.239075449295558316e-03
-2.232418985932571164e-03
-2.225855807968699432e-03
-2.219391872966158807e-03
-2.213033517442432752e-03
-2.206787486048314862e-03
-2.200660963455569781e-03
-2.194661609251849586e-03
-2.188797596178416668e-03
-2.183077652089400120e-03
-2.177511106061272642e-03
-2.172107939138675625e-03
-2.166878840268718440e-03
-2.161835268052597452e-03
-2.156989519031323344e-03
-2.152354803325911420e-03
-2.147945328571711568e-03
-2.143776393226116614e-03
-2.139864490493127019e-03
-2.136227424299261182e-03
-2.132884438982355062e-03
-2.129856364620765288e-03
-2.127165780247089466e-03
-2.124837197565880402e-03
-2.122897268242465892e-03
-2.121375018366285052e-03
-2.120302114334868086e-03
-2.119713165180857773e-03
-2.119646067302736071e-03
-2.120142398701084507e-03
-2.121247871214562014e-03
-2.123012850957147705e-03
-2.125492959261790320e-03
-2.128749769039784637e-03
-2.132851614706346433e-03
-2.137874537878891278e-03
-2.143903396159557804e-03
-2.151033168777800875e-03
-2.159370501106607030e-03
-2.169035540636088128e-03
-2.180164130645374787e-03
-2.192910445597602391e-03
-2.207450175622111162e-03
-2.223984398344971622e-03
-2.242744317600256932e-03
-2.263997104224097466e-03
-2.288053150004896487e-03
-2.315275150425709100e-03
-2.346089577671913763e-03
-2.381001311422966185e-03
-2.420612490146086416e-03
-2.465647074991233340e-03
-2.516983253322315796e-03
-2.575696764890771963e-03
-2.643119701755816849e-03
-2.720921637412196219e-03
-2.811223646241332863e-03
-2.916761896787170918e-03
-3.041127929547692531e-03
-3.189131110101679073e-03
-3.367362445294037367e-03
-3.585103593243219380e-03
-3.855855653174017090e-03
-4.200043947748812248e-03
-4.650109378422172431e-03
-5.260866700583597538e-03
-6.132810643199794465e-03
-7.472221165476442689e-03
-9.780065693120128245e-03
-1.467057547715040766e-02
-3.182914464789094594e-02
1.227667423378654005e-01
1.973122051156711229e-02
1.038000014131269279e-02
6.884155475732295013e-03
5.061358128834678345e-03
3.946456563199522705e-03
3.196978654229158320e-03
2.660715451404698905e-03
2.259707065957692988e-03
1.949889936612616897e-03
1.704480998267982354e-03
1.506263189292499083e-03
1.343664972014706194e-03
1.208621889725015885e-03
1.095341691498415279e-03
9.995569080898957827e-04
9.180542519072654086e-04
8.483681801107924433e-04
7.885754811861224326e-04
7.371540535267272773e-04
6.928836312805483838e-04
6.547746069597397411e-04
6.220160914843350566e-04
5.939374072716521692e-04
5.699791287906463052e-04
5.496710185176087275e-04
5.326150160210931525e-04
5.184719797487386851e-04
5.069512500047867890e-04
4.978023568160755896e-04
4.908083755377774370e-04
4.857805605240963229e-04
4.825539790350747305e-04
4.809839344971413846e-04
4.809430175650381348e-04
4.823186601496108920e-04
4.850110951644824499e-04
4.889316456582609716e-04
4.940012829857958095e-04
5.001494059877554296e-04
5.073128027070620584e-04
5.154347636411962287e-04
5.244643214069982231e-04
5.343555963477896473e-04
5.450672313179606536e-04
5.565619018482459435e-04
5.688058902846656771e-04
5.817687144277562976e-04
5.954228027723359844e-04
6.097432097326488300e-04
6.247073652931841095e-04
6.402948543945601121e-04
6.564872220836602502e-04
6.732678010551271415e-04
6.906215587099849475e-04
7.085349612744356240e-04
7.269958528729607598e-04
7.459933477444366783e-04
7.655177340411485664e-04
7.855603878611814661e-04
8.061136963459258117e-04
8.271709888278277892e-04
8.487264751451406315e-04
8.707751903539297320e-04
8.933129451637758598e-04
9.163362815086258887e-04
9.398424327359945849e-04
9.638292879608437863e-04
9.882953601851910633e-04
1.013239757832098270e-03
1.038662159384501132e-03
1.064562790855417412e-03
1.090942405848621764e-03
1.117802267996667381e-03
1.145144135588225176e-03
1.172970248218893315e-03
1.201283315318642329e-03
1.230086506427401126e-03
1.259383443104864636e-03
1.289178192375332009e-03
1.319475261620560360e-03
1.350279594844838119e-03
1.381596570247394353e-03
1.413431999045575800e-03
1.445792125502086585e-03
1.478683628116117445e-03
1.512113621946748702e-03
1.546089662042722784e-03
1.580619747960131669e-03
1.615712329354472565e-03
1.651376312640243527e-03
1.687621068716081262e-03
1.724456441758960437e-03
1.761892759096533173e-03
1.799940842170892792e-03
1.838612018613004469e-03
1.877918135451537478e-03
1.917871573485090391e-03
1.958485262851638285e-03
1.999772699834973314e-03
2.041747964952465594e-03
2.084425742374769724e-03
2.127821340733043135e-03
2.171950715376839980e-03
2.216830492150218511e-03
2.262477992762267076e-03
2.308911261834107644e-03
2.356149095712889528e-03
2.404211073150905320e-03
2.453117587956858432e-03
2.502889883736122804e-03
2.553550090846019860e-03
2.605121265704097785e-03
2.657627432598324430e-03
2.711093628161109857e-03
2.765545948683430753e-03
2.821011600459559683e-03
2.877518953369876883e-03
2.935097597926490665e-03
2.993778406027028296e-03
3.053593595681717773e-03
3.114576800003042954e-03
3.176763140773426752e-03
3.240189306932116965e-03
3.304893638356704022e-03
3.370916215344584022e-03
3.438298954240180151e-03
3.507085709692679253e-03
3.577322384075697428e-03
3.649057044648890309e-03
3.722340049098462906e-03
3.797224180153425249e-03
3.873764790043436948e-03
3.952019955639015161e-03
4.032050645198351907e-03
4.113920897740317925e-03
4.197698016164583268e-03
4.283452775358468495e-03
4.371259646658250987e-03
4.461197040180211668e-03
4.553347566696980264e-03
4.647798320920526124e-03
4.744641188257230080e-03
4.843973177333083663e-03
4.945896780848569804e-03
5.050520367617644842e-03
5.157958608980486512e-03
5.268332943158269069e-03
5.381772081549232589e-03
5.498412561454994740e-03
5.618399350284588277e-03
5.741886506922954866e-03
5.869037906678980718e-03
6.000028037068106529e-03
6.135042872645418872e-03
6.274280838215497147e-03
6.417953871025347014e-03
6.566288594027977835e-03
6.719527614024393275e-03
6.877930960489152604e-03
7.041777683217309916e-03
7.211367629653327518e-03
7.387023425958845826e-03
7.569092689629863986e-03
7.757950505905854104e-03
7.954002205446883411e-03
8.157686486975066972e-03
8.369478935977003875e-03
8.589895999403521915e-03
8.819499486908475086e-03
9.058901681926644772e-03
9.308771161309535580e-03
9.569839440944381825e-03
9.842908587568349049e-03
1.012885996488623735e-02
1.042866431638954025e-02
1.074339342965070949e-02
1.107423367948044690e-02
1.142250181304548667e-02
1.178966342253458949e-02
1.217735465516556724e-02
1.258740784277263304e-02
1.302188190267284176e-02
1.348309857984769829e-02
1.397368588387206539e-02
1.449663044475085413e-02
1.505534100086587147e-02
1.565372588306716828e-02
1.629628823331980003e-02
1.698824388293404195e-02
1.773566844329276665e-02
1.854568242130144248e-02
1.942668634694716401e-02
2.038866242330608300e-02
2.144356574726032430e-02
2.260583775140434515e-02
2.389308886763119588e-02
2.532701927072546211e-02
2.693468055982036272e-02
2.875023536369222810e-02
3.081746028565128179e-02
3.319338631734131823e-02
3.595372925300985290e-02
3.920122864542539831e-02
4.307889095846204747e-02
4.779186754455308495e-02
5.364533682266808823e-02
6.111394595056218737e-02
7.097843215483071178e-02
8.461982305816238836e-02
1.047337225927646165e-01
1.373830456178863624e-01
1.996440332796600159e-01
3.654187284269481140e-01
2.172013357104354725e+00
-5.490619097192140918e-01
-2.432929251136506377e-01
-1.560430076710362657e-01
-1.147043891219974576e-01
-9.056893633249574194e-02
-7.473393566050687276e-02
-6.353498736863227858e-02
-5.518723835566598235e-02
-4.871720243436013231e-02
-4.354869993629770925e-02
-3.931887158835488394e-02
-3.578775845767554614e-02
-3.279027065546755160e-02
-3.020903971772586488e-02
-2.795827542832292345e-02
-2.597375051708307805e-02
-2.420635898404640413e-02
-2.261784174534983358e-02
-2.117787158806531608e-02
-1.986201567617062319e-02
-1.865027884713621117e-02
-1.752603945454957179e-02
-1.647525505754306174e-02
-1.548585583843833935e-02
-1.454726924250053337e-02
-1.365003567954164304e-02
-1.278548551903440494e-02
-1.194545397677304263e-02
-1.112201391017218939e-02
-1.030720751204762704e-02
-9.492756452063374345e-03
-8.669725704220605095e-03
-7.828108002092781098e-03
-6.956281408086118639e-03
-6.040267817884907575e-03
-5.062677738804997885e-03
-4.001151691253798659e-03
-2.825971591840059638e-03
-1.496254377517020062e-03
4.638344604272065519e-05
1.888917243012905312e-03
4.167546369455897570e-03
7.109070183599186521e-03
1.112226943642682930e-02
1.702762415287843722e-02
2.675219450005078548e-02
4.614848046211966759e-02
1.053773880727875700e-01
-3.020370074940887051e+00
-1.176721204484726946e-01
-6.467901864074418472e-02
-4.646973941769186323e-02
-3.720049972384056880e-02
-3.155013804689230095e-02
-2.772294717986490548e-02
-2.494377162373298540e-02
-2.282311675319820266e-02
-2.114378146517662330e-02
-1.977503758370330322e-02
-1.863346256613744589e-02
-1.766329495935049440e-02
-1.682583030407834232e-02
-1.609334924917502074e-02
-1.544546809892532145e-02
-1.486685446222919642e-02
-1.434574715376668412e-02
-1.387296824848548681e-02
-1.344124634226354954e-02
-1.304474231442255723e-02
-1.267871022419303668e-02
-1.233925042796343505e-02
-1.202312690520083473e-02
-1.172763010285976341e-02
-1.145047257922170506e-02
-1.118970863534390729e-02
-1.094367172899612765e-02
-1.071092523597224136e-02
-1.049022334512316607e-02
-1.028047972897855669e-02
-1.008074223931180319e-02
-9.890172313865165654e-03
-9.708028098337474071e-03
-9.533650521592634819e-03
-9.366451735855835931e-03
-9.205905464083261741e-03
-9.051538895437952550e-03
-8.902925845197716404e-03
-8.759680953448964469e-03
-8.621454741908757269e-03
-8.487929383355526103e-03
-8.358815065766295530e-03
-8.233846855111887075e-03
-8.112781978150459400e-03
-7.995397460484459165e-03
-7.881488066347731858e-03
-7.770864495656799181e-03
-7.663351801229139129e-03
-7.558787995090411951e-03
-7.457022817739442783e-03
-7.357916648301398611e-03
-7.261339536879678203e-03
-7.167170343209967008e-03
-7.075295968057278978e-03
-6.985610665752986330e-03
-6.898015427909698523e-03
-6.812417429734810535e-03
-6.728729531538796618e-03
-6.646869829021448406e-03
-6.566761246771388866e-03
-6.488331170126612410e-03
-6.411511111172096648e-03
-6.336236405170343755e-03
-6.262445934181199575e-03
-6.190081875023784388e-03
-6.119089469064194903e-03
-6.049416811618895523e-03
-5.981014659010720769e-03
-5.913836251541456507e-03
-5.847837150842555287e-03
-5.782975090227144427e-03
-5.719209836828761939e-03
-5.656503064427532111e-03
-5.594818235996753056e-03
-5.534120495090466899e-03
-5.474376565290453751e-03
-5.415554657007767142e-03
-5.357624381005741780e-03
-5.300556668072105987e-03
-5.244323694325387503e-03
-5.188898811688758689e-03
-5.134256483110301132e-03
-5.080372222146084180e-03
-5.027222536560121448e-03
-4.974784875625835184e-03
-4.923037580840848408e-03
-4.871959839794995188e-03
-4.821531642951967268e-03
-4.771733743129432347e-03
-4.722547617473898084e-03
-4.673955431754087814e-03
-4.625940006800575120e-03
-4.578484786942488456e-03
-4.531573810298636894e-03
-4.485191680795310235e-03
-4.439323541790265656e-03
-4.393955051195964738e-03
-4.349072357998615829e-03
-4.304662080082750225e-03
-4.260711283272143081e-03
-4.217207461512138995e-03
-4.174138518114991862e-03
-4.131492748004641363e-03
-4.089258820895464580e-03
-4.047425765346685661e-03
-4.005982953639916112e-03
-3.964920087428265398e-03
-3.924227184109401086e-03
-3.883894563881490260e-03
-3.843912837439565286e-03
-3.804272894274987864e-03
-3.764965891543160803e-03
-3.725983243467530411e-03
-3.687316611246028129e-03
-3.648957893436682691e-03
-3.610899216789648179e-03
-3.573132927506200013e-03
-3.535651582896710832e-03
-3.498447943418988779e-03
-3.461514965075002288e-03
-3.424845792145766229e-03
-3.388433750249387078e-03
-3.352272339701682907e-03
-3.316355229166715549e-03
-3.280676249578642206e-03
-3.245229388325332476e-03
-3.210008783676056212e-03
-3.175008719444346976e-03
-3.140223619871671066e-03
-3.105648044722348570e-03
-3.071276684578928655e-03
-3.037104356328148517e-03
-3.003125998828453259e-03
-2.969336668749180536e-03
-2.935731536574563878e-03
-2.902305882765605829e-03
-2.869055094067730731e-03
-2.835974659963937886e-03
-2.803060169260740420e-03
-2.770307306805527229e-03
-2.737711850325278817e-03
-2.705269667384184538e-03
-2.672976712453034587e-03
-2.640829024085337377e-03
-2.608822722197981763e-03
-2.576954005446266491e-03
-2.545219148696117525e-03
-2.513614500584094961e-03
-2.482136481161669340e-03
-2.450781579624714945e-03
-2.419546352118168674e-03
-2.388427419616664590e-03
-2.357421465878482229e-03
-2.326525235465828120e-03
-2.295735531832413315e-03
-2.265049215474143618e-03
-2.234463202139336854e-03
-2.203974461097960198e-03
-2.173580013466029550e-03
-2.143276930582882836e-03
-2.113062332439901748e-03
-2.082933386159186145e-03
-2.052887304516594000e-03
-2.022921344514231820e-03
-1.993032805990978436e-03
-1.963219030279388360e-03
-1.933477398899684403e-03
-1.903805332293250809e-03
-1.874200288592416802e-03
-1.844659762426038982e-03
-1.815181283758124983e-03
-1.785762416761378212e-03
-1.756400758719198988e-03
-1.727093938959277375e-03
-1.697839617817726698e-03
-1.668635485627074921e-03
-1.639479261734944592e-03
-1.610368693545927762e-03
-1.581301555590523041e-03
-1.552275648614039310e-03
-1.523288798692777309e-03
-1.494338856369276493e-03
-1.465423695808910909e-03
-1.436541213978214000e-03
-1.407689329841051553e-03
-1.378865983573924949e-03
-1.350069135800721545e-03
-1.321296766841692375e-03
-1.292546875982166898e-03
-1.263817480755516972e-03
-1.235106616241539923e-03
-1.206412334379481375e-03
-1.177732703295924447e-03
-1.149065806645292558e-03
-1.120409742963197203e-03
-1.091762625034103061e-03
-1.063122579267475462e-03
-1.034487745088382218e-03
-1.005856274338179628e-03
-9.772263306847520266e-04
-9.485960890431630434e-04
-9.199637350065275254e-04
-8.913274642854903968e-04
-8.626854821559741884e-04
-8.340360029157997852e-04
-8.053772493489404997e-04
-7.767074521977530540e-04
-7.480248496410467742e-04
-7.193276867805354019e-04
-6.906142151323518049e-04
-6.618826921256643200e-04
-6.331313806064146508e-04
-6.043585483458691890e-04
-5.755624675556378182e-04
-5.467414144063280487e-04
-5.178936685510603880e-04
-4.890175126523221881e-04
-4.601112319147836281e-04
-4.311731136182726408e-04
-4.022014466563687178e-04
-3.731945210786491744e-04
-3.441506276324202010e-04
-3.150680573100151857e-04
-2.859451008959294294e-04
-2.567800485174875176e-04
-2.275711891963735000e-04
-1.983168103996880332e-04
-1.690151975964855136e-04
-1.396646338103402132e-04
-1.102633991745409535e-04
-8.080977048824670907e-05
-5.130202077136176726e-05
-2.173841881928566342e-05
7.882771241924562203e-06
3.756329040275317461e-05
6.730488521581473073e-05
9.710930824683794774e-05
1.269783185221408221e-04
1.569136819819278057e-04
1.869171719340954191e-04
2.169905695097837546e-04
2.471356641229583394e-04
2.773542539308968729e-04
3.076481462994958937e-04
3.380191582708912969e-04
3.684691170348675408e-04
3.989998604044444480e-04
4.296132372952523714e-04
4.603111082094297297e-04
4.910953457236949928e-04
5.219678349838347041e-04
5.529304742027902958e-04
5.839851751644353382e-04
6.151338637349206299e-04
6.463784803775189831e-04
6.777209806769960267e-04
7.091633358667598190e-04
7.407075333659970473e-04
7.723555773255515828e-04
8.041094891756053048e-04
8.359713081875716229e-04
8.679430920414107692e-04
9.000269174021624345e-04
9.322248805040821325e-04
9.645390977477906989e-04
9.969717063034826392e-04
1.029524864725719175e-03
1.062200753579764251e-03
1.095001576077023718e-03
1.127929558723113519e-03
1.160986951977506726e-03
1.194176030924697400e-03
1.227499095959199739e-03
1.260958473482798065e-03
1.294556516614433616e-03
1.328295605916775257e-03
1.362178150135828596e-03
1.396206586953542507e-03
1.430383383760375389e-03
1.464711038440324759e-03
1.499192080174388932e-03
1.533829070260521801e-03
1.568624602951900881e-03
1.603581306313313012e-03
1.638701843096180329e-03
1.673988911635888041e-03
1.709445246764026288e-03
1.745073620749070182e-03
1.780876844251700914e-03
1.816857767307492348e-03
1.853019280330595996e-03
1.889364315143253871e-03
1.925895846027619656e-03
1.962616890806242499e-03
1.999530511946285942e-03
2.036639817694102343e-03
2.073947963236370470e-03
2.111458151890926137e-03
2.149173636327675763e-03
2.187097719823743406e-03
2.225233757545675133e-03
2.263585157871356428e-03
2.302155383742702285e-03
2.340947954054980757e-03
2.379966445085545963e-03
2.419214491957877473e-03
2.458695790147832471e-03
2.498414097030986995e-03
2.538373233470951791e-03
2.578577085454308426e-03
2.619029605768995878e-03
2.659734815731598992e-03
2.700696806963834989e-03
2.741919743217996041e-03
2.783407862257628474e-03
2.825165477789563263e-03
2.867196981456224258e-03
2.909506844882439255e-03
2.952099621787124522e-03
2.994979950153166693e-03
3.038152554465744712e-03
3.081622248017672379e-03
3.125393935284396553e-03
3.169472614370219630e-03
3.213863379533435892e-03
3.258571423785033144e-03
3.303602041573468727e-03
3.348960631549740240e-03
3.394652699420333021e-03
3.440683860893723432e-03
3.487059844718772613e-03
3.533786495821251376e-03
3.580869778540544945e-03
3.628315779977894350e-03
3.676130713445757876e-03
3.724320922039114478e-03
3.772892882320250194e-03
3.821853208130084403e-03
3.871208654526084054e-03
3.920966121855370967e-03
3.971132659963584263e-03
4.021715472552491420e-03
4.072721921685987581e-03
4.124159532453566986e-03
4.176035997794791052e-03
4.228359183498755364e-03
4.281137133376760120e-03
4.334378074620666259e-03
4.388090423355889280e-03
4.442282790391061283e-03
4.496963987185247265e-03
4.552143032023716826e-03
4.607829156429322538e-03
4.664031811810530163e-03
4.720760676357291415e-03
4.778025662195720114e-03
4.835836922819808023e-03
4.894204860798341550e-03
4.953140135786574666e-03
5.012653672843855011e-03
5.072756671075874871e-03
5.133460612620064333e-03
5.194777271979926676e-03
5.256718725737640624e-03
5.319297362653932666e-03
5.382525894175430731e-03
5.446417365370151940e-03
5.510985166313320249e-03
5.576243043940371999e-03
5.642205114395965754e-03
5.708885875899004717e-03
5.776300222151945982e-03
5.844463456319558790e-03
5.913391305609225906e-03
5.983099936478042218e-03
6.053605970505021062e-03
6.124926500956182941e-03
6.197079110086456746e-03
6.270081887208582908e-03
6.343953447574093504e-03
6.418712952112061096e-03
6.494380128062960528e-03
6.570975290568784044e-03
6.648519365256649882e-03
6.727033911884348731e-03
6.806541149097654515e-03
6.887063980362928550e-03
6.968626021147470394e-03
7.051251627408814705e-03
7.134965925475158371e-03
7.219794843394034163e-03
7.305765143837060840e-03
7.392904458648336813e-03
7.481241325139229362e-03
7.570805224228248712e-03
7.661626620544164171e-03
7.753737004603732455e-03
7.847168937198473193e-03
7.941956096123753070e-03
8.038133325401064858e-03
8.135736687139445353e-03
8.234803516223796957e-03
8.335372477991955659e-03
8.437483629107357316e-03
8.541178481833923419e-03
8.646500071935672369e-03
8.753493030448240494e-03
8.862203659579277401e-03
8.972680013024602469e-03
9.084971981000167229e-03
9.199131380318678608e-03
9.315212049872295327e-03
9.433269951896808975e-03
9.553363279436993122e-03
9.675552570466915484e-03
9.799900829149353620e-03
9.926473654765453555e-03
1.005533937888972509e-02
1.018656921144062838e-02
1.032023739628316027e-02
1.045642137712339374e-02
1.059520197451219517e-02
1.073666357483075810e-02
1.088089433222839270e-02
1.102798638456010775e-02
1.117803608448437493e-02
1.133114424697527316e-02
1.148741641464417346e-02
1.164696314238367753e-02
1.180990030300991395e-02
1.197634941574567818e-02
1.214643799956572311e-02
1.232029995364439245e-02
1.249807596737999640e-02
1.267991396271444041e-02
1.286596957179187393e-02
1.305640665329290892e-02
1.325139785118169961e-02
1.345112519999750594e-02
1.365578078131456444e-02
1.386556743649456150e-02
1.408069954149870906e-02
1.430140385016186698e-02
1.452792041314903033e-02
1.476050358065935340e-02
1.499942309797020444e-02
1.524496530405394096e-02
1.549743444480643391e-02
1.575715411394324264e-02
1.602446883634134345e-02
1.629974581060257208e-02
1.658337682991147324e-02
1.687578040293418249e-02
1.717740409957787748e-02
1.748872715004130135e-02
1.781026332976795579e-02
1.814256416780584899e-02
1.848622252184380782e-02
1.884187656991039017e-02
1.921021427672670728e-02
1.959197840208975680e-02
1.998797212986620428e-02
2.039906540947115932e-02
2.082620211763124701e-02
2.127040816729080380e-02
2.173280071349163040e-02
2.221459863380300520e-02
