-6.026511322250172747e-03
-6.024668443043282133e-03
-6.022822361681771063e-03
-6.020973075175211318e-03
-6.019120580524115090e-03
-6.017264874719677366e-03
-6.015405954744271200e-03
-6.013543817570754686e-03
-6.011678460163670523e-03
-6.009809879477119240e-03
-6.007938072457077658e-03
-6.006063036039526251e-03
-6.004184767151451822e-03
-6.002303262710450248e-03
-6.000418519624775050e-03
-5.998530534793138774e-03
-5.996639305105157941e-03
-5.994744827440562016e-03
-5.992847098669695609e-03
-5.990946115653411792e-03
-5.989041875243334909e-03
-5.987134374280976730e-03
-5.985223609598235191e-03
-5.983309578017555717e-03
-5.981392276351893932e-03
-5.979471701403737266e-03
-5.977547849966593357e-03
-5.975620718823558032e-03
-5.973690304748319711e-03
-5.971756604504295518e-03
-5.969819614845143022e-03
-5.967879332514862585e-03
-5.965935754246993322e-03
-5.963988876765060655e-03
-5.962038696783044690e-03
-5.960085211004260454e-03
-5.958128416122089079e-03
-5.956168308819904077e-03
-5.954204885770430361e-03
-5.952238143636717424e-03
-5.950268079071057738e-03
-5.948294688715681511e-03
-5.946317969202163413e-03
-5.944337917152010646e-03
-5.942354529176268295e-03
-5.940367801875059625e-03
-5.938377731838615642e-03
-5.936384315645983588e-03
-5.934387549866138901e-03
-5.932387431057394543e-03
-5.930383955766685422e-03
-5.928377120531305722e-03
-5.926366921876777792e-03
-5.924353356318567791e-03
-5.922336420360877450e-03
-5.920316110497375259e-03
-5.918292423210157367e-03
-5.916265354971302765e-03
-5.914234902241083912e-03
-5.912201061469130742e-03
-5.910163829094038611e-03
-5.908123201542736860e-03
-5.906079175231957260e-03
-5.904031746566106367e-03
-5.901980911939272607e-03
-5.899926667733555730e-03
-5.897869010320076419e-03
-5.895807936058638891e-03
-5.893743441297359664e-03
-5.891675522372811537e-03
-5.889604175610674112e-03
-5.887529397324441430e-03
-5.885451183816000492e-03
-5.883369531375868058e-03
-5.881284436283005894e-03
-5.879195894804218822e-03
-5.877103903194826930e-03
-5.875008457697893614e-03
-5.872909554545375707e-03
-5.870807189956655896e-03
-5.868701360139245288e-03
-5.866592061288729634e-03
-5.864479289588749381e-03
-5.862363041210539097e-03
-5.860243312313669073e-03
-5.858120099044850093e-03
-5.855993397539048864e-03
-5.853863203918636265e-03
-5.851729514293869602e-03
-5.849592324762280249e-03
-5.847451631409320699e-03
-5.845307430307923949e-03
-5.843159717517867717e-03
-5.841008489087083297e-03
-5.838853741050554873e-03
-5.836695469430349878e-03
-5.834533670236184515e-03
-5.832368339464700374e-03
-5.830199473099892914e-03
-5.828027067112510375e-03
-5.825851117460706038e-03
-5.823671620089425002e-03
-5.821488570930461424e-03
-5.819301965902914757e-03
-5.817111800912233045e-03
-5.814918071850840031e-03
-5.812720774597959945e-03
-5.810519905019349493e-03
-5.808315458967578011e-03
-5.806107432281316233e-03
-5.803895820786342426e-03
-5.801680620294666357e-03
-5.799461826604463376e-03
-5.797239435500286912e-03
-5.795013442753294865e-03
-5.792783844120729178e-03
-5.790550635345866407e-03
-5.788313812158290932e-03
-5.786073370273371944e-03
-5.783829305392606049e-03
-5.781581613203591249e-03
-5.779330289379551629e-03
-5.777075329579856033e-03
-5.774816729449245255e-03
-5.772554484618472141e-03
-5.770288590703696180e-03
-5.768019043306797482e-03
-5.765745838015192901e-03
-5.763468970401805676e-03
-5.761188436024736702e-03
-5.758904230427544686e-03
-5.756616349139190639e-03
-5.754324787673727355e-03
-5.752029541530289877e-03
-5.749730606193286311e-03
-5.747427977131938127e-03
-5.745121649800712105e-03
-5.742811619638583942e-03
-5.740497882069592502e-03
-5.738180432502842411e-03
-5.735859266331411188e-03
-5.733534378933650283e-03
-5.731205765672202357e-03
-5.728873421894412413e-03
-5.726537342931489923e-03
-5.724197524099951251e-03
-5.721853960699744418e-03
-5.719506648015672441e-03
-5.717155581316233671e-03
-5.714800755854333031e-03
-5.712442166866778075e-03
-5.710079809574363126e-03
-5.707713679181631618e-03
-5.705343770877432941e-03
-5.702970079833554612e-03
-5.700592601206199393e-03
-5.698211330134854251e-03
-5.695826261742319846e-03
-5.693437391135479884e-03
-5.691044713404026095e-03
-5.688648223621015944e-03
-5.686247916843107687e-03
-5.683843788109841332e-03
-5.681435832443778276e-03
-5.679024044850817035e-03
-5.676608420319409140e-03
-5.674188953821153285e-03
-5.671765640310254958e-03
-5.669338474723746753e-03
-5.666907451981153566e-03
-5.664472566984622703e-03
-5.662033814619062654e-03
-5.659591189751240169e-03
-5.657144687230445529e-03
-5.654694301888406674e-03
-5.652240028538787868e-03
-5.649781861977429959e-03
-5.647319796982016443e-03
-5.644853828312338014e-03
-5.642383950709841528e-03
-5.639910158897774861e-03
-5.637432447581169556e-03
-5.634950811446353368e-03
-5.632465245161275523e-03
-5.629975743375532742e-03
-5.627482300719620703e-03
-5.624984911805684315e-03
-5.622483571226584431e-03
-5.619978273556628171e-03
-5.617469013350731045e-03
-5.614955785144901818e-03
-5.612438583456129740e-03
-5.609917402781559696e-03
-5.607392237599555587e-03
-5.604863082368829498e-03
-5.602329931528086081e-03
-5.599792779496865630e-03
-5.597251620674921317e-03
-5.594706449441752549e-03
-5.592157260157422025e-03
-5.589604047161646737e-03
-5.587046804774053847e-03
-5.584485527294221451e-03
-5.581920209001119994e-03
-5.579350844153732440e-03
-5.576777426989956189e-03
-5.574199951727473040e-03
-5.571618412563152448e-03
-5.569032803673105297e-03
-5.566443119212408086e-03
-5.563849353315176646e-03
-5.561251500094390940e-03
-5.558649553642070265e-03
-5.556043508028446661e-03
-5.553433357302701295e-03
-5.550819095492425838e-03
-5.548200716603353573e-03
-5.545578214619859871e-03
-5.542951583504159875e-03
-5.540320817196675400e-03
-5.537685909615748699e-03
-5.535046854657611239e-03
-5.532403646196059309e-03
-5.529756278082673462e-03
-5.527104744146339732e-03
-5.524449038193681577e-03
-5.521789154008385943e-03
-5.519125085351237955e-03
-5.516456825960257097e-03
-5.513784369550172454e-03
-5.511107709813088847e-03
-5.508426840417176250e-03
-5.505741755007459957e-03
-5.503052447205480577e-03
-5.500358910609287090e-03
-5.497661138792951131e-03
-5.494959125306487190e-03
-5.492252863676660990e-03
-5.489542347405140278e-03
-5.486827569970189646e-03
-5.484108524825188208e-03
-5.481385205399372934e-03
-5.478657605097085777e-03
-5.475925717298095463e-03
-5.473189535357357235e-03
-5.470449052604728357e-03
-5.467704262345030562e-03
-5.464955157857749081e-03
-5.462201732397171418e-03
-5.459443979191899894e-03
-5.456681891445078030e-03
-5.453915462333696652e-03
-5.451144685009575754e-03
-5.448369552597724305e-03
-5.445590058197350737e-03
-5.442806194881653903e-03
-5.440017955696711122e-03
-5.437225333662445287e-03
-5.434428321772151287e-03
-5.431626912991988597e-03
-5.428821100261261440e-03
-5.426010876492099594e-03
-5.423196234569357781e-03
-5.420377167350634746e-03
-5.417553667665502178e-03
-5.414725728316368593e-03
-5.411893342077396876e-03
-5.409056501694772291e-03
-5.406215199886730237e-03
-5.403369429343128638e-03
-5.400519182725027276e-03
-5.397664452665282796e-03
-5.394805231767833137e-03
-5.391941512607703602e-03
-5.389073287730828180e-03
-5.386200549653917709e-03
-5.383323290864259515e-03
-5.380441503819653228e-03
-5.377555180947941535e-03
-5.374664314647549686e-03
-5.371768897286377867e-03
-5.368868921202513307e-03
-5.365964378703463530e-03
-5.363055262066153753e-03
-5.360141563537033568e-03
-5.357223275331504490e-03
-5.354300389634120312e-03
-5.351372898597724949e-03
-5.348440794344521895e-03
-5.345504068964688181e-03
-5.342562714516523557e-03
-5.339616723026963975e-03
-5.336666086490428861e-03
-5.333710796869155051e-03
-5.330750846093061483e-03
-5.327786226059324191e-03
-5.324816928632368496e-03
-5.321842945643544612e-03
-5.318864268891126783e-03
-5.315880890140138072e-03
-5.312892801121623515e-03
-5.309899993533343139e-03
-5.306902459038856032e-03
-5.303900189267797896e-03
-5.300893175815120373e-03
-5.297881410241734625e-03
-5.294864884073464430e-03
-5.291843588801332411e-03
-5.288817515881430800e-03
-5.285786656734153821e-03
-5.282751002744743261e-03
-5.279710545262456672e-03
-5.276665275600861404e-03
-5.273615185037238730e-03
-5.270560264812417309e-03
-5.267500506130890284e-03
-5.264435900160145676e-03
-5.261366438031076648e-03
-5.258292110836793216e-03
-5.255212909633572883e-03
-5.252128825439614235e-03
-5.249039849235409907e-03
-5.245945971963418726e-03
-5.242847184527793351e-03
-5.239743477793935324e-03
-5.236634842588769150e-03
-5.233521269700085708e-03
-5.230402749876356637e-03
-5.227279273826736065e-03
-5.224150832220690252e-03
-5.221017415687592526e-03
-5.217879014816841250e-03
-5.214735620157067049e-03
-5.211587222216868334e-03
-5.208433811463143367e-03
-5.205275378322320179e-03
-5.202111913178842154e-03
-5.198943406376115191e-03
-5.195769848215153752e-03
-5.192591228955039696e-03
-5.189407538812194562e-03
-5.186218767960631103e-03
-5.183024906531458025e-03
-5.179825944612083746e-03
-5.176621872247159223e-03
-5.173412679436932560e-03
-5.170198356137992342e-03
-5.166978892262573744e-03
-5.163754277678385927e-03
-5.160524502208214785e-03
-5.157289555629718247e-03
-5.154049427675414137e-03
-5.150804108031654949e-03
-5.147553586339279237e-03
-5.144297852192587263e-03
-5.141036895139398238e-03
-5.137770704680748486e-03
-5.134499270270428267e-03
-5.131222581314860351e-03
-5.127940627172808581e-03
-5.124653397154778529e-03
-5.121360880523015760e-03
-5.118063066491166692e-03
-5.114759944223816295e-03
-5.111451502836315483e-03
-5.108137731394322284e-03
-5.104818618913672598e-03
-5.101494154359916162e-03
-5.098164326647940982e-03
-5.094829124641983738e-03
-5.091488537154744212e-03
-5.088142552947469421e-03
-5.084791160729445342e-03
-5.081434349158075840e-03
-5.078072106837487956e-03
-5.074704422319516357e-03
-5.071331284102385817e-03
-5.067952680630830042e-03
-5.064568600295529625e-03
-5.061179031432662748e-03
-5.057783962323892171e-03
-5.054383381195994875e-03
-5.050977276219857648e-03
-5.047565635510760720e-03
-5.044148447127909385e-03
-5.040725699073815569e-03
-5.037297379294172935e-03
-5.033863475677116152e-03
-5.030423976053319778e-03
-5.026978868195097067e-03
-5.023528139816737376e-03
-5.020071778572795726e-03
-5.016609772059372162e-03
-5.013142107812471569e-03
-5.009668773307985462e-03
-5.006189755961148145e-03
-5.002705043126779577e-03
-4.999214622097613962e-03
-4.995718480105042214e-03
-4.992216604318235051e-03
-4.988708981843603500e-03
-4.985195599724379090e-03
-4.981676444940462065e-03
-4.978151504407789078e-03
-4.974620764977485780e-03
-4.971084213436343865e-03
-4.967541836505533909e-03
-4.963993620840454445e-03
-4.960439553030324307e-03
-4.956879619597590221e-03
-4.953313806997383835e-03
-4.949742101617453198e-03
-4.946164489777035191e-03
-4.942580957727130478e-03
-4.938991491649204202e-03
-4.935396077655153022e-03
-4.931794701787001536e-03
-4.928187350015978546e-03
-4.924574008242052145e-03
-4.920954662293548949e-03
-4.917329297926657100e-03
-4.913697900824971765e-03
-4.910060456598634715e-03
-4.906416950784065444e-03
-4.902767368843389574e-03
-4.899111696163725022e-03
-4.895449918056972091e-03
-4.891782019758977341e-03
-4.888107986428932503e-03
-4.884427803148997174e-03
-4.880741454923654375e-03
-4.877048926679146759e-03
-4.873350203262740224e-03
-4.869645269442266812e-03
-4.865934109905758684e-03
-4.862216709260240750e-03
-4.858493052031767970e-03
-4.854763122664347216e-03
-4.851026905519627633e-03
-4.847284384876101790e-03
-4.843535544928490727e-03
-4.839780369787144605e-03
-4.836018843477067793e-03
-4.832250949938236319e-03
-4.828476673023781619e-03
-4.824695996499911606e-03
-4.820908904045211572e-03
-4.817115379249722190e-03
-4.813315405614722667e-03
-4.809508966551489552e-03
-4.805696045381103315e-03
-4.801876625333070976e-03
-4.798050689545406769e-03
-4.794218221063349314e-03
-4.790379202838996459e-03
-4.786533617730105716e-03
-4.782681448499779414e-03
-4.778822677815559167e-03
-4.774957288248516882e-03
-4.771085262272873988e-03
-4.767206582264794067e-03
-4.763321230501738404e-03
-4.759429189161932562e-03
-4.755530440323155542e-03
-4.751624965962241917e-03
-4.747712747953958604e-03
-4.743793768070518266e-03
-4.739868007980648640e-03
-4.735935449248387767e-03
-4.731996073332787357e-03
-4.728049861586783482e-03
-4.724096795256046456e-03
-4.720136855478622613e-03
-4.716170023283765105e-03
-4.712196279591017965e-03
-4.708215605209205637e-03
-4.704227980835856172e-03
-4.700233387056025093e-03
-4.696231804341238075e-03
-4.692223213048853439e-03
-4.688207593420941517e-03
-4.684184925583014837e-03
-4.680155189543639543e-03
-4.676118365193036343e-03
-4.672074432302178448e-03
-4.668023370521758551e-03
-4.663965159381040435e-03
-4.659899778287072275e-03
-4.655827206523549533e-03
-4.651747423249457530e-03
-4.647660407498570116e-03
-4.643566138177730555e-03
-4.639464594066119475e-03
-4.635355753814241787e-03
-4.631239595942420080e-03
-4.627116098839890827e-03
-4.622985240763808658e-03
-4.618846999837677297e-03
-4.614701354050395471e-03
-4.610548281255159690e-03
-4.606387759168162344e-03
-4.602219765367144069e-03
-4.598044277290690325e-03
-4.593861272236478450e-03
-4.589670727360100656e-03
-4.585472619674154163e-03
-4.581266926046442291e-03
-4.577053623198985670e-03
-4.572832687706712522e-03
-4.568604095995699652e-03
-4.564367824342527129e-03
-4.560123848872247795e-03
-4.555872145557265766e-03
-4.551612690216049265e-03
-4.547345458511510390e-03
-4.543070425949657237e-03
-4.538787567878041322e-03
-4.534496859484516383e-03
-4.530198275795314575e-03
-4.525891791674054206e-03
-4.521577381819952106e-03
-4.517255020765951860e-03
-4.512924682878003031e-03
-4.508586342352557952e-03
-4.504239973215517882e-03
-4.499885549320371651e-03
-4.495523044346723743e-03
-4.491152431798525746e-03
-4.486773685002328621e-03
-4.482386777105617365e-03
-4.477991681075331291e-03
-4.473588369695509145e-03
-4.469176815566217910e-03
-4.464756991101231746e-03
-4.460328868526531459e-03
-4.455892419878243645e-03
-4.451447617000879944e-03
-4.446994431545531201e-03
-4.442532834967727676e-03
-4.438062798525677435e-03
-4.433584293278217646e-03
-4.429097290083011326e-03
-4.424601759594185522e-03
-4.420097672260580972e-03
-4.415584998323592372e-03
-4.411063707814983498e-03
-4.406533770554969462e-03
-4.401995156149857494e-03
-4.397447833990029455e-03
-4.392891773247567001e-03
-4.388326942874155173e-03
-4.383753311598832456e-03
-4.379170847925461553e-03
-4.374579520130776958e-03
-4.369979296261614597e-03
-4.365370144132975881e-03
-4.360752031324939895e-03
-4.356124925181154191e-03
-4.351488792805388757e-03
-4.346843601059558436e-03
-4.342189316561204104e-03
-4.337525905680560991e-03
-4.332853334538009499e-03
-4.328171569001849558e-03
-4.323480574685021130e-03
-4.318780316942559365e-03
-4.314070760869127830e-03
-4.309351871295610641e-03
-4.304623612786830436e-03
-4.299885949638405924e-03
-4.295138845873620707e-03
-4.290382265240933954e-03
-4.285616171210384316e-03
-4.280840526971016469e-03
-4.276055295427639777e-03
-4.271260439197449923e-03
-4.266455920607088552e-03
-4.261641701689381986e-03
-4.256817744179871785e-03
-4.251984009513773768e-03
-4.247140458822248367e-03
-4.242287052929370056e-03
-4.237423752348322241e-03
-4.232550517277828064e-03
-4.227667307598996678e-03
-4.222774082871257051e-03
-4.217870802328775766e-03
-4.212957424876843590e-03
-4.208033909088061686e-03
-4.203100213198271949e-03
-4.198156295102792659e-03
-4.193202112352585609e-03
-4.188237622149966997e-03
-4.183262781344739868e-03
-4.178277546429797450e-03
-4.173281873537175793e-03
-4.168275718433552164e-03
-4.163259036516100790e-03
-4.158231782807889770e-03
-4.153193911953604114e-03
-4.148145378214626935e-03
-4.143086135464984533e-03
-4.138016137186252379e-03
-4.132935336462869626e-03
-4.127843685977238518e-03
-4.122741138005130840e-03
-4.117627644410266907e-03
-4.112503156639652629e-03
-4.107367625718030130e-03
-4.102221002242972814e-03
-4.097063236379587525e-03
-4.091894277854753528e-03
-4.086714075952031094e-03
-4.081522579506020182e-03
-4.076319736896458039e-03
-4.071105496042772172e-03
-4.065879804398084274e-03
-4.060642608943309563e-03
-4.055393856181077443e-03
-4.050133492129735432e-03
-4.044861462317020026e-03
-4.039577711773653830e-03
-4.034282185026860298e-03
-4.028974826094437051e-03
-4.023655578477022474e-03
-4.018324385152424912e-03
-4.012981188567803399e-03
-4.007625930633418321e-03
-4.002258552715103578e-03
-3.996878995627328561e-03
-3.991487199625498583e-03
-3.986083104398690721e-03
-3.980666649062080016e-03
-3.975237772149098521e-03
-3.969796411603712313e-03
-3.964342504772190232e-03
-3.958875988395340120e-03
-3.953396798599758885e-03
-3.947904870889764294e-03
-3.942400140138776869e-03
-3.936882540580485812e-03
-3.931352005799924713e-03
-3.925808468724849114e-03
-3.920251861615895415e-03
-3.914682116057804917e-03
-3.909099162949706760e-03
-3.903502932495349267e-03
-3.897893354193245844e-03
-3.892270356826869025e-03
-3.886633868454100315e-03
-3.880983816397226473e-03
-3.875320127231829045e-03
-3.869642726776497017e-03
-3.863951540081585374e-03
-3.858246491418037844e-03
-3.852527504266097750e-03
-3.846794501303662378e-03
-3.841047404394440888e-03
-3.835286134575951762e-03
-3.829510612047239658e-03
-3.823720756156536327e-03
-3.817916485388089289e-03
-3.812097717349965855e-03
-3.806264368759972819e-03
-3.800416355432837713e-03
-3.794553592266434235e-03
-3.788675993227152462e-03
-3.782783471336534104e-03
-3.776875938656398552e-03
-3.770953306273623715e-03
-3.765015484285839757e-03
-3.759062381785395913e-03
-3.753093906843993875e-03
-3.747109966496515402e-03
-3.741110466724848187e-03
-3.735095312441321421e-03
-3.729064407471427509e-03
-3.723017654536969669e-03
-3.716954955237862079e-03
-3.710876210034739706e-03
-3.704781318230036379e-03
-3.698670177949636619e-03
-3.692542686123537806e-03
-3.686398738466465080e-03
-3.680238229457904672e-03
-3.674061052321799838e-03
-3.667867099005843890e-03
-3.661656260160243287e-03
-3.655428425116084325e-03
-3.649183481863515523e-03
-3.642921317028905218e-03
-3.636641815852110615e-03
-3.630344862162803582e-03
-3.624030338356818565e-03
-3.617698125371006032e-03
-3.611348102659092500e-03
-3.604980148165389062e-03
-3.598594138299199014e-03
-3.592189947907880199e-03
-3.585767450249746028e-03
-3.579326516966063569e-03
-3.572867018052885112e-03
-3.566388821831729169e-03
-3.559891794920017755e-03
-3.553375802200635456e-03
-3.546840706790965053e-03
-3.540286370011187182e-03
-3.533712651351661894e-03
-3.527119408439843579e-03
-3.520506497006494189e-03
-3.513873770850845651e-03
-3.507221081805113501e-03
-3.500548279698247230e-03
-3.493855212318788123e-03
-3.487141725376942999e-03
-3.480407662465747655e-03
-3.473652865020970901e-03
-3.466877172280849462e-03
-3.460080421244238202e-03
-3.453262446627971931e-03
-3.446423080823229294e-03
-3.439562153850807269e-03
-3.432679493315584241e-03
-3.425774924359359375e-03
-3.418848269613180679e-03
-3.411899349147992991e-03
-3.404927980424452862e-03
-3.397933978241257213e-03
-3.390917154682514430e-03
-3.383877319063388536e-03
-3.376814277874946695e-03
-3.369727834726974486e-03
-3.362617790290063028e-03
-3.355483942235721988e-03
-3.348326085175204556e-03
-3.341144010596851840e-03
-3.333937506801535992e-03
-3.326706358836942386e-03
-3.319450348429839933e-03
-3.312169253916353879e-03
-3.304862850171236786e-03
-3.297530908534460677e-03
-3.290173196736434838e-03
-3.282789478820954607e-03
-3.275379515066395488e-03
-3.267943061904509013e-03
-3.260479871837344661e-03
-3.252989693351758353e-03
-3.245472270831856621e-03
-3.237927344468696008e-03
-3.230354650167936367e-03
-3.222753919454733780e-03
-3.215124879376205728e-03
-3.207467252401034839e-03
-3.199780756316394220e-03
-3.192065104122079888e-03
-3.184320003921557556e-03
-3.176545158810042610e-03
-3.168740266759290190e-03
-3.160905020499637022e-03
-3.153039107397734211e-03
-3.145142209331851842e-03
-3.137214002562654664e-03
-3.129254157601116335e-03
-3.121262339071867453e-03
-3.113238205573011248e-03
-3.105181409531707418e-03
-3.097091597055335026e-03
-3.088968407778667699e-03
-3.080811474705897994e-03
-3.072620424048580403e-03
-3.064394875058194540e-03
-3.056134439853905749e-03
-3.047838723245135419e-03
-3.039507322548414513e-03
-3.031139827398917578e-03
-3.022735819556202335e-03
-3.014294872703446662e-03
-3.005816552241068976e-03
-2.997300415073504264e-03
-2.988746009389213389e-03
-2.980152874433846747e-03
-2.971520540276303361e-03
-2.962848527566868794e-03
-2.954136347288134016e-03
-2.945383500497167351e-03
-2.936589478059933086e-03
-2.927753760376552907e-03
-2.918875817097660828e-03
-2.909955106831427479e-03
-2.900991076840694297e-03
-2.891983162729939213e-03
-2.882930788121792348e-03
-2.873833364322559217e-03
-2.864690289976169844e-03
-2.855500950706367329e-03
-2.846264718746710411e-03
-2.836980952557337926e-03
-2.827648996428623086e-03
-2.818268180070820309e-03
-2.808837818189252687e-03
-2.799357210044143684e-03
-2.789825638995158553e-03
-2.780242372029037394e-03
-2.770606659270337217e-03
-2.760917733474445128e-03
-2.751174809501678257e-03
-2.741377083772351172e-03
-2.731523733701322378e-03
-2.721613917111349867e-03
-2.711646771624592195e-03
-2.701621414030960094e-03
-2.691536939632386237e-03
-2.681392421561823967e-03
-2.671186910076152766e-03
-2.660919431821505508e-03
-2.650588989069743370e-03
-2.640194558925025407e-03
-2.629735092498806156e-03
-2.619209514051814083e-03
-2.608616720101859018e-03
-2.597955578495048188e-03
-2.587224927439693133e-03
-2.576423574499990109e-03
-2.565550295548609666e-03
-2.554603833675577699e-03
-2.543582898051107398e-03
-2.532486162740931867e-03
-2.521312265470941616e-03
-2.510059806338990618e-03
-2.498727346471280118e-03
-2.487313406620159529e-03
-2.475816465700840345e-03
-2.464234959263239631e-03
-2.452567277896293765e-03
-2.440811765560612495e-03
-2.428966717846148260e-03
-2.417030380150502356e-03
-2.405000945773947893e-03
-2.392876553926534793e-03
-2.380655287642424386e-03
-2.368335171596790655e-03
-2.355914169818956391e-03
-2.343390183297370220e-03
-2.330761047469090495e-03
-2.318024529587958248e-03
-2.305178325964438342e-03
-2.292220059069483874e-03
-2.279147274494922049e-03
-2.265957437761721271e-03
-2.252647930967237744e-03
-2.239216049262023750e-03
-2.225658997145609289e-03
-2.211973884570896023e-03
-2.198157722844941517e-03
-2.184207420313837196e-03
-2.170119777818433661e-03
-2.155891483906325658e-03
-2.141519109784732235e-03
-2.126999103998042893e-03
-2.112327786811841156e-03
-2.097501344284836630e-03
-2.082515822007747954e-03
-2.067367118487765248e-03
-2.052050978154160675e-03
-2.036562983960148610e-03
-2.020898549553062050e-03
-2.005052910983463367e-03
-1.989021117921018541e-03
-1.972798024342610826e-03
-1.956378278655130157e-03
-1.939756313212812186e-03
-1.922926333185179465e-03
-1.905882304727850828e-03
-1.888617942405396112e-03
-1.871126695809723073e-03
-1.853401735313904780e-03
-1.835435936895003697e-03
-1.817221865954668156e-03
-1.798751760059007828e-03
-1.780017510512456585e-03
-1.761010642673200384e-03
-1.741722294908169301e-03
-1.722143196076809501e-03
-1.702263641422245696e-03
-1.682073466736721395e-03
-1.661562020655408048e-03
-1.640718134918596471e-03
-1.619530092426090103e-03
-1.597985592890126434e-03
-1.576071715873661851e-03
-1.553774880978800498e-03
-1.531080804925334053e-03
-1.507974455232460702e-03
-1.484440000185846195e-03
-1.460460754737462211e-03
-1.436019121947356260e-03
-1.411096529532642266e-03
-1.385673361039884864e-03
-1.359728881101968014e-03
-1.333241154177090783e-03
-1.306186956097734383e-03
-1.278541677675188760e-03
-1.250279219515432498e-03
-1.221371877096404145e-03
-1.191790215038264185e-03
-1.161502929362323664e-03
-1.130476696377917404e-03
-1.098676006657654065e-03
-1.066062982355704810e-03
-1.032597175886046078e-03
-9.982353477035335945e-04
-9.629312206118620984e-04
-9.266352076543570146e-04
-8.892941102129623462e-04
-8.508507824390403170e-04
-8.112437575527447218e-04
-7.704068308575861375e-04
-7.282685935063943272e-04
-6.847519100957303760e-04
-6.397733320315543253e-04
-5.932424372602888591e-04
-5.450610853514995273e-04
-4.951225749949641521e-04
-4.433106886639205223e-04
-3.894986064122355884e-04
-3.335476674017929665e-04
-2.753059536607394019e-04
-2.146066655727490937e-04
-1.512662524671729795e-04
-8.508225412743243186e-05
-1.583079968399120550e-05
5.673630127969816366e-05
1.328949551428768917e-04
2.129527662495395981e-04
2.972537257718602349e-04
3.861837582900760880e-04
4.801773148937761278e-04
5.797252506504101599e-04
6.853842881379869226e-04
7.977884525437918409e-04
9.176629747664351820e-04
1.045841307148632094e-03
1.183286096353217045e-03
1.331115230317757607e-03
1.490634451663943455e-03
1.663378553578053918e-03
1.851163914001984628e-03
2.056156183912483289e-03
2.280958487194446275e-03
2.528727769403285586e-03
2.803330365204391612e-03
3.109553125605643651e-03
3.453394720079926497e-03
3.842475034134393806e-03
4.286622565812864792e-03
4.798737164299095997e-03
5.396091449154491806e-03
6.102355240229915233e-03
6.950859434447839887e-03
7.990085253102685581e-03
9.293375987065586805e-03
1.097721792891265084e-02
1.323843261412306627e-02
1.643785936374709405e-02
2.131616815756188013e-02
2.967212866393401788e-02
4.730177603583000934e-02
1.089813201774746249e-01
-4.460372228841043007e-01
-7.600855656876857880e-02
-4.236065038687342188e-02
-2.973651170734361096e-02
-2.311914067288497673e-02
-1.904307560915291866e-02
-1.627863642376755487e-02
-1.427929850608866506e-02
-1.276513450517926564e-02
-1.157792451342225942e-02
-1.062149555387166544e-02
-9.834022056502762094e-03
-9.173949051043203337e-03
-8.612313908501376472e-03
-8.128312417244371382e-03
-7.706615092187407874e-03
-7.335677443528544270e-03
-7.006639686609012103e-03
-6.712589184773264973e-03
-6.448053378821943030e-03
-6.208643331466525035e-03
-5.990798155416764831e-03
-5.791598514946246466e-03
-5.608628359799892188e-03
-5.439870939939439078e-03
-5.283629578671946922e-03
-5.138466589325767393e-03
-5.003155666178119194e-03
-4.876644404962120552e-03
-4.758024524629181698e-03
-4.646508005307062664e-03
-4.541407815102008368e-03
-4.442122228169800499e-03
-4.348121976860519489e-03
-4.258939657862973946e-03
-4.174160944110144773e-03
-4.093417253264992547e-03
-4.016379598698975421e-03
-3.942753406275713822e-03
-3.872274124474444842e-03
-3.804703489709206771e-03
-3.739826335524137901e-03
-3.677447855448105502e-03
-3.617391245998731551e-03
-3.559495669631097727e-03
-3.503614488082051285e-03
-3.449613725140601456e-03
-3.397370724819428686e-03
-3.346772976549201341e-03
-3.297717083632488878e-03
-3.250107854980279192e-03
-3.203857503275971304e-03
-3.158884935294746423e-03
-3.115115122252386931e-03
-3.072478539847371248e-03
-3.030910669158222697e-03
-2.990351550815702111e-03
-2.950745385930644490e-03
-2.912040178152879456e-03
-2.874187411998123387e-03
-2.837141763225091689e-03
-2.800860837596861296e-03
-2.765304934831901238e-03
-2.730436834954231336e-03
-2.696221604600690207e-03
-2.662626421142033541e-03
-2.629620412734057049e-03
-2.597174512639238621e-03
-2.565261326353786547e-03
-2.533855010244620912e-03
-2.502931160548072572e-03
-2.472466711711679161e-03
-2.442439843172580175e-03
-2.412829893765755865e-03
-2.383617283041909556e-03
-2.354783438851408388e-03
-2.326310730618693420e-03
-2.298182407790475609e-03
-2.270382542994665333e-03
-2.242895979493139767e-03
-2.215708282553280947e-03
-2.188805694400418507e-03
-2.162175092445412557e-03
-2.135803950512073050e-03
-2.109680302814122364e-03
-2.083792710456005767e-03
-2.058130230251782513e-03
-2.032682385676101797e-03
-2.007439139777200850e-03
-1.982390869898079892e-03
-1.957528344064800568e-03
-1.932842698913766208e-03
-1.908325419040804004e-03
-1.883968317664514456e-03
-1.859763518506297314e-03
-1.835703438796916715e-03
-1.811780773327193979e-03
-1.787988479467282187e-03
-1.764319763085212727e-03
-1.740768065300404583e-03
-1.717327050013795669e-03
-1.693990592159927682e-03
-1.670752766631847805e-03
-1.647607837831544962e-03
-1.624550249804679975e-03
-1.601574616919175607e-03
-1.578675715051985158e-03
-1.555848473249933249e-03
-1.533087965833621665e-03
-1.510389404915442758e-03
-1.487748133304636101e-03
-1.465159617774731927e-03
-1.442619442669850014e-03
-1.420123303828593492e-03
-1.397667002805316749e-03
-1.375246441369980602e-03
-1.352857616269284146e-03
-1.330496614232686654e-03
-1.308159607208368800e-03
-1.285842847814452471e-03
-1.263542664992637005e-03
-1.241255459851912544e-03
-1.218977701689885444e-03
-1.196705924182202502e-03
-1.174436721728233223e-03
-1.152166745944776258e-03
-1.129892702297834650e-03
-1.107611346864683993e-03
-1.085319483217347166e-03
-1.063013959421072992e-03
-1.040691665139612063e-03
-1.018349528841442416e-03
-9.959845151000894237e-04
-9.735936219825916524e-04
-9.511738785211137481e-04
-9.287223422610678923e-04
-9.062360968819988850e-04
-8.837122498852387339e-04
-8.611479303449191998e-04
-8.385402867164496593e-04
-8.158864846998577659e-04
-7.931837051528548748e-04
-7.704291420503292824e-04
-7.476200004865539948e-04
-7.247534947163219088e-04
-7.018268462322001027e-04
-6.788372818739736581e-04
-6.557820319677523831e-04
-6.326583284913673806e-04
-6.094634032631799855e-04
-5.861944861516555586e-04
-5.628488033026298343e-04
-5.394235753820902013e-04
-5.159160158312856622e-04
-4.923233291318162251e-04
-4.686427090785211767e-04
-4.448713370572319548e-04
-4.210063803253000897e-04
-3.970449902921842356e-04
-3.729843007982257697e-04
-3.488214263887122880e-04
-3.245534605812239247e-04
-3.001774741238264041e-04
-2.756905132423970260e-04
-2.510895978729348293e-04
-2.263717198792229691e-04
-2.015338412512405130e-04
-1.765728922828197368e-04
-1.514857697266378737e-04
-1.262693349229350686e-04
-1.009204119008906363e-04
-7.543578544905960525e-05
-4.981219915270348038e-05
-2.404635339577689893e-05
1.865096675468906694e-06
2.792554323000204900e-05
5.413842787356680703e-05
8.050724381601575088e-05
1.070355380890969691e-04
1.337269138165663080e-04
1.605850325398553130e-04
1.876136166030056547e-04
2.148164515997492659e-04
2.421973888863196162e-04
2.697603481637269804e-04
2.975093201334856933e-04
3.254483692295238460e-04
3.535816364318520449e-04
3.819133421652141859e-04
4.104477892872972862e-04
4.391893661710625325e-04
4.681425498861886171e-04
4.973119094846928075e-04
5.267021093949097836e-04
5.563179129307584082e-04
5.861641859212526982e-04
6.162459004663755832e-04
6.465681388246392099e-04
6.771360974414768197e-04
7.079550911220350686e-04
7.390305573583654105e-04
7.703680608173678595e-04
8.019732979971354184e-04
8.338521020618850374e-04
8.660104478618988908e-04
8.984544571501871992e-04
9.311904040039808029e-04
9.642247204627208031e-04
9.975640023924708163e-04
1.031215015589316336e-03
1.065184702132694920e-03
1.099480187003214248e-03
1.134108784977089397e-03
1.169078007812623205e-03
1.204395571743232434e-03
1.240069405294065997e-03
1.276107657438181435e-03
1.312518706111655189e-03
1.349311167105591907e-03
1.386493903356348202e-03
1.424076034655294290e-03
1.462066947800454587e-03
1.500476307215287000e-03
1.539314066059872159e-03
1.578590477862198537e-03
1.618316108698929917e-03
1.658501849955925245e-03
1.699158931703132489e-03
1.740298936717868134e-03
1.781933815194244441e-03
1.824075900179693028e-03
1.866737923780083935e-03
1.909933034180195726e-03
1.953674813527672607e-03
1.997977296732449982e-03
2.042854991238183312e-03
2.088322897824045673e-03
2.134396532501852285e-03
2.181091949575965187e-03
2.228425765939926525e-03
2.276415186687312693e-03
2.325078032122374593e-03
2.374432766260094977e-03
2.424498526912823027e-03
2.475295157468534058e-03
2.526843240472457890e-03
2.579164133134421999e-03
2.632280004890057406e-03
2.686213877159037908e-03
2.740989665450261400e-03
2.796632223978387337e-03
2.853167392968750625e-03
2.910622048841495814e-03
2.969024157482995623e-03
3.028402830827166964e-03
3.088788386991049746e-03
3.150212414228469125e-03
3.212707838985741100e-03
3.276308998373713907e-03
3.341051717391221344e-03
3.406973391269896029e-03
3.474113073341226349e-03
3.542511568861360718e-03
3.612211535274790358e-03
3.683257589433320406e-03
3.755696422345633501e-03
3.829576922078799066e-03
3.904950305497202102e-03
3.981870259589319859e-03
4.060393093207250760e-03
4.140577900125615857e-03
4.222486734417204256e-03
4.306184799246222383e-03
4.391740650291200976e-03
4.479226415139380552e-03
4.568718030134736978e-03
4.660295496321706886e-03
4.754043156306086461e-03
4.850049994055220456e-03
4.948409959887096858e-03
5.049222323151879299e-03
5.152592055400000669e-03
5.258630247156600122e-03
5.367454561792071865e-03
5.479189730400835928e-03
5.593968092075501247e-03
5.711930184512542877e-03
5.833225390506581974e-03
5.958012646601202646e-03
6.086461220984272155e-03
6.218751568651883187e-03
6.355076272947628342e-03
6.495641083828959314e-03
6.640666064658329835e-03
6.790386860986897047e-03
6.945056106746609614e-03
7.104944985530899267e-03
7.270344967294719782e-03
7.441569743906783704e-03
7.618957390636593371e-03
7.802872784955215170e-03
7.993710319112445895e-03
8.191896948976753676e-03
8.397895628799917356e-03
8.612209190126195180e-03
8.835384733327891413e-03
9.068018612585859381e-03
9.310762110034525099e-03
9.564327912846972563e-03
9.829497529025326558e-03
1.010712980454324394e-02
1.039817073751392491e-02
1.070366482582413813e-02
1.102476823524340538e-02
1.136276413810836244e-02
1.171908065179120759e-02
1.209531190598324597e-02
1.249324289453952568e-02
1.291487892954099916e-02
1.336248072355763691e-02
1.383860639609039295e-02
1.434616205282015187e-02
1.488846305070117872e-02
1.546930867888495625e-02
1.609307381274317772e-02
1.676482221865786479e-02
1.749044772094236061e-02
1.827685156581260184e-02
1.913216729412398759e-02
2.006604866332800316e-02
2.109004225346971378e-02
2.221807531376339059e-02
2.346710269192246734e-02
2.485797684606120758e-02
2.641663615894023626e-02
2.817575624002224832e-02
3.017708928315928837e-02
3.247485091932702378e-02
3.514074590538684983e-02
3.827163897597815612e-02
4.200165130390515200e-02
4.652197833137990124e-02
5.211486365857648934e-02
5.921512035243163552e-02
6.852933096186122897e-02
8.128749874250748575e-02
9.983788110114825975e-02
1.292916140671035441e-01
1.832793693300704407e-01
3.143842479411166346e-01
1.101382279942803244e+00
-7.336888782988033597e-01
-2.752946180114771435e-01
-1.694611157624745790e-01
-1.224101345017233611e-01
-9.580749497428822647e-02
-7.869922885170485549e-02
-6.676985932828219394e-02
-5.797513058135206343e-02
-5.122157269319003309e-02
-4.587131484579191898e-02
-4.152718565864534084e-02
-3.792896588782409401e-02
-3.489904352289384393e-02
-3.231204409126402222e-02
-3.007694142412594557e-02
-2.812604877561344571e-02
-2.640798898950221657e-02
-2.488306116245805194e-02
-2.352010190987808766e-02
-2.229430745516736145e-02
-2.118569005340950606e-02
-2.017796318072378331e-02
-1.925772268738649984e-02
-1.841383612987987015e-02
-1.763698104462066429e-02
-1.691929143756727358e-02
-1.625408401213234572e-02
-1.563564391212345084e-02
-1.505905541322720073e-02
-1.452006693341973895e-02
-1.401498251163166460e-02
-1.354057389150059056e-02
-1.309400878583925031e-02
-1.267279195086335082e-02
-1.227471647863097835e-02
-1.189782329850645227e-02
-1.154036731762815224e-02
-1.120078896440145598e-02
-1.087769015520384866e-02
-1.056981390241963983e-02
-1.027602693599668007e-02
-9.995304831439847520e-03
-9.726719232390695219e-03
-9.469426831504599087e-03
-9.222659833660818568e-03
-8.985717673954488408e-03
-8.757959801982628800e-03
-8.538799375617344214e-03
-8.327697733269414163e-03
-8.124159534770341445e-03
-7.927728478381329547e-03
-7.737983515765574707e-03
-7.554535498658331016e-03
-7.377024200851413013e-03
-7.205115667376734388e-03
-7.038499849691453626e-03
-6.876888491492051322e-03
-6.720013234700260470e-03
-6.567623919313620752e-03
-6.419487054356272718e-03
-6.275384440159663228e-03
-6.135111924774902872e-03
-5.998478279521324286e-03
-5.865304180550584036e-03
-5.735421284940501845e-03
-5.608671391230881861e-03
-5.484905675519963740e-03
-5.363983995299557300e-03
-5.245774254112790629e-03
-5.130151820914806947e-03
-5.016998998712609951e-03
-4.906204537662646990e-03
-4.797663188337308177e-03
-4.691275291338900012e-03
-4.586946399848577591e-03
-4.484586932055218203e-03
-4.384111850737878145e-03
-4.285440367540967015e-03
-4.188495669750423069e-03
-4.093204667582363114e-03
-3.999497760203789970e-03
-3.907308618874609507e-03
-3.816573985758094697e-03
-3.727233487083917839e-03
-3.639229459476334486e-03
-3.552506788363394945e-03
-3.467012757491627802e-03
-3.382696908656249342e-03
-3.299510910831012899e-03
-3.217408437968076029e-03
-3.136345054788462847e-03
-3.056278109953976859e-03
-2.977166636053050781e-03
-2.898971255895407915e-03
-2.821654094638245854e-03
-2.745178697315970185e-03
-2.669509951379442272e-03
-2.594614013878435155e-03
-2.520458242955583763e-03
-2.447011133345843286e-03
-2.374242255593731008e-03
-2.302122198734028995e-03
-2.230622516190381485e-03
-2.159715674671320099e-03
-2.089375005858160397e-03
-2.019574660695380892e-03
-1.950289566106007573e-03
-1.881495383969506536e-03
-1.813168472212723335e-03
-1.745285847868298856e-03
-1.677825151976172074e-03
-1.610764616202940008e-03
-1.544083031065793948e-03
-1.477759715656954201e-03
-1.411774488770547445e-03
-1.346107641338852067e-03
-1.280739910092168216e-03
-1.215652452362956997e-03
-1.150826821958351618e-03
-1.086244946030997562e-03
-1.021889102880422281e-03
-9.577419006254960735e-04
-8.937862566865278652e-04
-8.300053780242469753e-04
-7.663827420818490090e-04
-7.029020783809740609e-04
-6.395473507272665323e-04
-5.763027399786258996e-04
-5.131526273359917571e-04
-4.500815781155620573e-04
-3.870743259676107605e-04
-3.241157575000235729e-04
-2.611908972778526701e-04
-1.982848931639006012e-04
-1.353830019647943089e-04
-7.247057535814059571e-05
-9.533046065700421452e-06
5.344408575208021278e-05
1.164752659102254916e-04
1.795748994502480047e-04
2.427573637482529473e-04
3.060370215149328991e-04
3.694282337059697657e-04
4.329453723691764101e-04
4.966028334549629905e-04
5.604150496130908508e-04
6.243965029991016156e-04
6.885617381170937822e-04
7.529253747188820005e-04
8.175021207904246533e-04
8.823067856408902537e-04
9.473542931279013701e-04
1.012659695038660695e-03
1.078238184653133739e-03
1.144105110517198987e-03
1.210275990448895231e-03
1.276766525808582797e-03
1.343592616057983280e-03
1.410770373638139735e-03
1.478316139195929007e-03
1.546246497189346153e-03
1.614578291903768711e-03
1.683328643911614995e-03
1.752514967011968268e-03
1.822154985683051764e-03
1.892266753086973077e-03
1.962868669667689782e-03
2.033979502379259716e-03
2.105618404593548407e-03
2.177804936726069306e-03
2.250559087634888562e-03
2.323901296841910172e-03
2.397852477622959208e-03
2.472434041035536430e-03
2.547667920934886931e-03
2.623576600045763804e-03
2.700183137155326690e-03
2.777511195503924550e-03
2.855585072442498509e-03
2.934429730442949299e-03
3.014070829547246637e-03
3.094534761344466551e-03
3.175848684576793902e-03
3.258040562477789413e-03
3.341139201954316466e-03
3.425174294733485027e-03
3.510176460600407475e-03
3.596177292863828555e-03
3.683209406199791040e-03
3.771306487026869665e-03
3.860503346580978698e-03
3.950835976877937680e-03
4.042341609750730452e-03
4.135058779176573572e-03
4.229027387117248633e-03
4.324288773117015636e-03
4.420885787919986466e-03
4.518862871389680257e-03
4.618266135039452921e-03
4.719143449496235668e-03
4.821544537267657103e-03
4.925521071184975862e-03
5.031126778952749873e-03
5.138417554252644806e-03
5.247451574898582063e-03
5.358289428574780286e-03
5.470994246744318411e-03
5.585631847356354977e-03
5.702270887048202855e-03
5.820983023589856691e-03
5.941843089394500087e-03
6.064929276991362292e-03
6.190323337445118035e-03
6.318110792787007095e-03
6.448381163645585355e-03
6.581228213357041834e-03
6.716750209976933908e-03
6.855050207751748649e-03
6.996236349759065755e-03
7.140422193609883769e-03
7.287727062294277296e-03
7.438276422469042130e-03
7.592202292735822713e-03
7.749643684722183103e-03
7.910747080093285394e-03
8.075666946960347384e-03
8.244566299539495685e-03
8.417617305358272156e-03
8.595001944790493786e-03
8.776912728271111380e-03
8.963553477160974767e-03
9.155140174966137911e-03
9.351901896416440346e-03
9.554081822855289841e-03
9.761938353444802458e-03
9.975746322908953662e-03
1.019579833793130691e-02
1.042240624592981856e-02
1.065590275176024095e-02
1.089664320004430677e-02
1.114500754325861015e-02
1.140140251858230182e-02
1.166626405981107013e-02
1.194005997449506563e-02
1.222329292097214942e-02
1.251650372524031746e-02
1.282027508382046176e-02
1.313523570604214347e-02
1.346206495784357457e-02
1.380149807937535236e-02
1.415433206088210702e-02
1.452143227583776834e-02
1.490373998770169219e-02
1.530228086754816669e-02
1.571817468504378007e-02
1.615264636577888255e-02
1.660703864512709862e-02
1.708282659420456984e-02
1.758163434924750468e-02
1.810525444445854407e-02
1.865567023361046003e-02
1.923508199189387369e-02
1.984593742258225837e-02
2.049096746085823928e-02
2.117322847986783524e-02
2.189615227567211914e-02
2.266360555676475222e-02
2.347996111566945376e-02
2.435018344956434155e-02
2.527993237209643848e-02
2.627568918695442207e-02
2.734491137078302533e-02
2.849622357495100455e-02
2.973965530012224329e-02
3.108693911423410922e-02
3.255188820440631930e-02
3.415087902760974292e-02
3.590347485298105157e-02
3.783324063231958273e-02
3.996882138208397717e-02
4.234538915658177249e-02
4.500661447322277381e-02
4.800739821519361961e-02
5.141772977362316088e-02
5.532825307392148784e-02
5.985849277906143961e-02
6.516935232459723781e-02
7.148271707209824521e-02
7.911336828027849821e-02
8.852328208193052661e-02
1.004190564818990966e-01
1.159385284804893557e-01
1.370389901079585582e-01
1.673968755630849958e-01
2.148262874532137490e-01
2.993790134506481015e-01
4.927165038646293405e-01
1.383807702998020250e+00
-1.721926647403049904e+00
-5.316804293794301639e-01
-3.146796174223242537e-01
-2.236141650911590562e-01
-1.735052982829089485e-01
-1.417910669237200660e-01
-1.199103510732880823e-01
-1.039011425881080086e-01
-9.167785256123363313e-02
-8.203806481440029108e-02
-7.423979890566222151e-02
-6.780037426938965994e-02
-6.239223931899310488e-02
-5.778528504644788594e-02
-5.381311826889647459e-02
-5.035243612953140685e-02
-4.730992545731961541e-02
-4.461366770624183159e-02
-4.220733965909889696e-02
-4.004620349539725344e-02
-3.809427360390836570e-02
-3.632227604703498064e-02
-3.470615347970664594e-02
-3.322595267200666169e-02
-3.186498507820808429e-02
-3.060918533891040030e-02
-2.944661532507378623e-02
-2.836707660389062996e-02
-2.736180464590559983e-02
-2.642322534151063038e-02
-2.554475950088364034e-02
-2.472066465603626334e-02
-2.394590611726906890e-02
-2.321605116127664278e-02
-2.252718165015365689e-02
-2.187582144149163507e-02
-2.125887574869874536e-02
-2.067358021761584938e-02
-2.011745795033553080e-02
-1.958828306593013088e-02
-1.908404966673318132e-02
-1.860294529720940213e-02
-1.814332815450245967e-02
-1.770370744619671408e-02
-1.728272639961708768e-02
-1.687914751424817589e-02
-1.649183971920724703e-02
-1.611976715470265359e-02
-1.576197934281811999e-02
-1.541760255094916723e-02
-1.508583218237501307e-02
-1.476592605422325129e-02
-1.445719844437189441e-02
-1.415901480658437496e-02
-1.387078706795033013e-02
-1.359196943513057976e-02
-1.332205464628522830e-02
-1.306057061439422351e-02
-1.280707741507261868e-02
-1.256116457832600654e-02
-1.232244864903829680e-02
-1.209057098557298100e-02
-1.186519576979932523e-02
-1.164600820520742507e-02
-1.143271288268265899e-02
-1.122503229600138250e-02
-1.102270549127548106e-02
-1.082548683643205258e-02
-1.063314489845917227e-02
-1.044546141754299634e-02
-1.026223036846656347e-02
-1.008325710072288835e-02
-9.908357549718879373e-03
-9.737357512309242208e-03
-9.570091980589400665e-03
-9.406404528549454358e-03
-9.246146746737451613e-03
-9.089177720594296406e-03
-8.935363548552255689e-03
-8.784576896391994155e-03
-8.636696584698885792e-03
-8.491607206564204952e-03
