-6.026399260899119141e-03
-6.024556073650028272e-03
-6.022709682866732132e-03
-6.020860085551630290e-03
-6.019007278698026292e-03
-6.017151259289852706e-03
-6.015292024302188074e-03
-6.013429570700543070e-03
-6.011563895442067866e-03
-6.009694995473423632e-03
-6.007822867733111395e-03
-6.005947509149581198e-03
-6.004068916642238234e-03
-6.002187087121068146e-03
-6.000302017486645705e-03
-5.998413704629975210e-03
-5.996522145432906827e-03
-5.994627336767358559e-03
-5.992729275495811518e-03
-5.990827958471215374e-03
-5.988923382537234691e-03
-5.987015544527373757e-03
-5.985104441265473585e-03
-5.983190069565874972e-03
-5.981272426233371665e-03
-5.979351508062250194e-03
-5.977427311837753103e-03
-5.975499834334669497e-03
-5.973569072318323826e-03
-5.971635022543718072e-03
-5.969697681756045218e-03
-5.967757046690782066e-03
-5.965813114072895593e-03
-5.963865880617287910e-03
-5.961915343029254230e-03
-5.959961498003376115e-03
-5.958004342224242252e-03
-5.956043872366382531e-03
-5.954080085093623603e-03
-5.952112977060054246e-03
-5.950142544908954174e-03
-5.948168785273486199e-03
-5.946191694776096007e-03
-5.944211270029108041e-03
-5.942227507634321310e-03
-5.940240404182560094e-03
-5.938249956254696565e-03
-5.936256160420357551e-03
-5.934259013239041695e-03
-5.932258511259522714e-03
-5.930254651019132954e-03
-5.928247429045511996e-03
-5.926236841854458197e-03
-5.924222885951656477e-03
-5.922205557831459674e-03
-5.920184853977632743e-03
-5.918160770862297172e-03
-5.916133304947496577e-03
-5.914102452683410796e-03
-5.912068210509501681e-03
-5.910030574854135792e-03
-5.907989542133954691e-03
-5.905945108755326044e-03
-5.903897271112230720e-03
-5.901846025588265536e-03
-5.899791368554971847e-03
-5.897733296372839953e-03
-5.895671805390982102e-03
-5.893606891946747382e-03
-5.891538552365876112e-03
-5.889466782963141689e-03
-5.887391580041068627e-03
-5.885312939890496343e-03
-5.883230858790825489e-03
-5.881145333009829730e-03
-5.879056358803055535e-03
-5.876963932414489174e-03
-5.874868050075783901e-03
-5.872768708007423087e-03
-5.870665902417229222e-03
-5.868559629501087296e-03
-5.866449885442874546e-03
-5.864336666414450908e-03
-5.862219968575192383e-03
-5.860099788072735232e-03
-5.857976121041773808e-03
-5.855848963605188133e-03
-5.853718311873173062e-03
-5.851584161943738753e-03
-5.849446509902085298e-03
-5.847305351821254112e-03
-5.845160683761687313e-03
-5.843012501770586745e-03
-5.840860801883224554e-03
-5.838705580121852055e-03
-5.836546832495704933e-03
-5.834384555001596515e-03
-5.832218743623175314e-03
-5.830049394331353503e-03
-5.827876503083719711e-03
-5.825700065825172198e-03
-5.823520078487317772e-03
-5.821336536988522964e-03
-5.819149437234367658e-03
-5.816958775116697067e-03
-5.814764546514241024e-03
-5.812566747292431842e-03
-5.810365373303147569e-03
-5.808160420384991286e-03
-5.805951884362566852e-03
-5.803739761047493721e-03
-5.801524046237530041e-03
-5.799304735716504997e-03
-5.797081825254528711e-03
-5.794855310608222100e-03
-5.792625187520189511e-03
-5.790391451718970156e-03
-5.788154098919316530e-03
-5.785913124821666191e-03
-5.783668525112482632e-03
-5.781420295464231862e-03
-5.779168431534898419e-03
-5.776912928968515326e-03
-5.774653783394381734e-03
-5.772390990427703032e-03
-5.770124545668989767e-03
-5.767854444704369893e-03
-5.765580683105391013e-03
-5.763303256429009973e-03
-5.761022160217248514e-03
-5.758737389997480374e-03
-5.756448941282366234e-03
-5.754156809569557947e-03
-5.751860990341661241e-03
-5.749561479066462102e-03
-5.747258271196430644e-03
-5.744951362169181674e-03
-5.742640747406713153e-03
-5.740326422315976049e-03
-5.738008382288866532e-03
-5.735686622701140908e-03
-5.733361138913706245e-03
-5.731031926271646336e-03
-5.728698980104620676e-03
-5.726362295726034404e-03
-5.724021868434479854e-03
-5.721677693511854380e-03
-5.719329766224788905e-03
-5.716978081823482181e-03
-5.714622635542413766e-03
-5.712263422599835744e-03
-5.709900438197869875e-03
-5.707533677522244782e-03
-5.705163135742871011e-03
-5.702788808012466265e-03
-5.700410689468029916e-03
-5.698028775229711101e-03
-5.695643060400840813e-03
-5.693253540068695176e-03
-5.690860209303227370e-03
-5.688463063157608857e-03
-5.686062096668486124e-03
-5.683657304855234751e-03
-5.681248682720119007e-03
-5.678836225248593689e-03
-5.676419927408533038e-03
-5.673999784150799731e-03
-5.671575790408728800e-03
-5.669147941098332324e-03
-5.666716231117964638e-03
-5.664280655348456761e-03
-5.661841208653253452e-03
-5.659397885877499000e-03
-5.656950681848712040e-03
-5.654499591376702279e-03
-5.652044609253049218e-03
-5.649585730251356283e-03
-5.647122949126919499e-03
-5.644656260616971212e-03
-5.642185659440250751e-03
-5.639711140297131060e-03
-5.637232697869609156e-03
-5.634750326820813469e-03
-5.632264021795324767e-03
-5.629773777419213449e-03
-5.627279588299271933e-03
-5.624781449023777066e-03
-5.622279354161548170e-03
-5.619773298262686900e-03
-5.617263275857715954e-03
-5.614749281458090817e-03
-5.612231309556063585e-03
-5.609709354623862443e-03
-5.607183411114760249e-03
-5.604653473462195903e-03
-5.602119536079413521e-03
-5.599581593360321123e-03
-5.597039639678842715e-03
-5.594493669388466393e-03
-5.591943676823055327e-03
-5.589389656295941367e-03
-5.586831602100165300e-03
-5.584269508508533236e-03
-5.581703369773048477e-03
-5.579133180125532554e-03
-5.576558933776513266e-03
-5.573980624916116330e-03
-5.571398247713450422e-03
-5.568811796316656612e-03
-5.566221264852646428e-03
-5.563626647427156492e-03
-5.561027938124583729e-03
-5.558425131008156231e-03
-5.555818220119099725e-03
-5.553207199477379168e-03
-5.550592063081153174e-03
-5.547972804906507738e-03
-5.545349418907948892e-03
-5.542721899017603870e-03
-5.540090239145587132e-03
-5.537454433179704594e-03
-5.534814474985425004e-03
-5.532170358405564224e-03
-5.529522077260480388e-03
-5.526869625347609859e-03
-5.524212996441897443e-03
-5.521552184295104235e-03
-5.518887182635865730e-03
-5.516217985169798513e-03
-5.513544585579000651e-03
-5.510866977522693548e-03
-5.508185154635916563e-03
-5.505499110530324113e-03
-5.502808838793828324e-03
-5.500114332990603365e-03
-5.497415586660586717e-03
-5.494712593319404578e-03
-5.492005346459175909e-03
-5.489293839546660614e-03
-5.486578066024947430e-03
-5.483858019311987214e-03
-5.481133692801303317e-03
-5.478405079861269934e-03
-5.475672173835403542e-03
-5.472934968042138248e-03
-5.470193455774532629e-03
-5.467447630300329570e-03
-5.464697484861654429e-03
-5.461943012675147743e-03
-5.459184206931481237e-03
-5.456421060795576400e-03
-5.453653567405911465e-03
-5.450881719875494587e-03
-5.448105511290235806e-03
-5.445324934709935838e-03
-5.442539983168083115e-03
-5.439750649670749630e-03
-5.436956927197534629e-03
-5.434158808701104043e-03
-5.431356287106676138e-03
-5.428549355312293871e-03
-5.425738006188511771e-03
-5.422922232578284048e-03
-5.420102027296991483e-03
-5.417277383131651261e-03
-5.414448292841794741e-03
-5.411614749158369375e-03
-5.408776744784012797e-03
-5.405934272393074502e-03
-5.403087324631181305e-03
-5.400235894114818400e-03
-5.397379973431926971e-03
-5.394519555141160869e-03
-5.391654631771923903e-03
-5.388785195824166881e-03
-5.385911239768251431e-03
-5.383032756044753980e-03
-5.380149737064404171e-03
-5.377262175207593066e-03
-5.374370062824927394e-03
-5.371473392236108049e-03
-5.368572155730644800e-03
-5.365666345567083467e-03
-5.362755953972996384e-03
-5.359840973145099489e-03
-5.356921395248654717e-03
-5.353997212417681631e-03
-5.351068416754096134e-03
-5.348135000328753906e-03
-5.345196955180087778e-03
-5.342254273314234365e-03
-5.339306946705553621e-03
-5.336354967295464831e-03
-5.333398326992778819e-03
-5.330437017673573044e-03
-5.327471031180731030e-03
-5.324500359323968389e-03
-5.321524993879470262e-03
-5.318544926589914741e-03
-5.315560149164267299e-03
-5.312570653277077365e-03
-5.309576430569143586e-03
-5.306577472646603968e-03
-5.303573771081208227e-03
-5.300565317409561446e-03
-5.297552103133740774e-03
-5.294534119720268467e-03
-5.291511358600379904e-03
-5.288483811169892614e-03
-5.285451468788437794e-03
-5.282414322779988534e-03
-5.279372364432049700e-03
-5.276325584995915537e-03
-5.273273975686091145e-03
-5.270217527680112063e-03
-5.267156232118662233e-03
-5.264090080104888783e-03
-5.261019062704822696e-03
-5.257943170946175783e-03
-5.254862395819280031e-03
-5.251776728275852485e-03
-5.248686159229350862e-03
-5.245590679554645690e-03
-5.242490280087741018e-03
-5.239384951625319919e-03
-5.236274684925025513e-03
-5.233159470704781824e-03
-5.230039299642620307e-03
-5.226914162376662502e-03
-5.223784049504747937e-03
-5.220648951584029931e-03
-5.217508859131075351e-03
-5.214363762621082241e-03
-5.211213652488591933e-03
-5.208058519125824577e-03
-5.204898352883906461e-03
-5.201733144071343448e-03
-5.198562882954961203e-03
-5.195387559758552105e-03
-5.192207164663319337e-03
-5.189021687807148300e-03
-5.185831119284851215e-03
-5.182635449147660577e-03
-5.179434667402437256e-03
-5.176228764012591639e-03
-5.173017728896446912e-03
-5.169801551927965047e-03
-5.166580222936045970e-03
-5.163353731704358428e-03
-5.160122067970925389e-03
-5.156885221427912405e-03
-5.153643181721618942e-03
-5.150395938451434071e-03
-5.147143481170482655e-03
-5.143885799384600999e-03
-5.140622882552385413e-03
-5.137354720084865226e-03
-5.134081301345057823e-03
-5.130802615647827268e-03
-5.127518652259578126e-03
-5.124229400397663919e-03
-5.120934849230360242e-03
-5.117634987876536895e-03
-5.114329805405165227e-03
-5.111019290835159407e-03
-5.107703433134891564e-03
-5.104382221222063427e-03
-5.101055643963234472e-03
-5.097723690173432479e-03
-5.094386348616153533e-03
-5.091043608002479050e-03
-5.087695456991142562e-03
-5.084341884188006699e-03
-5.080982878146147325e-03
-5.077618427364438865e-03
-5.074248520288534431e-03
-5.070873145309531815e-03
-5.067492290764096657e-03
-5.064105944933872637e-03
-5.060714096045039120e-03
-5.057316732268277333e-03
-5.053913841718395659e-03
-5.050505412453307891e-03
-5.047091432474319454e-03
-5.043671889725633885e-03
-5.040246772093736997e-03
-5.036816067407253773e-03
-5.033379763436194622e-03
-5.029937847892052526e-03
-5.026490308426881035e-03
-5.023037132633626466e-03
-5.019578308044408792e-03
-5.016113822131781051e-03
-5.012643662307085697e-03
-5.009167815920420770e-03
-5.005686270260082185e-03
-5.002199012552797919e-03
-4.998706029962049664e-03
-4.995207309588791875e-03
-4.991702838470567054e-03
-4.988192603580959318e-03
-4.984676591829157247e-03
-4.981154790059784745e-03
-4.977627185052267873e-03
-4.974093763519958807e-03
-4.970554512110612888e-03
-4.967009417405082380e-03
-4.963458465917153402e-03
-4.959901644093120919e-03
-4.956338938311187665e-03
-4.952770334880903826e-03
-4.949195820043083768e-03
-4.945615379968668068e-03
-4.942029000758981112e-03
-4.938436668444411842e-03
-4.934838368984379928e-03
-4.931234088266999230e-03
-4.927623812108154928e-03
-4.924007526251008258e-03
-4.920385216365620075e-03
-4.916756868048413089e-03
-4.913122466821717368e-03
-4.909481998132891704e-03
-4.905835447354041715e-03
-4.902182799781412692e-03
-4.898524040634686175e-03
-4.894859155056733614e-03
-4.891188128112768964e-03
-4.887510944789728515e-03
-4.883827589995882318e-03
-4.880138048560161979e-03
-4.876442305231581259e-03
-4.872740344678492749e-03
-4.869032151488090002e-03
-4.865317710166048443e-03
-4.861597005135275505e-03
-4.857870020735946190e-03
-4.854136741224391975e-03
-4.850397150772779893e-03
-4.846651233468293740e-03
-4.842898973312494831e-03
-4.839140354220699235e-03
-4.835375360020988111e-03
-4.831603974454506956e-03
-4.827826181173615512e-03
-4.824041963741803642e-03
-4.820251305632947993e-03
-4.816454190230395199e-03
-4.812650600826705143e-03
-4.808840520622381133e-03
-4.805023932725667815e-03
-4.801200820151152980e-03
-4.797371165819804863e-03
-4.793534952557681507e-03
-4.789692163095537851e-03
-4.785842780067602747e-03
-4.781986786011233753e-03
-4.778124163365985583e-03
-4.774254894472689838e-03
-4.770378961573026530e-03
-4.766496346808310643e-03
-4.762607032218810384e-03
-4.758710999743185135e-03
-4.754808231217254669e-03
-4.750898708373469184e-03
-4.746982412839753120e-03
-4.743059326139006417e-03
-4.739129429688126137e-03
-4.735192704796783482e-03
-4.731249132667093328e-03
-4.727298694392460636e-03
-4.723341370956388695e-03
-4.719377143232107025e-03
-4.715405991981351866e-03
-4.711427897853434632e-03
-4.707442841384188933e-03
-4.703450802995370363e-03
-4.699451762993433514e-03
-4.695445701568464261e-03
-4.691432598793482400e-03
-4.687412434623301934e-03
-4.683385188893228294e-03
-4.679350841318625533e-03
-4.675309371493485168e-03
-4.671260758889493776e-03
-4.667204982854958328e-03
-4.663142022613616169e-03
-4.659071857263820567e-03
-4.654994465777357628e-03
-4.650909826998050715e-03
-4.646817919641228756e-03
-4.642718722291957686e-03
-4.638612213404271975e-03
-4.634498371300120774e-03
-4.630377174167814476e-03
-4.626248600061091433e-03
-4.622112626898070183e-03
-4.617969232459635288e-03
-4.613818394388448547e-03
-4.609660090187800603e-03
-4.605494297220264800e-03
-4.601320992706204455e-03
-4.597140153723030392e-03
-4.592951757203385561e-03
-4.588755779933935061e-03
-4.584552198554402505e-03
-4.580340989555719070e-03
-4.576122129278990466e-03
-4.571895593914139522e-03
-4.567661359498082982e-03
-4.563419401914050634e-03
-4.559169696889487158e-03
-4.554912219994893333e-03
-4.550646946642470346e-03
-4.546373852084451862e-03
-4.542092911411704965e-03
-4.537804099552110795e-03
-4.533507391269274781e-03
-4.529202761160539513e-03
-4.524890183655936975e-03
-4.520569633016338455e-03
-4.516241083331528142e-03
-4.511904508519410349e-03
-4.507559882323457744e-03
-4.503207178311581169e-03
-4.498846369874212776e-03
-4.494477430222762991e-03
-4.490100332387792978e-03
-4.485715049217198387e-03
-4.481321553374462488e-03
-4.476919817337130479e-03
-4.472509813394368733e-03
-4.468091513645822480e-03
-4.463664889999233165e-03
-4.459229914168853781e-03
-4.454786557673319491e-03
-4.450334791833812295e-03
-4.445874587772169310e-03
-4.441405916408682278e-03
-4.436928748460239672e-03
-4.432443054438210336e-03
-4.427948804646550905e-03
-4.423445969179365042e-03
-4.418934517919068106e-03
-4.414414420534150223e-03
-4.409885646476892525e-03
-4.405348164981365278e-03
-4.400801945060984523e-03
-4.396246955506404389e-03
-4.391683164883040773e-03
-4.387110541528899468e-03
-4.382529053552209133e-03
-4.377938668828814869e-03
-4.373339355000120839e-03
-4.368731079470217563e-03
-4.364113809403854898e-03
-4.359487511723240602e-03
-4.354852153106433116e-03
-4.350207699983793183e-03
-4.345554118535895245e-03
-4.340891374690902804e-03
-4.336219434121518779e-03
-4.331538262242332245e-03
-4.326847824207478294e-03
-4.322148084907237106e-03
-4.317439008965379826e-03
-4.312720560736570813e-03
-4.307992704302852222e-03
-4.303255403471224066e-03
-4.298508621770392481e-03
-4.293752322447496293e-03
-4.288986468465498872e-03
-4.284211022499450662e-03
-4.279425946933795161e-03
-4.274631203858982736e-03
-4.269826755067950008e-03
-4.265012562053052854e-03
-4.260188586002651608e-03
-4.255354787797502834e-03
-4.250511128007568307e-03
-4.245657566888134428e-03
-4.240794064376632484e-03
-4.235920580088676536e-03
-4.231037073314341569e-03
-4.226143503014844968e-03
-4.221239827818318129e-03
-4.216326006016065525e-03
-4.211401995558772607e-03
-4.206467754052533280e-03
-4.201523238754598967e-03
-4.196568406569435583e-03
-4.191603214044720659e-03
-4.186627617366866019e-03
-4.181641572356965472e-03
-4.176645034466201258e-03
-4.171637958771724948e-03
-4.166620299971939868e-03
-4.161592012382170358e-03
-4.156553049929853985e-03
-4.151503366150055552e-03
-4.146442914180341853e-03
-4.141371646756519462e-03
-4.136289516207316934e-03
-4.131196474449482479e-03
-4.126092472982656988e-03
-4.120977462884560169e-03
-4.115851394805329286e-03
-4.110714218962623762e-03
-4.105565885135839012e-03
-4.100406342660953447e-03
-4.095235540424985166e-03
-4.090053426859972460e-03
-4.084859949937632607e-03
-4.079655057163461204e-03
-4.074438695570544409e-03
-4.069210811713863847e-03
-4.063971351664013437e-03
-4.058720261001016842e-03
-4.053457484807967103e-03
-4.048182967664728724e-03
-4.042896653641332716e-03
-4.037598486291242399e-03
-4.032288408644593182e-03
-4.026966363201926746e-03
-4.021632291926151466e-03
-4.016286136236543736e-03
-4.010927837000606046e-03
-4.005557334527463757e-03
-4.000174568560011142e-03
-3.994779478267616868e-03
-3.989372002238071417e-03
-3.983952078469954299e-03
-3.978519644364704629e-03
-3.973074636718386399e-03
-3.967616991713596858e-03
-3.962146644910843202e-03
-3.956663531240370291e-03
-3.951167584993022994e-03
-3.945658739811748646e-03
-3.940136928682568679e-03
-3.934602083925316067e-03
-3.929054137184264349e-03
-3.923493019419074107e-03
-3.917918660894482638e-03
-3.912330991171086500e-03
-3.906729939095127460e-03
-3.901115432788262831e-03
-3.895487399637219145e-03
-3.889845766283472721e-03
-3.884190458612207277e-03
-3.878521401741780259e-03
-3.872838520012094124e-03
-3.867141736973750844e-03
-3.861430975376282243e-03
-3.855706157156391610e-03
-3.849967203426102064e-03
-3.844214034460531094e-03
-3.838446569685439579e-03
-3.832664727664635528e-03
-3.826868426087059929e-03
-3.821057581753821864e-03
-3.815232110564382734e-03
-3.809391927503693719e-03
-3.803536946627454965e-03
-3.797667081048604256e-03
-3.791782242922845086e-03
-3.785882343433300858e-03
-3.779967292776425462e-03
-3.774037000146388161e-03
-3.768091373719083780e-03
-3.762130320637067059e-03
-3.756153746992710232e-03
-3.750161557812047974e-03
-3.744153657037773645e-03
-3.738129947512212111e-03
-3.732090330959915696e-03
-3.726034707969493390e-03
-3.719962977975865490e-03
-3.713875039241149988e-03
-3.707770788836340422e-03
-3.701650122621419434e-03
-3.695512935226045667e-03
-3.689359120029206754e-03
-3.683188569138830248e-03
-3.677001173370768317e-03
-3.670796822227425510e-03
-3.664575403875977577e-03
-3.658336805126013482e-03
-3.652080911406774093e-03
-3.645807606744169271e-03
-3.639516773736760184e-03
-3.633208293531798878e-03
-3.626882045800332820e-03
-3.620537908712276928e-03
-3.614175758909972478e-03
-3.607795471482725704e-03
-3.601396919939160637e-03
-3.594979976180235487e-03
-3.588544510470904197e-03
-3.582090391411551621e-03
-3.575617485908520136e-03
-3.569125659144417248e-03
-3.562614774547254431e-03
-3.556084693759288887e-03
-3.549535276604964991e-03
-3.542966381058280673e-03
-3.536377863209394425e-03
-3.529769577230257825e-03
-3.523141375339757138e-03
-3.516493107768094237e-03
-3.509824622720084629e-03
-3.503135766337766785e-03
-3.496426382662177514e-03
-3.489696313594220934e-03
-3.482945398854687437e-03
-3.476173475943300766e-03
-3.469380380096487911e-03
-3.462565944244887055e-03
-3.455729998969259142e-03
-3.448872372455518212e-03
-3.441992890448728262e-03
-3.435091376205944361e-03
-3.428167650448185090e-03
-3.421221531310720577e-03
-3.414252834292779391e-03
-3.407261372205507271e-03
-3.400246955119044616e-03
-3.393209390308020174e-03
-3.386148482196041191e-03
-3.379064032298357764e-03
-3.371955839163684118e-03
-3.364823698313874466e-03
-3.357667402182826916e-03
-3.350486740053295730e-03
-3.343281497992362222e-03
-3.336051458785304485e-03
-3.328796401867508640e-03
-3.321516103255096365e-03
-3.314210335473457766e-03
-3.306878867483693894e-03
-3.299521464607941667e-03
-3.292137888451918040e-03
-3.284727896825989212e-03
-3.277291243663846797e-03
-3.269827678939322187e-03
-3.262336948580680813e-03
-3.254818794382914951e-03
-3.247272953917505582e-03
-3.239699160439972470e-03
-3.232097142794570187e-03
-3.224466625316768902e-03
-3.216807327732848151e-03
-3.209118965056916711e-03
-3.201401247484897145e-03
-3.193653880285701394e-03
-3.185876563689424810e-03
-3.178068992772298870e-03
-3.170230857338492744e-03
-3.162361841798460183e-03
-3.154461625044325222e-03
-3.146529880320792297e-03
-3.138566275093410910e-03
-3.130570470912112310e-03
-3.122542123271664430e-03
-3.114480881467348531e-03
-3.106386388446864561e-03
-3.098258280657781739e-03
-3.090096187890309289e-03
-3.081899733115827083e-03
-3.073668532320017379e-03
-3.065402194331625068e-03
-3.057100320645570087e-03
-3.048762505240957144e-03
-3.040388334393602423e-03
-3.031977386482519101e-03
-3.023529231790768931e-03
-3.015043432300178097e-03
-3.006519541479204388e-03
-2.997957104064828682e-03
-2.989355655837218264e-03
-2.980714723387251335e-03
-2.972033823876776490e-03
-2.963312464791354340e-03
-2.954550143684655985e-03
-2.945746347915173622e-03
-2.936900554373726713e-03
-2.928012229202729948e-03
-2.919080827505795336e-03
-2.910105793047908229e-03
-2.901086557945723246e-03
-2.892022542347408472e-03
-2.882913154101733079e-03
-2.873757788416089580e-03
-2.864555827502889961e-03
-2.855306640213729850e-03
-2.846009581661098665e-03
-2.836663992827188202e-03
-2.827269200158722372e-03
-2.817824515147893984e-03
-2.808329233898496525e-03
-2.798782636676737465e-03
-2.789183987445841006e-03
-2.779532533384428995e-03
-2.769827504387046332e-03
-2.760068112546810917e-03
-2.750253551619286519e-03
-2.740382996466369028e-03
-2.730455602480014784e-03
-2.720470504984264914e-03
-2.710426818614860081e-03
-2.700323636675714886e-03
-2.690160030470898408e-03
-2.679935048611147702e-03
-2.669647716293630998e-03
-2.659297034554107108e-03
-2.648881979489898977e-03
-2.638401501452342611e-03
-2.627854524207591611e-03
-2.617239944064014834e-03
-2.606556628964657590e-03
-2.595803417543529092e-03
-2.584979118143207293e-03
-2.574082507792913727e-03
-2.563112331144081109e-03
-2.552067299362385452e-03
-2.540946088973561248e-03
-2.529747340660482187e-03
-2.518469658009974375e-03
-2.507111606205977578e-03
-2.495671710666825822e-03
-2.484148455623854009e-03
-2.472540282638027200e-03
-2.460845589051920655e-03
-2.449062726373059905e-03
-2.437189998585795846e-03
-2.425225660387349009e-03
-2.413167915344506705e-03
-2.401014913966328761e-03
-2.388764751688728007e-03
-2.376415466766016241e-03
-2.363965038064271343e-03
-2.351411382751582031e-03
-2.338752353878528843e-03
-2.325985737844154730e-03
-2.313109251739746929e-03
-2.300120540564236284e-03
-2.287017174303775102e-03
-2.273796644867440500e-03
-2.260456362871080069e-03
-2.246993654260181703e-03
-2.233405756762352808e-03
-2.219689816159402598e-03
-2.205842882367888783e-03
-2.191861905317085430e-03
-2.177743730611495562e-03
-2.163485094964882026e-03
-2.149082621391772314e-03
-2.134532814141023010e-03
-2.119832053355196009e-03
-2.104976589438520718e-03
-2.089962537114255746e-03
-2.074785869151748400e-03
-2.059442409741037844e-03
-2.043927827492379376e-03
-2.028237628034825976e-03
-2.012367146187525341e-03
-1.996311537674177062e-03
-1.980065770349523357e-03
-1.963624614903869327e-03
-1.946982635009053032e-03
-1.930134176866150865e-03
-1.913073358112418569e-03
-1.895794056040971251e-03
-1.878289895082697848e-03
-1.860554233496584855e-03
-1.842580149208693924e-03
-1.824360424736138535e-03
-1.805887531125797800e-03
-1.787153610832332507e-03
-1.768150459452478901e-03
-1.748869506225337375e-03
-1.729301793200822878e-03
-1.709437952968370080e-03
-1.689268184828595200e-03
-1.668782229279490090e-03
-1.647969340676262804e-03
-1.626818257910369854e-03
-1.605317172938472339e-03
-1.583453696974823199e-03
-1.561214824142146676e-03
-1.538586892355369709e-03
-1.515555541189309106e-03
-1.492105666455095401e-03
-1.468221371181662686e-03
-1.443885912665928296e-03
-1.419081645218558041e-03
-1.393789958191631604e-03
-1.367991208828178533e-03
-1.341664649421531099e-03
-1.314788348214122795e-03
-1.287339103398294892e-03
-1.259292349507685560e-03
-1.230622055400854920e-03
-1.201300612943634414e-03
-1.171298715384885098e-03
-1.140585224294909201e-03
-1.109127023791967861e-03
-1.076888860616796164e-03
-1.043833168425779270e-03
-1.009919874455604679e-03
-9.751061864606999597e-04
-9.393463575346004246e-04
-9.025914260891355510e-04
-8.647889278756078517e-04
-8.258825764764993541e-04
-7.858119081652523933e-04
-7.445118864105081460e-04
-7.019124605708950727e-04
-6.579380724686499518e-04
-6.125071035153948056e-04
-5.655312538628699381e-04
-5.169148436241475814e-04
-4.665540245091725157e-04
-4.143358881827592156e-04
-3.601374552074666216e-04
-3.038245254873093841e-04
-2.452503675601826194e-04
-1.842542197523027413e-04
-1.206595709158438546e-04
-5.427218198310378248e-05
1.512219842253611449e-05
8.776048097501967273e-05
1.639053142062785596e-04
2.438486790245282965e-04
3.279161029748038506e-04
4.164716225904553366e-04
5.099236534896853419e-04
6.087319680346660409e-04
7.134160322720474760e-04
8.245650214491302091e-04
9.428499220929518511e-04
1.069038246045682546e-03
1.204012038683374610e-03
1.348790075089043158e-03
1.504555426263719069e-03
1.672689974798679050e-03
1.854818013614556796e-03
2.052861844348938432e-03
2.269113413735479156e-03
2.506327657971663299e-03
2.767845637836148162e-03
3.057759180019328175e-03
3.381134318923080702e-03
3.744319589769285785e-03
4.155379305393542763e-03
4.624715214244437891e-03
5.165979560561547064e-03
5.797452412430338826e-03
6.544184172077657444e-03
7.441449827151443847e-03
8.540558373314167950e-03
9.919131023429665628e-03
1.170044842483639221e-02
1.409281223929130869e-02
1.747810869781958945e-02
2.264020934739608901e-02
3.148280196903730649e-02
5.013999122281745380e-02
1.154164041311418615e-01
-4.719758688255786816e-01
-8.036503818003346011e-02
-4.475529492246713148e-02
-3.139559107275763372e-02
-2.439301939150947257e-02
-2.007998574437904610e-02
-1.715508562860602187e-02
-1.503991692737502439e-02
-1.343822479511008403e-02
-1.218256074799121957e-02
-1.117114228944309298e-02
-1.033853773623662035e-02
-9.640768343213744831e-03
-9.047182189486866269e-03
-8.535761633835632634e-03
-8.090283090327738541e-03
-7.698528738882368105e-03
-7.351122057718214621e-03
-7.040747246191312973e-03
-6.761612577984117342e-03
-6.509073154326530490e-03
-6.279360425162432494e-03
-6.069384812693170289e-03
-5.876589380545846342e-03
-5.698839783302918002e-03
-5.534340418515059853e-03
-5.381569780533497320e-03
-5.239230074516468619e-03
-5.106207550850585392e-03
-4.981540990024429204e-03
-4.864396448776176808e-03
-4.754046862742270473e-03
-4.649855449845724520e-03
-4.551262113063381937e-03
-4.457772228663620627e-03
-4.368947345531256146e-03
-4.284397426031918629e-03
-4.203774338341496712e-03
-4.126766370914067283e-03
-4.053093586563539727e-03
-3.982503869957293788e-03
-3.914769550709182484e-03
-3.849684506592971484e-03
-3.787061669078631895e-03
-3.726730867475184714e-03
-3.668536959240895068e-03
-3.612338203101702217e-03
-3.558004838968258608e-03
-3.505417844618110949e-03
-3.454467843993674556e-03
-3.405054145973877323e-03
-3.357083895781183026e-03
-3.310471323919467797e-03
-3.265137079809533535e-03
-3.221007639183216028e-03
-3.178014775882558995e-03
-3.136095090041532592e-03
-3.095189585750794583e-03
-3.055243292252942788e-03
-3.016204923521449612e-03
-2.978026571759551100e-03
-2.940663430939268255e-03
-2.904073546999685201e-03
-2.868217591751197684e-03
-2.833058657901212953e-03
-2.798562072933106701e-03
-2.764695229844703339e-03
-2.731427432990006510e-03
-2.698729757473630232e-03
-2.666574920726867692e-03
-2.634937165050278956e-03
-2.603792150044704698e-03
-2.573116853971405601e-03
-2.542889483187484381e-03
-2.513089388894401525e-03
-2.483696990518506273e-03
-2.454693705114369649e-03
-2.426061882244175474e-03
-2.397784743843067896e-03
-2.369846328629295756e-03
-2.342231440662201347e-03
-2.314925601690481956e-03
-2.287915006967186551e-03
-2.261186484240035321e-03
-2.234727455652240919e-03
-2.208525902314955203e-03
-2.182570331333594238e-03
-2.156849745091210697e-03
-2.131353612608967354e-03
-2.106071842820876616e-03
-2.080994759613573070e-03
-2.056113078495500068e-03
-2.031417884771522311e-03
-2.006900613109189550e-03
-1.982553028393357290e-03
-1.958367207773821506e-03
-1.934335523818745892e-03
-1.910450628693981592e-03
-1.886705439294891502e-03
-1.863093123262721121e-03
-1.839607085823724694e-03
-1.816240957393265576e-03
-1.792988581892862154e-03
-1.769844005730232062e-03
-1.746801467398648080e-03
-1.723855387652881415e-03
-1.701000360223988480e-03
-1.678231143036884501e-03
-1.655542649897887107e-03
-1.632929942621655622e-03
-1.610388223568893140e-03
-1.587912828568749553e-03
-1.565499220201074532e-03
-1.543142981416029125e-03
-1.520839809469719944e-03
-1.498585510155993816e-03
-1.476375992316117337e-03
-1.454207262609054623e-03
-1.432075420526523210e-03
-1.409976653637398832e-03
-1.387907233047868186e-03
-1.365863509064316455e-03
-1.343841907045888618e-03
-1.321838923436569058e-03
-1.299851121964446226e-03
-1.277875129999394210e-03
-1.255907635058753531e-03
-1.233945381452796397e-03
-1.211985167060689560e-03
-1.190023840230169418e-03
-1.168058296792379765e-03
-1.146085477185694416e-03
-1.124102363681376334e-03
-1.102105977704847996e-03
-1.080093377247309198e-03
-1.058061654360847740e-03
-1.036007932733057271e-03
-1.013929365334989476e-03
-9.918231321388445380e-04
-9.696864378993270278e-04
-9.475165099959426390e-04
-9.253105963309255465e-04
-9.030659632794216024e-04
-8.807798936880616419e-04
-8.584496849180856329e-04
-8.360726469300858773e-04
-8.136461004064009760e-04
-7.911673749085577131e-04
-7.686338070663455146e-04
-7.460427387956096879e-04
-7.233915155420643202e-04
-7.006774845480965522e-04
-6.778979931403047001e-04
-6.550503870346337373e-04
-6.321320086567573703e-04
-6.091401954755578177e-04
-5.860722783467823454e-04
-5.629255798648422678e-04
-5.396974127201028919e-04
-5.163850780598065130e-04
-4.929858638498685200e-04
-4.694970432355566629e-04
-4.459158728987398508e-04
-4.222395914100871158e-04
-3.984654175721773846e-04
-3.745905487539934208e-04
-3.506121592123589373e-04
-3.265273983989088738e-04
-3.023333892508795829e-04
-2.780272264622378779e-04
-2.536059747342742608e-04
-2.290666670022379389e-04
-2.044063026360487837e-04
-1.796218456130561740e-04
-1.547102226600280709e-04
-1.296683213618728689e-04
-1.044929882344228711e-04
-7.918102675980433301e-05
-5.372919538000370688e-05
-2.813420544704259632e-05
-2.392719126866928170e-06
2.349865274646630552e-05
4.954335286879037702e-05
7.574487971928698521e-05
1.021067898726974420e-04
1.286327003739123464e-04
1.553262911772026935e-04
1.821913076552441127e-04
2.092315631806625220e-04
2.364509417841827860e-04
2.638534008934240171e-04
2.914429741567446837e-04
3.192237743566514897e-04
3.471999964163154182e-04
3.753759205054637942e-04
4.037559152499454931e-04
4.323444410503380492e-04
4.611460535141646225e-04
4.901654070100876139e-04
5.194072583467382580e-04
5.488764705853643039e-04
5.785780169916476205e-04
6.085169851333675946e-04
6.386985811330492778e-04
6.691281340808902245e-04
6.998111006185402452e-04
7.307530697005853657e-04
7.619597675440788458e-04
7.934370627747124299e-04
8.251909717806775804e-04
8.572276642836685560e-04
8.895534691399087368e-04
9.221748803816206836e-04
9.550985635125408112e-04
9.883313620700482673e-04
1.021880304468851140e-03
1.055752611140090870e-03
1.089955701982904621e-03
1.124497204143919127e-03
1.159384960143478461e-03
1.194627036367093987e-03
1.230231731941588535e-03
1.266207588018034534e-03
1.302563397483490638e-03
1.339308215125650792e-03
1.376451368276156422e-03
1.414002467958693637e-03
1.451971420572435636e-03
1.490368440140177504e-03
1.529204061154167821e-03
1.568489152055468211e-03
1.608234929382811214e-03
1.648452972631859071e-03
1.689155239866774356e-03
1.730354084129375261e-03
1.772062270695273084e-03
1.814292995227677514e-03
1.857059902885670622e-03
1.900377108445628314e-03
1.944259217500321837e-03
1.988721348803036519e-03
2.033779157831615281e-03
2.079448861650267863e-03
2.125747265153893513e-03
2.172691788786486680e-03
2.220300497831020903e-03
2.268592133377457347e-03
2.317586145080352197e-03
2.367302725831137329e-03
2.417762848475529802e-03
2.468988304719268133e-03
2.521001746376703642e-03
2.573826729128210478e-03
2.627487758968111847e-03
2.682010341536696790e-03
2.737421034549577040e-03
2.793747503554261727e-03
2.851018581261060419e-03
2.909264330722737338e-03
2.968516112654376315e-03
3.028806657216064763e-03
3.090170140607896576e-03
3.152642266856239134e-03
3.216260355211386646e-03
3.281063433605339863e-03
3.347092338672488787e-03
3.414389822873398206e-03
3.483000669319502585e-03
3.552971814953620466e-03
3.624352482801261599e-03
3.697194324089367323e-03
3.771551571094912403e-03
3.847481201686236973e-03
3.925043116612680905e-03
4.004300330711221129e-03
4.085319179321920610e-03
4.168169541342995818e-03
4.252925080512604677e-03
4.339663506679405577e-03
4.428466859022064245e-03
4.519421813399166626e-03
4.612620016264262941e-03
4.708158447864470818e-03
4.806139817763375316e-03
4.906672996097290532e-03
5.009873484387375453e-03
5.115863930208877815e-03
5.224774690559776634e-03
5.336744449390164874e-03
5.451920895468666955e-03
5.570461467577725312e-03
5.692534174972879897e-03
5.818318502125943530e-03
5.948006408032272506e-03
6.081803431817036330e-03
6.219929918073255348e-03
6.362622377337228373e-03
6.510134999416558078e-03
6.662741339989011573e-03
6.820736204070643183e-03
6.984437753695259439e-03
7.154189871577036272e-03
7.330364817776628336e-03
7.513366222643895129e-03
7.703632466766932585e-03
7.901640507599285226e-03
8.107910223186345564e-03
8.323009356396408182e-03
8.547559158794496362e-03
8.782240852458140720e-03
9.027803051457214401e-03
9.285070313497890276e-03
9.554953027753259470e-03
9.838458888965385257e-03
1.013670626287913046e-02
1.045093981699804671e-02
1.078254887763370994e-02
1.113308908463254629e-02
1.150430805624451727e-02
1.189817595812401804e-02
1.231692210571303653e-02
1.276307903653751269e-02
1.323953589361178025e-02
1.374960349872251728e-02
1.429709421521757964e-02
1.488642067618275305e-02
1.552271879027611150e-02
1.621200228784822409e-02
1.696135866380584639e-02
1.777920005838752246e-02
1.867558792734216183e-02
1.966265812693582249e-02
2.075518461564743178e-02
2.197133753876456125e-02
2.333371866558587443e-02
2.487080025084452417e-02
2.661896343309813270e-02
2.862544936745613569e-02
3.095273835734109122e-02
3.368523384794844255e-02
3.693980267166695197e-02
4.088304330650040924e-02
4.576088900861888242e-02
5.195221437706703388e-02
6.007270023318508900e-02
7.119410980146136103e-02
8.736259656203952673e-02
1.130317470390773127e-01
1.600786413032291855e-01
2.743215411129188430e-01
9.600766785606554832e-01
-6.389069491589497440e-01
-2.394804867927300129e-01
-1.472576442047069389e-01
-1.062548870950748015e-01
-8.306974520538852602e-02
-6.815748265600160560e-02
-5.775781013886581439e-02
-5.008946571074952836e-02
-4.419965428584385347e-02
-3.953256683710146963e-02
-3.574212767265450008e-02
-3.260159427191607062e-02
-2.995620387862946848e-02
-2.769671088005880299e-02
-2.574379903072208930e-02
-2.403848886878049221e-02
-2.253601227369060600e-02
-2.120177521003063087e-02
-2.000862279261097706e-02
-1.893494156464144151e-02
-1.796331450287634579e-02
-1.707954962753728892e-02
-1.627196650011848017e-02
-1.553086411779642378e-02
-1.484811858809471745e-02
-1.421687509739518948e-02
-1.363130935937455733e-02
-1.308644092182280685e-02
-1.257798563934288752e-02
-1.210223804981966009e-02
-1.165597681397778987e-02
-1.123638810916080359e-02
-1.084100312215619324e-02
-1.046764670378493023e-02
-1.011439492711119215e-02
-9.779539798566962844e-03
-9.461559753954740248e-03
-9.159094862357769831e-03
-8.870925884198296169e-03
-8.595956502149537312e-03
-8.333198177861544931e-03
-8.081757192651256236e-03
-7.840823513290608171e-03
-7.609661189866996460e-03
-7.387600045253605793e-03
-7.174028457912567068e-03
-6.968387073791167986e-03
-6.770163310676852349e-03
-6.578886540866295263e-03
-6.394123856410280186e-03
-6.215476336341780109e-03
-6.042575747777695350e-03
-5.875081623153421105e-03
-5.712678664459161851e-03
-5.555074432551775770e-03
-5.401997285643646285e-03
-5.253194536145259358e-03
-5.108430799321878393e-03
-4.967486510839520114e-03
-4.830156593364011951e-03
-4.696249254984205188e-03
-4.565584904472146620e-03
-4.437995170313065001e-03
-4.313322012069974003e-03
-4.191416914073537239e-03
-4.072140152645639319e-03
-3.955360129115386564e-03
-3.840952761810567228e-03
-3.728800930995930952e-03
-3.618793971423689242e-03
-3.510827207768260280e-03
-3.404801528741524790e-03
-3.300622996149090750e-03
-3.198202485555268551e-03
-3.097455355580606886e-03
-2.998301143166734635e-03
-2.900663282430726315e-03
-2.804468844960418105e-03
-2.709648299638902063e-03
-2.616135290261025620e-03
-2.523866429387428435e-03
-2.432781107028565877e-03
-2.342821312888826966e-03
-2.253931471019779854e-03
-2.166058285843849244e-03
-2.079150598598408350e-03
-1.993159253345874217e-03
-1.908036971769203408e-03
-1.823738236035585270e-03
-1.740219179087948344e-03
-1.657437481765262118e-03
-1.575352276215159601e-03
-1.493924055096705833e-03
-1.413114586127214075e-03
-1.332886831548687253e-03
-1.253204872133433997e-03
-1.174033835377268336e-03
-1.095339827551830960e-03
-1.017089869317865623e-03
-9.392518346231082524e-04
-8.617943926228495248e-04
-7.846869523914080762e-04
-7.078996101980746924e-04
-6.314030991431781497e-04
-5.551687409620355241e-04
-4.791683998177204118e-04
-4.033744379130711115e-04
-3.277596727647160107e-04
-2.522973359922854402e-04
-1.769610334777195135e-04
-1.017247067681456671e-04
-2.656259559277696861e-05
4.855079862625981055e-05
1.236407483823108227e-04
1.987323349211980554e-04
2.738504824139219220e-04
3.490199915669576656e-04
4.242655727683772738e-04
4.996118788669492257e-04
5.750835376784695606e-04
6.507051843137879850e-04
7.265014934178360513e-04
8.024972114137997672e-04
8.787171888412708505e-04
9.551864128815428781e-04
1.031930040162251693e-03
1.108973429932464056e-03
1.186342177706069864e-03
1.264062149468893250e-03
1.342159516550581275e-03
1.420660791260963673e-03
1.499592863403171987e-03
1.578983037768282591e-03
1.658859072728846324e-03
1.739249220055885626e-03
1.820182266080180508e-03
1.901687574337221224e-03
1.983795129833286486e-03
2.066535585084752769e-03
2.149940308091125886e-03
2.234041432405194962e-03
2.318871909490296569e-03
2.404465563551283925e-03
2.490857149048178714e-03
2.578082411116980072e-03
2.666178149135660803e-03
2.755182283692318886e-03
2.845133927236392392e-03
2.936073458709238977e-03
3.028042602486342820e-03
3.121084511974439070e-03
3.215243858255112819e-03
3.310566924185495957e-03
3.407101704409027688e-03
3.504898011771243917e-03
3.604007590674848660e-03
3.704484237965029701e-03
3.806383931984321303e-03
3.909764970501349891e-03
4.014688118284441901e-03
4.121216765166054244e-03
4.229417095528268528e-03
4.339358270232482849e-03
4.451112622123411071e-03
4.564755866349123718e-03
4.680367326874137514e-03
4.798030180708665916e-03
4.917831721535821654e-03
5.039863644612866019e-03
5.164222355017949496e-03
5.291009301561517240e-03
5.420331338938211285e-03
5.552301120988707706e-03
5.687037528299169857e-03
5.824666133729513619e-03
5.965319709912730341e-03
6.109138783260617024e-03
6.256272239587236557e-03
6.406877987100613112e-03
6.561123683272212549e-03
6.719187532944883266e-03
6.881259166024947076e-03
7.047540604247331565e-03
7.218247327815335325e-03
7.393609454242745620e-03
7.573873043501218316e-03
7.759301545636323148e-03
7.950177409431104583e-03
8.146803873523324191e-03
8.349506964694514838e-03
8.558637731960066358e-03
8.774574749717446373e-03
8.997726928669789667e-03
9.228536679767522510e-03
9.467483484175137978e-03
9.715087931579869523e-03
9.971916300347733603e-03
1.023858576653252986e-02
1.051577034510607460e-02
1.080420768667127510e-02
1.110470687726410402e-02
1.141815741868708670e-02
1.174553960368183471e-02
1.208793654590606045e-02
1.244654818162427984e-02
1.282270763136931536e-02
1.321790039980539483e-02
1.363378700612852268e-02
1.407222978305863736e-02
1.453532476977391699e-02
1.502543986670144480e-02
1.554526073658616531e-02
1.609784635268004041e-02
1.668669664749489884e-02
1.731583545578132405e-02
1.798991294666852508e-02
1.871433310882344297e-02
1.949541374533812765e-02
2.034058908458957760e-02
2.125866887126534252e-02
2.226017320842839722e-02
2.335777032184431848e-02
2.456685615877766959e-02
2.590633250806238450e-02
2.739966779026003010e-02
2.907636806074928928e-02
3.097405607219775106e-02
3.314147336958028767e-02
3.564292175951756791e-02
3.856501927589205819e-02
4.202731168242953425e-02
4.619957646427223091e-02
5.133132218002935121e-02
5.780484543337215120e-02
6.623716362450050854e-02
7.769287965515486727e-02
9.418003335468139170e-02
1.199927810616358420e-01
1.662595367137847946e-01
2.735245755505993914e-01
7.983217196144091199e-01
-8.326286035724218548e-01
-2.694475405885635166e-01
-1.590995613681112086e-01
-1.119651814578244836e-01
-8.577461795827931446e-02
-6.907369839226623620e-02
-5.747116951260822226e-02
-4.892174563824816524e-02
-4.234396015252783751e-02
-3.711216882939891160e-02
-3.283920144408843111e-02
-2.927254124049217740e-02
-2.624038899580828643e-02
-2.362171990590193962e-02
-2.132873962839351017e-02
-1.929613469836745365e-02
-1.747423211391421413e-02
-1.582450275510746684e-02
-1.431652059158688983e-02
-1.292585409543457742e-02
-1.163257060048525880e-02
-1.042015305777566070e-02
-9.274699794547059187e-03
-8.184321725668582126e-03
-7.138679132513304354e-03
-6.128617943129904301e-03
-5.145877112242570363e-03
-4.182846416773329003e-03
-3.232359094618377990e-03
-2.287507086297673256e-03
-1.341468694589216179e-03
-3.873395509085986871e-04
5.820419845216544610e-04
1.574284430788734125e-03
2.597658707207971089e-03
3.661353045381206175e-03
4.775784852631892105e-03
5.952993341515968456e-03
7.207146257534223326e-03
8.555208615068029404e-03
1.001784399944630026e-02
1.162065486227202744e-02
1.339592638252057322e-02
1.538513529901256414e-02
1.764265143820487741e-02
2.024135558812136665e-02
2.328144569531422764e-02
2.690476825445247203e-02
3.131919709093509974e-02
3.684237071372999106e-02
4.398546456946169497e-02
5.362745604977562502e-02
6.741897697978434245e-02
8.886793850153767993e-02
1.269754490479981235e-01
2.139090126950127235e-01
6.140438244905717102e-01
-7.799110182043142991e-01
-2.455009360336093405e-01
-1.479628641810492029e-01
-1.069581566802144668e-01
-8.434156103566012308e-02
-6.998534677604931198e-02
-6.004645263623301088e-02
-5.274626556621442308e-02
-4.714846442814230737e-02
-4.271317324038665514e-02
-3.910720338856685241e-02
-3.611376766300968683e-02
-3.358571974063061932e-02
-3.141965955917310621e-02
-2.954079368032474021e-02
-2.789367654913062211e-02
-2.643632952748620896e-02
-2.513638241186737926e-02
-2.396846993491645247e-02
-2.291243149775765500e-02
-2.195203913965931147e-02
-2.107408133231991609e-02
-2.026769163562088666e-02
-1.952384911310837967e-02
-1.883500132787924858e-02
-1.819477620083295721e-02
-1.759775921282211511e-02
-1.703931928723069478e-02
-1.651547137565119797e-02
-1.602276702321049281e-02
-1.555820648212539840e-02
-1.511916757811782898e-02
-1.470334771656774120e-02
-1.430871627940351679e-02
-1.393347530209723510e-02
-1.357602679641182856e-02
-1.323494544321352634e-02
-1.290895565215547346e-02
-1.259691219371946586e-02
-1.229778377020005961e-02
-1.201063901744721558e-02
-1.173463452725050787e-02
-1.146900455749423273e-02
-1.121305215849318498e-02
-1.096614149276463161e-02
-1.072769116468046645e-02
-1.049716840804445356e-02
-1.027408400523495413e-02
-1.005798783239943324e-02
-9.848464942260539909e-03
-9.645132110073771983e-03
-9.447634779877370909e-03
-9.255644357723066817e-03
-9.068855806566633593e-03
-8.886985504126632823e-03
-8.709769330621203176e-03
-8.536960957938101793e-03
-8.368330315787301035e-03
-8.203662213687288804e-03
-8.042755100508171620e-03
-7.885419945687015958e-03
-7.731479228299416133e-03
-7.580766021943653558e-03
-7.433123164895605664e-03
-7.288402506306478762e-03
-7.146464220333581183e-03
-7.007176181073741447e-03
-6.870413391998283353e-03
-6.736057464340588705e-03
-6.603996139504362921e-03
-6.474122851127727014e-03
-6.346336322928547782e-03
-6.220540198860903536e-03
-6.096642702520947872e-03
-5.974556323029697399e-03
-5.854197524941226992e-03
-5.735486479959905730e-03
-5.618346818489891939e-03
-5.502705399226615404e-03
-5.388492095186922515e-03
-5.275639594729125692e-03
-5.164083216248352426e-03
