-6.026281467041916078e-03
-6.024437879122402154e-03
-6.022591085408910729e-03
-6.020741082890475326e-03
-6.018887868546937171e-03
-6.017031439348697990e-03
-6.015171792257208334e-03
-6.013308924224274564e-03
-6.011442832193254933e-03
-6.009573513096941495e-03
-6.007700963859859480e-03
-6.005825181396414608e-03
-6.003946162611878412e-03
-6.002063904401997059e-03
-6.000178403653039921e-03
-5.998289657241601819e-03
-5.996397662035036699e-03
-5.994502414890672676e-03
-5.992603912656316832e-03
-5.990702152170146802e-03
-5.988797130260953630e-03
-5.986888843747288289e-03
-5.984977289437939593e-03
-5.983062464132089461e-03
-5.981144364619298166e-03
-5.979222987678496463e-03
-5.977298330079492197e-03
-5.975370388581531349e-03
-5.973439159934306776e-03
-5.971504640877071772e-03
-5.969566828139184766e-03
-5.967625718440180450e-03
-5.965681308488980476e-03
-5.963733594984341017e-03
-5.961782574615299458e-03
-5.959828244060090194e-03
-5.957870599986831578e-03
-5.955909639053490363e-03
-5.953945357907209496e-03
-5.951977753185298640e-03
-5.950006821514141307e-03
-5.948032559509899148e-03
-5.946054963777897863e-03
-5.944074030913236092e-03
-5.942089757500377753e-03
-5.940102140112693205e-03
-5.938111175313482738e-03
-5.936116859654696348e-03
-5.934119189678026610e-03
-5.932118161914337086e-03
-5.930113772882925072e-03
-5.928106019093271929e-03
-5.926094897042906776e-03
-5.924080403219117788e-03
-5.922062534097743969e-03
-5.920041286143907198e-03
-5.918016655810967933e-03
-5.915988639542082116e-03
-5.913957233768412682e-03
-5.911922434910280542e-03
-5.909884239376787286e-03
-5.907842643565172462e-03
-5.905797643862271615e-03
-5.903749236642412933e-03
-5.901697418269404374e-03
-5.899642185094853587e-03
-5.897583533459201804e-03
-5.895521459691356082e-03
-5.893455960108345826e-03
-5.891387031015435545e-03
-5.889314668706796194e-03
-5.887238869464200657e-03
-5.885159629557606617e-03
-5.883076945245385540e-03
-5.880990812774131854e-03
-5.878901228378079213e-03
-5.876808188279751891e-03
-5.874711688689194557e-03
-5.872611725805130210e-03
-5.870508295813476121e-03
-5.868401394888059404e-03
-5.866291019190552833e-03
-5.864177164870451424e-03
-5.862059828064622273e-03
-5.859939004898020998e-03
-5.857814691482525135e-03
-5.855686883918025283e-03
-5.853555578291570749e-03
-5.851420770677871752e-03
-5.849282457138660178e-03
-5.847140633723347906e-03
-5.844995296468586191e-03
-5.842846441397613402e-03
-5.840694064521582095e-03
-5.838538161838436637e-03
-5.836378729332964387e-03
-5.834215762977330855e-03
-5.832049258730378875e-03
-5.829879212538038868e-03
-5.827705620332739034e-03
-5.825528478034048066e-03
-5.823347781548050654e-03
-5.821163526767427279e-03
-5.818975709571880088e-03
-5.816784325827196143e-03
-5.814589371385860649e-03
-5.812390842086882607e-03
-5.810188733755520737e-03
-5.807983042203575773e-03
-5.805773763228651470e-03
-5.803560892615183299e-03
-5.801344426133549399e-03
-5.799124359539999454e-03
-5.796900688576869798e-03
-5.794673408972812398e-03
-5.792442516442252755e-03
-5.790208006685363014e-03
-5.787969875388310030e-03
-5.785728118222751432e-03
-5.783482730846158278e-03
-5.781233708901796844e-03
-5.778981048018244637e-03
-5.776724743809903868e-03
-5.774464791876246852e-03
-5.772201187802420558e-03
-5.769933927158667208e-03
-5.767663005500619187e-03
-5.765388418369120360e-03
-5.763110161290190513e-03
-5.760828229774688815e-03
-5.758542619318603520e-03
-5.756253325402982575e-03
-5.753960343493624841e-03
-5.751663669041066212e-03
-5.749363297480768707e-03
-5.747059224232658158e-03
-5.744751444701552689e-03
-5.742439954276426332e-03
-5.740124748330953722e-03
-5.737805822223513569e-03
-5.735483171296095785e-03
-5.733156790875592115e-03
-5.730826676272821225e-03
-5.728492822782925084e-03
-5.726155225684536297e-03
-5.723813880241209254e-03
-5.721468781699556166e-03
-5.719119925290647860e-03
-5.716767306228868854e-03
-5.714410919712610386e-03
-5.712050760923778614e-03
-5.709686825027858806e-03
-5.707319107173691557e-03
-5.704947602494007085e-03
-5.702572306104074749e-03
-5.700193213103157616e-03
-5.697810318573390959e-03
-5.695423617579807411e-03
-5.693033105171089840e-03
-5.690638776378311933e-03
-5.688240626215478567e-03
-5.685838649679762595e-03
-5.683432841750776267e-03
-5.681023197390722146e-03
-5.678609711544681075e-03
-5.676192379139853236e-03
-5.673771195086118463e-03
-5.671346154275523632e-03
-5.668917251582464810e-03
-5.666484481863378470e-03
-5.664047839956851647e-03
-5.661607320683761588e-03
-5.659162918846366748e-03
-5.656714629228963391e-03
-5.654262446597815329e-03
-5.651806365700623967e-03
-5.649346381266774630e-03
-5.646882488007003500e-03
-5.644414680613648282e-03
-5.641942953760205846e-03
-5.639467302101455401e-03
-5.636987720273449812e-03
-5.634504202893022076e-03
-5.632016744558098441e-03
-5.629525339847735697e-03
-5.627029983321348364e-03
-5.624530669519465891e-03
-5.622027392962796778e-03
-5.619520148152945017e-03
-5.617008929571580024e-03
-5.614493731680901545e-03
-5.611974548923538177e-03
-5.609451375721702555e-03
-5.606924206478262548e-03
-5.604393035575857412e-03
-5.601857857376538706e-03
-5.599318666222609896e-03
-5.596775456436002723e-03
-5.594228222317791481e-03
-5.591676958149025684e-03
-5.589121658189793312e-03
-5.586562316679488834e-03
-5.583998927836845289e-03
-5.581431485859354898e-03
-5.578859984923910907e-03
-5.576284419185680886e-03
-5.573704782778978427e-03
-5.571121069816668131e-03
-5.568533274390202910e-03
-5.565941390569354233e-03
-5.563345412402264170e-03
-5.560745333915273654e-03
-5.558141149113100289e-03
-5.555532851977988337e-03
-5.552920436470452047e-03
-5.550303896528729214e-03
-5.547683226068497557e-03
-5.545058418983377785e-03
-5.542429469144126084e-03
-5.539796370398985398e-03
-5.537159116573403539e-03
-5.534517701469988081e-03
-5.531872118868181969e-03
-5.529222362524464744e-03
-5.526568426171883305e-03
-5.523910303520464769e-03
-5.521247988256540798e-03
-5.518581474042773619e-03
-5.515910754518292200e-03
-5.513235823298146682e-03
-5.510556673973980579e-03
-5.507873300112705456e-03
-5.505185695257292823e-03
-5.502493852926411584e-03
-5.499797766614433238e-03
-5.497097429790921003e-03
-5.494392835900550887e-03
-5.491683978363916599e-03
-5.488970850575663855e-03
-5.486253445906184335e-03
-5.483531757700124687e-03
-5.480805779277113376e-03
-5.478075503931019094e-03
-5.475340924930240452e-03
-5.472602035517473533e-03
-5.469858828909423057e-03
-5.467111298296836210e-03
-5.464359436844217280e-03
-5.461603237689943886e-03
-5.458842693945771714e-03
-5.456077798697058293e-03
-5.453308545002056966e-03
-5.450534925892884866e-03
-5.447756934373887937e-03
-5.444974563422627992e-03
-5.442187805989670210e-03
-5.439396654997466843e-03
-5.436601103341308708e-03
-5.433801143888842070e-03
-5.430996769479557763e-03
-5.428187972925057475e-03
-5.425374747008723277e-03
-5.422557084485611807e-03
-5.419734978082465550e-03
-5.416908420496921797e-03
-5.414077404398378278e-03
-5.411241922426889006e-03
-5.408401967193439235e-03
-5.405557531279936781e-03
-5.402708607238804368e-03
-5.399855187592523392e-03
-5.396997264834237605e-03
-5.394134831427006317e-03
-5.391267879803818275e-03
-5.388396402367395636e-03
-5.385520391490050858e-03
-5.382639839513465516e-03
-5.379754738748636529e-03
-5.376865081475373960e-03
-5.373970859942843979e-03
-5.371072066368439563e-03
-5.368168692938484789e-03
-5.365260731807458550e-03
-5.362348175097978072e-03
-5.359431014900895192e-03
-5.356509243274699614e-03
-5.353582852245731410e-03
-5.350651833807278102e-03
-5.347716179920656253e-03
-5.344775882513795942e-03
-5.341830933481383006e-03
-5.338881324685358643e-03
-5.335927047953755407e-03
-5.332968095081017275e-03
-5.330004457827852184e-03
-5.327036127920779275e-03
-5.324063097052136699e-03
-5.321085356879710383e-03
-5.318102899026745309e-03
-5.315115715081736476e-03
-5.312123796597707261e-03
-5.309127135092865137e-03
-5.306125722049692683e-03
-5.303119548915196518e-03
-5.300108607100131874e-03
-5.297092887979644449e-03
-5.294072382892191404e-03
-5.291047083139819793e-03
-5.288016979988029512e-03
-5.284982064664964924e-03
-5.281942328361979508e-03
-5.278897762232754622e-03
-5.275848357393602209e-03
-5.272794104922832494e-03
-5.269734995860593518e-03
-5.266671021208946604e-03
-5.263602171931192411e-03
-5.260528438952268189e-03
-5.257449813157533472e-03
-5.254366285393706829e-03
-5.251277846467599514e-03
-5.248184487146470220e-03
-5.245086198157686806e-03
-5.241982970188422720e-03
-5.238874793885202504e-03
-5.235761659854156792e-03
-5.232643558660336237e-03
-5.229520480827520683e-03
-5.226392416838200952e-03
-5.223259357133165984e-03
-5.220121292111112518e-03
-5.216978212128714487e-03
-5.213830107499824174e-03
-5.210676968496184315e-03
-5.207518785345739351e-03
-5.204355548233837586e-03
-5.201187247301706368e-03
-5.198013872647370623e-03
-5.194835414324284160e-03
-5.191651862341751210e-03
-5.188463206664194367e-03
-5.185269437211380110e-03
-5.182070543857877562e-03
-5.178866516432277869e-03
-5.175657344718088450e-03
-5.172443018452060719e-03
-5.169223527324924745e-03
-5.165998860980668475e-03
-5.162769009016326092e-03
-5.159533960981581638e-03
-5.156293706378508798e-03
-5.153048234661557897e-03
-5.149797535236495978e-03
-5.146541597461028704e-03
-5.143280410643759522e-03
-5.140013964044209613e-03
-5.136742246872495234e-03
-5.133465248288838524e-03
-5.130182957403419189e-03
-5.126895363276045767e-03
-5.123602454915543274e-03
-5.120304221279708100e-03
-5.117000651274951524e-03
-5.113691733755807052e-03
-5.110377457524714444e-03
-5.107057811331559144e-03
-5.103732783873478861e-03
-5.100402363794402129e-03
-5.097066539684613762e-03
-5.093725300080751382e-03
-5.090378633464886018e-03
-5.087026528264571544e-03
-5.083668972852299107e-03
-5.080305955545555245e-03
-5.076937464605385530e-03
-5.073563488237348672e-03
-5.070184014590161693e-03
-5.066799031755794477e-03
-5.063408527768855673e-03
-5.060012490606123452e-03
-5.056610908186500407e-03
-5.053203768370585942e-03
-5.049791058959655389e-03
-5.046372767695902865e-03
-5.042948882261926065e-03
-5.039519390280084409e-03
-5.036084279312326439e-03
-5.032643536859416136e-03
-5.029197150360981486e-03
-5.025745107194595079e-03
-5.022287394676044729e-03
-5.018824000057606552e-03
-5.015354910529273152e-03
-5.011880113217068340e-03
-5.008399595182990750e-03
-5.004913343424435314e-03
-5.001421344874377138e-03
-4.997923586399669743e-03
-4.994420054801740685e-03
-4.990910736815660879e-03
-4.987395619109579077e-03
-4.983874688284236146e-03
-4.980347930872779452e-03
-4.976815333340082852e-03
-4.973276882081843764e-03
-4.969732563425021191e-03
-4.966182363626500847e-03
-4.962626268872881788e-03
-4.959064265280036660e-03
-4.955496338892458573e-03
-4.951922475682666094e-03
-4.948342661551091357e-03
-4.944756882324889170e-03
-4.941165123758172947e-03
-4.937567371530646870e-03
-4.933963611247530433e-03
-4.930353828439191545e-03
-4.926738008560175089e-03
-4.923116136988674695e-03
-4.919488199026099927e-03
-4.915854179896518572e-03
-4.912214064746144894e-03
-4.908567838642416761e-03
-4.904915486573675591e-03
-4.901256993448523634e-03
-4.897592344095055492e-03
-4.893921523260586631e-03
-4.890244515610740923e-03
-4.886561305728808792e-03
-4.882871878115284912e-03
-4.879176217187167382e-03
-4.875474307277326280e-03
-4.871766132633703096e-03
-4.868051677418774696e-03
-4.864330925709134390e-03
-4.860603861494200428e-03
-4.856870468676194319e-03
-4.853130731068975960e-03
-4.849384632397680216e-03
-4.845632156297827869e-03
-4.841873286314647348e-03
-4.838108005902397313e-03
-4.834336298423309343e-03
-4.830558147147830800e-03
-4.826773535252744385e-03
-4.822982445820979923e-03
-4.819184861840864961e-03
-4.815380766205099548e-03
-4.811570141710474341e-03
-4.807752971056527061e-03
-4.803929236845281420e-03
-4.800098921579771735e-03
-4.796262007664042065e-03
-4.792418477401779245e-03
-4.788568312995838440e-03
-4.784711496546988942e-03
-4.780848010053469210e-03
-4.776977835410008491e-03
-4.773100954406827613e-03
-4.769217348729144594e-03
-4.765326999955890944e-03
-4.761429889558954458e-03
-4.757525998902547779e-03
-4.753615309241908220e-03
-4.749697801722682806e-03
-4.745773457379708765e-03
-4.741842257136425452e-03
-4.737904181803831785e-03
-4.733959212079171322e-03
-4.730007328545533275e-03
-4.726048511670610450e-03
-4.722082741805433762e-03
-4.718109999183900394e-03
-4.714130263921495305e-03
-4.710143516014249528e-03
-4.706149735337616935e-03
-4.702148901645779484e-03
-4.698140994570335766e-03
-4.694125993619142206e-03
-4.690103878175526375e-03
-4.686074627497057929e-03
-4.682038220714140886e-03
-4.677994636829495810e-03
-4.673943854716630653e-03
-4.669885853118798183e-03
-4.665820610647841531e-03
-4.661748105782887938e-03
-4.657668316869435429e-03
-4.653581222118070848e-03
-4.649486799602964120e-03
-4.645385027261232473e-03
-4.641275882891060869e-03
-4.637159344150824231e-03
-4.633035388557924308e-03
-4.628903993487121747e-03
-4.624765136169490913e-03
-4.620618793691249823e-03
-4.616464942992029759e-03
-4.612303560863777185e-03
-4.608134623949463118e-03
-4.603958108741638099e-03
-4.599773991580792878e-03
-4.595582248654503203e-03
-4.591382855995483452e-03
-4.587175789480242225e-03
-4.582961024827986000e-03
-4.578738537598641550e-03
-4.574508303191674591e-03
-4.570270296844605729e-03
-4.566024493631038947e-03
-4.561770868459843684e-03
-4.557509396072911834e-03
-4.553240051043843696e-03
-4.548962807776458714e-03
-4.544677640502961871e-03
-4.540384523282398922e-03
-4.536083429998883504e-03
-4.531774334360142570e-03
-4.527457209895374007e-03
-4.523132029954037535e-03
-4.518798767703832014e-03
-4.514457396128612049e-03
-4.510107888027415669e-03
-4.505750216011746891e-03
-4.501384352504266863e-03
-4.497010269736700060e-03
-4.492627939748113433e-03
-4.488237334382894593e-03
-4.483838425288762947e-03
-4.479431183914833747e-03
-4.475015581509886840e-03
-4.470591589119742026e-03
-4.466159177585924192e-03
-4.461718317543062091e-03
-4.457268979417115459e-03
-4.452811133423035736e-03
-4.448344749562713890e-03
-4.443869797622885739e-03
-4.439386247172702471e-03
-4.434894067561662850e-03
-4.430393227917267009e-03
-4.425883697142904416e-03
-4.421365443915173735e-03
-4.416838436681821099e-03
-4.412302643659249922e-03
-4.407758032830022890e-03
-4.403204571940592948e-03
-4.398642228498611008e-03
-4.394070969770579732e-03
-4.389490762779106603e-03
-4.384901574300471838e-03
-4.380303370862012428e-03
-4.375696118739219077e-03
-4.371079783953422081e-03
-4.366454332268648007e-03
-4.361819729189283026e-03
-4.357175939956611267e-03
-4.352522929546906623e-03
-4.347860662667573858e-03
-4.343189103754783315e-03
-4.338508216970519277e-03
-4.333817966199227621e-03
-4.329118315044851173e-03
-4.324409226828155629e-03
-4.319690664583017252e-03
-4.314962591053414856e-03
-4.310224968690526751e-03
-4.305477759648833683e-03
-4.300720925783385780e-03
-4.295954428646171774e-03
-4.291178229482495166e-03
-4.286392289228003506e-03
-4.281596568504569301e-03
-4.276791027617222150e-03
-4.271975626550380926e-03
-4.267150324963935037e-03
-4.262315082189786254e-03
-4.257469857228027114e-03
-4.252614608742919834e-03
-4.247749295059279409e-03
-4.242873874158192317e-03
-4.237988303673377068e-03
-4.233092540886799690e-03
-4.228186542724497385e-03
-4.223270265752802899e-03
-4.218343666173659905e-03
-4.213406699820411092e-03
-4.208459322153523807e-03
-4.203501488256132686e-03
-4.198533152829289107e-03
-4.193554270187524642e-03
-4.188564794254328628e-03
-4.183564678557148697e-03
-4.178553876222806766e-03
-4.173532339972381607e-03
-4.168500022116517281e-03
-4.163456874550161731e-03
-4.158402848747666178e-03
-4.153337895757391006e-03
-4.148261966196648172e-03
-4.143175010245960140e-03
-4.138076977644193979e-03
-4.132967817682625146e-03
-4.127847479199403709e-03
-4.122715910573785530e-03
-4.117573059720659213e-03
-4.112418874084223901e-03
-4.107253300632420813e-03
-4.102076285850444516e-03
-4.096887775734896903e-03
-4.091687715787533514e-03
-4.086476051008500719e-03
-4.081252725890271993e-03
-4.076017684410977900e-03
-4.070770870027458528e-03
-4.065512225668782564e-03
-4.060241693729173089e-03
-4.054959216061002764e-03
-4.049664733967617281e-03
-4.044358188196200445e-03
-4.039039518930287974e-03
-4.033708665782198902e-03
-4.028365567785348149e-03
-4.023010163387099464e-03
-4.017642390439797768e-03
-4.012262186193824194e-03
-4.006869487288504394e-03
-4.001464229744529540e-03
-3.996046348955103154e-03
-3.990615779677638732e-03
-3.985172456024674986e-03
-3.979716311455190961e-03
-3.974247278765601077e-03
-3.968765290080439670e-03
-3.963270276843144403e-03
-3.957762169806307122e-03
-3.952240899022341040e-03
-3.946706393833166945e-03
-3.941158582860512620e-03
-3.935597393995667569e-03
-3.930022754388957582e-03
-3.924434590439119554e-03
-3.918832827782932175e-03
-3.913217391283601958e-03
-3.907588205020174482e-03
-3.901945192275969865e-03
-3.896288275526930186e-03
-3.890617376429848090e-03
-3.884932415810602759e-03
-3.879233313651604415e-03
-3.873519989079769223e-03
-3.867792360353317603e-03
-3.862050344849369231e-03
-3.856293859050554003e-03
-3.850522818531611300e-03
-3.844737137945863047e-03
-3.838936731011271739e-03
-3.833121510496251272e-03
-3.827291388205287387e-03
-3.821446274964200758e-03
-3.815586080605335492e-03
-3.809710713951838194e-03
-3.803820082802880295e-03
-3.797914093916926210e-03
-3.791992652996217100e-03
-3.786055664670248070e-03
-3.780103032478314678e-03
-3.774134658853288502e-03
-3.768150445103805434e-03
-3.762150291396054985e-03
-3.756134096736423508e-03
-3.750101758952330278e-03
-3.744053174673685029e-03
-3.737988239313458621e-03
-3.731906847048180841e-03
-3.725808890797987615e-03
-3.719694262205880224e-03
-3.713562851617311505e-03
-3.707414548058392528e-03
-3.701249239214788808e-03
-3.695066811409031433e-03
-3.688867149578303490e-03
-3.682650137251163545e-03
-3.676415656524130351e-03
-3.670163588037596205e-03
-3.663893810951313577e-03
-3.657606202919391238e-03
-3.651300640064655476e-03
-3.644976996952520396e-03
-3.638635146564575453e-03
-3.632274960271051484e-03
-3.625896307803275036e-03
-3.619499057225085761e-03
-3.613083074904161005e-03
-3.606648225481731869e-03
-3.600194371843185286e-03
-3.593721375086400983e-03
-3.587229094490657858e-03
-3.580717387484077564e-03
-3.574186109610763638e-03
-3.567635114496912809e-03
-3.561064253816627508e-03
-3.554473377256424284e-03
-3.547862332479369274e-03
-3.541230965088177154e-03
-3.534579118587630533e-03
-3.527906634346122429e-03
-3.521213351556111079e-03
-3.514499107193934640e-03
-3.507763735978774999e-03
-3.501007070330379098e-03
-3.494228940325958856e-03
-3.487429173656147845e-03
-3.480607595579865519e-03
-3.473764028878221274e-03
-3.466898293807289637e-03
-3.460010208049428722e-03
-3.453099586664221381e-03
-3.446166242037613982e-03
-3.439209983830034730e-03
-3.432230618923295083e-03
-3.425227951366164540e-03
-3.418201782318880735e-03
-3.411151909995800788e-03
-3.404078129607273750e-03
-3.396980233299566696e-03
-3.389858010093696212e-03
-3.382711245822483948e-03
-3.375539723066369683e-03
-3.368343221087193896e-03
-3.361121515760890060e-03
-3.353874379507817277e-03
-3.346601581222049919e-03
-3.339302886198344898e-03
-3.331978056057495648e-03
-3.324626848669832123e-03
-3.317249018076472156e-03
-3.309844314409009398e-03
-3.302412483806829897e-03
-3.294953268332010896e-03
-3.287466405882813643e-03
-3.279951630104066714e-03
-3.272408670295740441e-03
-3.264837251318797404e-03
-3.257237093498820731e-03
-3.249607912526762763e-03
-3.241949419357327989e-03
-3.234261320104419961e-03
-3.226543315933999567e-03
-3.218795102953657308e-03
-3.211016372099565700e-03
-3.203206809020098852e-03
-3.195366093956409758e-03
-3.187493901619545961e-03
-3.179589901064222394e-03
-3.171653755559157312e-03
-3.163685122453623478e-03
-3.155683653040340392e-03
-3.147648992414330688e-03
-3.139580779328285387e-03
-3.131478646042826913e-03
-3.123342218173548110e-03
-3.115171114532680127e-03
-3.106964946967033254e-03
-3.098723320190487247e-03
-3.090445831612012150e-03
-3.082132071158514858e-03
-3.073781621092263380e-03
-3.065394055823294269e-03
-3.056968941715637947e-03
-3.048505836888315557e-03
-3.040004291009866175e-03
-3.031463845086863201e-03
-3.022884031246029189e-03
-3.014264372509366241e-03
-3.005604382562663233e-03
-2.996903565516836464e-03
-2.988161415661378609e-03
-2.979377417210701384e-03
-2.970551044042150229e-03
-2.961681759425661975e-03
-2.952769015744947066e-03
-2.943812254209884557e-03
-2.934810904559234743e-03
-2.925764384754301738e-03
-2.916672100661976946e-03
-2.907533445728043356e-03
-2.898347800639297818e-03
-2.889114532974624422e-03
-2.879832996844563630e-03
-2.870502532518671122e-03
-2.861122466040349772e-03
-2.851692108828739712e-03
-2.842210757267052846e-03
-2.832677692276647057e-03
-2.823092178876558233e-03
-2.813453465727945406e-03
-2.803760784662275886e-03
-2.794013350193261681e-03
-2.784210359011517633e-03
-2.774350989461340199e-03
-2.764434400998594214e-03
-2.754459733629593173e-03
-2.744426107329231337e-03
-2.734332621438178169e-03
-2.724178354038168850e-03
-2.713962361304000058e-03
-2.703683676831924836e-03
-2.693341310942760393e-03
-2.682934249958835848e-03
-2.672461455453888687e-03
-2.661921863474384260e-03
-2.651314383731086504e-03
-2.640637898759434429e-03
-2.629891263047630205e-03
-2.619073302130684160e-03
-2.608182811648819457e-03
-2.597218556368898531e-03
-2.586179269166859456e-03
-2.575063649969365921e-03
-2.563870364653169417e-03
-2.552598043899356045e-03
-2.541245282001358165e-03
-2.529810635623418007e-03
-2.518292622508119805e-03
-2.506689720129958582e-03
-2.495000364292065519e-03
-2.483222947664116657e-03
-2.471355818257663182e-03
-2.459397277836145902e-03
-2.447345580256392924e-03
-2.435198929737739017e-03
-2.422955479055594746e-03
-2.410613327654897390e-03
-2.398170519680028860e-03
-2.385625041916194199e-03
-2.372974821638083875e-03
-2.360217724360455689e-03
-2.347351551485755191e-03
-2.334374037843052214e-03
-2.321282849112313480e-03
-2.308075579128150093e-03
-2.294749747055441387e-03
-2.281302794431073252e-03
-2.267732082063007165e-03
-2.254034886779345513e-03
-2.240208398018710481e-03
-2.226249714252564234e-03
-2.212155839230098547e-03
-2.197923678035063923e-03
-2.183550032943536168e-03
-2.169031599070912319e-03
-2.154364959795153703e-03
-2.139546581943321639e-03
-2.124572810726403898e-03
-2.109439864407204948e-03
-2.094143828684850907e-03
-2.078680650777959150e-03
-2.063046133187420965e-03
-2.047235927118731293e-03
-2.031245525541384381e-03
-2.015070255862361562e-03
-1.998705272187835565e-03
-1.982145547146547948e-03
-1.965385863244809884e-03
-1.948420803722179058e-03
-1.931244742873400528e-03
-1.913851835800154180e-03
-1.896236007552919590e-03
-1.878390941620197794e-03
-1.860310067718714752e-03
-1.841986548834871748e-03
-1.823413267463166922e-03
-1.804582810982586962e-03
-1.785487456108000859e-03
-1.766119152346809018e-03
-1.746469504386390570e-03
-1.726529753330319650e-03
-1.706290756695129363e-03
-1.685742967070648010e-03
-1.664876409338414973e-03
-1.643680656333829527e-03
-1.622144802825908460e-03
-1.600257437677694329e-03
-1.578006614037113326e-03
-1.555379817393710189e-03
-1.532363931320810096e-03
-1.508945200705232850e-03
-1.485109192246666585e-03
-1.460840751987247787e-03
-1.436123959607636062e-03
-1.410942079198727103e-03
-1.385277506187442302e-03
-1.359111710061700496e-03
-1.332425172501506497e-03
-1.305197320480170958e-03
-1.277406453852234685e-03
-1.249029666890536091e-03
-1.220042763174052775e-03
-1.190420163160008050e-03
-1.160134803695383847e-03
-1.129158028636403910e-03
-1.097459469643234523e-03
-1.065006916105618734e-03
-1.031766173024778249e-03
-9.977009055301909977e-04
-9.627724685418661979e-04
-9.269397198952424814e-04
-8.901588150247979198e-04
-8.523829810477511187e-04
-8.135622677954441190e-04
-7.736432730008893296e-04
-7.325688384568519729e-04
-6.902777135034375306e-04
-6.467041816717118610e-04
-6.017776456893955683e-04
-5.554221653287845940e-04
-5.075559417237322270e-04
-4.580907407799885388e-04
-4.069312471173204462e-04
-3.539743385787756484e-04
-2.991082696747857268e-04
-2.422117503411214730e-04
-1.831529040108965337e-04
-1.217880861430075019e-04
-5.796054090601151718e-05
8.501130452839020593e-06
7.778472108903788582e-05
1.500964276124542966e-04
2.256631620103982314e-04
3.047352210836539767e-04
3.875893796016539623e-04
4.745324877758071071e-04
5.659056716603410708e-04
6.620892577593234709e-04
7.635085718230732489e-04
8.706407983994227454e-04
9.840231346387232330e-04
1.104262532501301035e-03
1.232047402481980906e-03
1.368161755609553993e-03
1.513502397675175028e-03
1.669099972913232893e-03
1.836144901560344666e-03
2.016019592628649250e-03
2.210338777545148986e-03
2.421000457904577512e-03
2.650250875537997833e-03
2.900768223945525935e-03
3.175771726828290238e-03
3.479165528915203510e-03
3.815731089313359817e-03
4.191388286767584390e-03
4.613555678812831552e-03
5.091656811931929635e-03
5.637846666560652337e-03
6.268078623186644494e-03
7.003713953579783665e-03
7.874025473812327688e-03
8.920234046062095953e-03
1.020229724073243999e-02
1.181092004635053358e-02
1.389016326466332649e-02
1.668343990064926827e-02
2.063700704004048023e-02
2.666686595449952249e-02
3.699759100358800817e-02
5.879725487664062833e-02
1.350742931495926835e-01
-5.513315677344048371e-01
-9.371302249086427283e-02
-5.210332064427401766e-02
-3.649414968458545433e-02
-2.831368509193568986e-02
-2.327612111634159639e-02
-1.986068789807099097e-02
-1.739148765432118118e-02
-1.552232877807670219e-02
-1.405753769857375976e-02
-1.287817552972123775e-02
-1.190778151400350912e-02
-1.109496395298379366e-02
-1.040390435121143521e-02
-9.808873893684941225e-03
-9.290914471679963260e-03
-8.835748958266926786e-03
-8.432420457481994494e-03
-8.072380152668869394e-03
-7.748860202209733108e-03
-7.456432903847942488e-03
-7.190694623821841484e-03
-6.948035150554118626e-03
-6.725466698245594413e-03
-6.520495306269471873e-03
-6.331022857754527514e-03
-6.155271536658157502e-03
-5.991724948717165079e-03
-5.839081769853310747e-03
-5.696218918876718058e-03
-5.562162046867821959e-03
-5.436061701675802375e-03
-5.317173933812132346e-03
-5.204844407300943110e-03
-5.098495298096895022e-03
-4.997614425724983094e-03
-4.901746186303452928e-03
-4.810483947980302710e-03
-4.723463640801436013e-03
-4.640358327719143298e-03
-4.560873585895517009e-03
-4.484743560629442412e-03
-4.411727580334458276e-03
-4.341607241656220140e-03
-4.274183890273228377e-03
-4.209276436102524395e-03
-4.146719452242575953e-03
-4.086361515573982972e-03
-4.028063753922062062e-03
-3.971698570392852810e-03
-3.917148520176687819e-03
-3.864305318974235216e-03
-3.813068965394514082e-03
-3.763346962328468093e-03
-3.715053624515279613e-03
-3.668109461371216098e-03
-3.622440625706283869e-03
-3.577978420266185455e-03
-3.534658855143788664e-03
-3.492422250045697490e-03
-3.451212876197873314e-03
-3.410978633356513343e-03
-3.371670757973505364e-03
-3.333243559065334882e-03
-3.295654178765420293e-03
-3.258862374909274155e-03
-3.222830323322868357e-03
-3.187522437761823677e-03
-3.152905205689621702e-03
-3.118947038292699692e-03
-3.085618133312538133e-03
-3.052890349434981328e-03
-3.020737091115834830e-03
-2.989133202845013944e-03
-2.958054871958673993e-03
-2.927479539203480668e-03
-2.897385816341106844e-03
-2.867753410154278825e-03
-2.838563052281512997e-03
-2.809796434365275340e-03
-2.781436148049629391e-03
-2.753465629409678969e-03
-2.725869107434758694e-03
-2.698631556224920236e-03
-2.671738650591388813e-03
-2.645176724781780984e-03
-2.618932734075913801e-03
-2.592994219022055642e-03
-2.567349272103647793e-03
-2.541986506646110467e-03
-2.516895027789566985e-03
-2.492064405369025237e-03
-2.467484648557253732e-03
-2.443146182137494529e-03
-2.419039824285437647e-03
-2.395156765749047786e-03
-2.371488550324598113e-03
-2.348027056535467207e-03
-2.324764480428197222e-03
-2.301693319406450128e-03
-2.278806357030806369e-03
-2.256096648717011936e-03
-2.233557508271939458e-03
-2.211182495209199073e-03
-2.188965402793257263e-03
-2.166900246762537736e-03
-2.144981254687268035e-03
-2.123202855920382996e-03
-2.101559672103083930e-03
-2.080046508189538953e-03
-2.058658343957534866e-03
-2.037390325974638809e-03
-2.016237759991215076e-03
-1.995196103733964423e-03
-1.974260960075466427e-03
-1.953428070556575448e-03
-1.932693309240627114e-03
-1.912052676879360744e-03
-1.891502295372384304e-03
-1.871038402502351976e-03
-1.850657346930237486e-03
-1.830355583435605907e-03
-1.810129668387137035e-03
-1.789976255431501885e-03
-1.769892091386739662e-03
-1.749874012329915088e-03
-1.729918939867404817e-03
-1.710023877578356090e-03
-1.690185907620908416e-03
-1.670402187493473523e-03
-1.650669946941488338e-03
-1.630986485002804479e-03
-1.611349167183612208e-03
-1.591755422758208902e-03
-1.572202742186605551e-03
-1.552688674642564021e-03
-1.533210825647815870e-03
-1.513766854805607964e-03
-1.494354473629838295e-03
-1.474971443463332296e-03
-1.455615573482347061e-03
-1.436284718781717651e-03
-1.416976778537339110e-03
-1.397689694241747993e-03
-1.378421448009273242e-03
-1.359170060947632180e-03
-1.339933591591981749e-03
-1.320710134399320779e-03
-1.301497818299541392e-03
-1.282294805300669693e-03
-1.263099289145919180e-03
-1.243909494019514173e-03
-1.224723673299697724e-03
-1.205540108356092932e-03
-1.186357107389124366e-03
-1.167173004311128359e-03
-1.147986157662733708e-03
-1.128794949572492490e-03
-1.109597784743246440e-03
-1.090393089478190747e-03
-1.071179310736046497e-03
-1.051954915216840591e-03
-1.032718388476971255e-03
-1.013468234072077701e-03
-9.942029727250667470e-04
-9.749211415206642320e-04
-9.556212931229619151e-04
-9.363019950158709727e-04
-9.169618287658007696e-04
-8.975993893043006117e-04
-8.782132842312885459e-04
-8.588021331365118874e-04
-8.393645669390616647e-04
-8.198992272442084950e-04
-8.004047657164184426e-04
-7.808798434677972911e-04
-7.613231304610321160e-04
-7.417333049272133161e-04
-7.221090527961514238e-04
-7.024490671396800556e-04
-6.827520476272164185e-04
-6.630166999924760884e-04
-6.432417355111963442e-04
-6.234258704888584468e-04
-6.035678257601539975e-04
-5.836663261925001400e-04
-5.637201002050284959e-04
-5.437278792912447756e-04
-5.236883975505909894e-04
-5.036003912277028927e-04
-4.834625982583044823e-04
-4.632737578214619900e-04
-4.430326098976630766e-04
-4.227378948332069508e-04
-4.023883529091880351e-04
-3.819827239153993081e-04
-3.615197467286904165e-04
-3.409981588962801569e-04
-3.204166962211627695e-04
-2.997740923527079937e-04
-2.790690783791953400e-04
-2.583003824233737200e-04
-2.374667292409909231e-04
-2.165668398204437239e-04
-1.955994309853926333e-04
-1.745632149979525760e-04
-1.534568991638247254e-04
-1.322791854377024234e-04
-1.110287700299399799e-04
-8.970434301298381430e-05
-6.830458792863279560e-05
-4.682818139430978965e-05
-2.527379270941126910e-05
-3.640083460558843353e-06
1.807429287377891602e-05
3.987069132046355824e-05
6.175047580978323958e-05
8.371501957604027266e-05
1.057657055596279358e-04
1.279039268118073794e-04
1.501310869022141198e-04
1.724486003287428390e-04
1.948578929310733690e-04
2.173604023073677505e-04
2.399575782347290395e-04
2.626508830938494715e-04
2.854417922971575622e-04
3.083317947223862196e-04
3.313223931504611849e-04
3.544151047082545053e-04
3.776114613172742301e-04
4.009130101473769997e-04
4.243213140768479358e-04
4.478379521585485953e-04
4.714645200923784502e-04
4.952026307050959308e-04
5.190539144366212651e-04
5.430200198343311871e-04
5.671026140548355091e-04
5.913033833741133255e-04
6.156240337055274639e-04
6.400662911272662903e-04
6.646319024186863808e-04
6.893226356059186169e-04
7.141402805175981264e-04
7.390866493504292395e-04
7.641635772462776824e-04
7.893729228788445157e-04
8.147165690528838586e-04
8.401964233147882558e-04
8.658144185753513696e-04
8.915725137454036213e-04
9.174726943841460085e-04
9.435169733618162073e-04
9.697073915354492354e-04
9.960460184395797216e-04
1.022534952992586611e-03
1.049176324217080888e-03
1.075972291978097642e-03
1.102925047736505113e-03
1.130036815320208977e-03
1.157309851713422474e-03
1.184746447862968476e-03
1.212348929505783785e-03
1.240119658013306633e-03
1.268061031258359197e-03
1.296175484501938674e-03
1.324465491301869344e-03
1.352933564443590132e-03
1.381582256894254689e-03
1.410414162780961045e-03
1.439431918393070491e-03
1.468638203210798857e-03
1.498035740959374144e-03
1.527627300691107581e-03
1.557415697895423237e-03
1.587403795637913010e-03
1.617594505729665587e-03
1.647990789927648685e-03
1.678595661167618658e-03
1.709412184829815946e-03
1.740443480039441729e-03
1.771692721002920620e-03
1.803163138380437305e-03
1.834858020697546083e-03
1.866780715795175911e-03
1.898934632321004276e-03
1.931323241263538642e-03
1.963950077528969686e-03
1.996818741563931819e-03
2.029932901024806766e-03
2.063296292496068218e-03
2.096912723258075213e-03
2.130786073107798426e-03
2.164920296232624233e-03
2.199319423140655254e-03
2.233987562648384259e-03
2.268928903929010553e-03
2.304147718622073186e-03
2.339648363008007062e-03
2.375435280249382688e-03
2.411513002701917794e-03
2.447886154296495531e-03
2.484559452996402441e-03
2.521537713331275903e-03
2.558825849012148594e-03
2.596428875628996411e-03
2.634351913435304011e-03
2.672600190222085281e-03
2.711179044285418841e-03
2.750093927490572521e-03
2.789350408436444724e-03
2.828954175726050742e-03
2.868911041343169370e-03
2.909226944144620124e-03
2.949907953468011886e-03
2.990960272862367222e-03
3.032390243946067165e-03
3.074204350396698721e-03
3.116409222077837562e-03
3.159011639310510544e-03
3.202018537292075466e-03
3.245437010671967104e-03
3.289274318286884713e-03
3.333537888067458679e-03
3.378235322117655298e-03
3.423374401978424367e-03
3.468963094083092266e-03
3.515009555409055481e-03
3.561522139340142848e-03
3.608509401743081706e-03
3.655980107270892770e-03
3.703943235903120728e-03
3.752407989730061066e-03
3.801383799997691982e-03
3.850880334417350250e-03
3.900907504760950818e-03
3.951475474746102973e-03
4.002594668230273142e-03
4.054275777725946557e-03
4.106529773252100626e-03
4.159367911536991473e-03
4.212801745589770004e-03
4.266843134657417359e-03
4.321504254586264714e-03
4.376797608606299017e-03
4.432736038560138210e-03
4.489332736596999066e-03
4.546601257354400752e-03
4.604555530652960568e-03
4.663209874728407520e-03
4.722579010028774872e-03
4.782678073602821163e-03
4.843522634114317757e-03
4.905128707508277577e-03
4.967512773368203995e-03
5.030691791996245825e-03
5.094683222256301929e-03
5.159505040218861222e-03
5.225175758651905492e-03
5.291714447400664573e-03
5.359140754706861326e-03
5.427474929515761076e-03
5.496737844828501231e-03
5.566951022153088062e-03
5.638136657120092037e-03
5.710317646324188957e-03
5.783517615463447739e-03
5.857760948850387200e-03
5.933072820371969314e-03
6.009479225984142720e-03
6.087007017831536776e-03
6.165683940085764370e-03
6.245538666606973745e-03
6.326600840537434725e-03
6.408901115944495158e-03
6.492471201637120722e-03
6.577343907293623296e-03
6.663553192039138942e-03
6.751134215633208119e-03
6.840123392427271271e-03
6.930558448274404433e-03
7.022478480578839277e-03
7.115924021691852341e-03
7.210937105875764482e-03
7.307561340070396066e-03
7.405841978721504695e-03
7.505826002943954273e-03
7.607562204320733948e-03
7.711101273654296859e-03
7.816495895022090856e-03
7.923800845507839030e-03
8.033073101017433951e-03
8.144371948617291565e-03
8.257759105872831268e-03
8.373298847703793818e-03
8.491058141317980867e-03
8.611106789834347547e-03
8.733517585257893900e-03
8.858366471528348815e-03
8.985732718434469649e-03
9.115699107246258426e-03
9.248352129009287242e-03
9.383782196521382735e-03
9.522083871117657805e-03
9.663356105488974876e-03
9.807702503883387879e-03
9.955231601169383521e-03
1.010605716238370533e-02
1.026029850455780629e-02
1.041808084278613919e-02
1.057953566271489267e-02
1.074480112185098590e-02
1.091402248234039224e-02
1.108735257816181353e-02
1.126495231999066760e-02
1.144699124135124119e-02
1.163364809008603576e-02
1.182511146961931145e-02
1.202158053501690971e-02
1.222326574942760383e-02
1.243038970715370020e-02
1.264318803035802477e-02
1.286191034727371743e-02
1.308682136076261618e-02
1.331820201719366437e-02
1.355635078690130800e-02
1.380158506895290058e-02
1.405424273467060711e-02
1.431468382629572794e-02
1.458329242947126701e-02
1.486047874083870624e-02
1.514668135510730679e-02
1.544236979951789553e-02
1.574804734779042953e-02
1.606425415052472466e-02
1.639157072476949903e-02
1.673062185223729570e-02
1.708208094365151059e-02
1.744667493622537729e-02
1.782518980257565347e-02
1.821847676292263907e-02
1.862745930865094060e-02
1.905314116487561577e-02
1.949661534329753809e-02
1.995907446537904459e-02
2.044182257092036145e-02
2.094628867008850592e-02
2.147404234989397712e-02
2.202681181164377333e-02
2.260650479748982367e-02
2.321523296634121075e-02
2.385534040802483186e-02
2.452943714760540822e-02
2.524043869972516368e-02
2.599161299996952806e-02
2.678663638600287805e-02
2.762966075217583237e-02
2.852539459443767522e-02
2.947920144944447471e-02
3.049722028604031493e-02
3.158651383384265821e-02
3.275525278488745917e-02
3.401294650422261034e-02
3.537073466810178313e-02
3.684175962010065308e-02
3.844164697529547925e-02
4.018913333238252616e-02
4.210689682687696056e-02
4.422267186656811400e-02
4.657076907041292346e-02
4.919418434418031116e-02
5.214758335018042368e-02
5.550161887292030111e-02
5.934933453563543543e-02
6.381593883755781738e-02
6.907422516519516609e-02
7.536985950370939102e-02
8.306480108659367034e-02
9.271611619180716857e-02
1.052291907614901212e-01
1.221826822326696482e-01
1.466016159403960573e-01
1.851153746263637934e-01
2.556282460357618413e-01
4.291175040040569044e-01
1.591044501628384067e+00
-8.094583053206232393e-01
-3.008089848571218194e-01
-1.742750415020266064e-01
-1.156872464636267417e-01
-8.098903463661029367e-02
-5.724476722024442188e-02
-3.922336105479076740e-02
-2.433304543196605774e-02
-1.105206546648536403e-02
1.692536872372429196e-03
1.484409073399121405e-02
2.946133916501008504e-02
4.703433343604686984e-02
7.009893348238130373e-02
1.038008392464775109e-01
1.610173846473362258e-01
2.866888087584931188e-01
8.273300225336277514e-01
-1.294251394056705973e+00
-3.931238717318530362e-01
-2.403392577057347212e-01
-1.766301869126649660e-01
-1.413974185730541844e-01
-1.188809000198038229e-01
-1.031569358097604028e-01
-9.149736097319154104e-02
-8.246924953797575564e-02
-7.524681682872205735e-02
-6.932002232671349851e-02
-6.435640798788569428e-02
-6.012971559517921172e-02
-5.648042077223568158e-02
-5.329268061397086920e-02
-5.048024139551574030e-02
-4.797748657503307645e-02
-4.573356030050696602e-02
-4.370839860022769641e-02
-4.186998150953913367e-02
-4.019238835603393400e-02
-3.865439436276014995e-02
-3.723844007002276996e-02
-3.592986255605860185e-02
-3.471631374250651325e-02
-3.358731453169642306e-02
-3.253390900013056197e-02
-3.154839327666050797e-02
-3.062410084881220934e-02
-2.975523098357694962e-02
-2.893671043304917728e-02
-2.816408108421745299e-02
-2.743340801247464919e-02
-2.674120371565824605e-02
-2.608436527969762442e-02
-2.546012195481481277e-02
-2.486599117014928403e-02
-2.429974143231255698e-02
-2.375936087380810940e-02
-2.324303046499068617e-02
-2.274910109622509113e-02
-2.227607388827746587e-02
-2.182258320849427696e-02
-2.138738196529272467e-02
-2.096932882938698506e-02
-2.056737709119822732e-02
-2.018056491318168805e-02
-1.980800677588264933e-02
-1.944888594919906566e-02
-1.910244784715574295e-02
-1.876799414656842371e-02
-1.844487756825346353e-02
-1.813249723460364643e-02
-1.783029453001630515e-02
-1.753774940123844009e-02
-1.725437704360399324e-02
-1.697972492662983002e-02
-1.671337011878398782e-02
-1.645491687661712610e-02
-1.620399446804151461e-02
-1.596025520343149345e-02
-1.572337265158878922e-02
-1.549304002047364667e-02
-1.526896868508097020e-02
-1.505088684698070375e-02
-1.483853831187769041e-02
-1.463168137315435866e-02
-1.443008779075213854e-02
-1.423354185595288382e-02
-1.404183953368933965e-02
-1.385478767493097951e-02
-1.367220329250908896e-02
-1.349391289445859080e-02
-1.331975186957530533e-02
-1.314956392045068916e-02
-1.298320053972325597e-02
-1.282052052573276132e-02
-1.266138953413056475e-02
-1.250567966235770906e-02
-1.235326906418834220e-02
-1.220404159181733700e-02
-1.205788646320832963e-02
-1.191469795263395276e-02
-1.177437510252692977e-02
-1.163682145494651307e-02
-1.150194480110126871e-02
-1.136965694752690471e-02
-1.123987349762952011e-02
-1.111251364742010458e-02
-1.098749999437416067e-02
-1.086475835843509971e-02
-1.074421761426725547e-02
-1.062580953393028882e-02
-1.050946863923691958e-02
-1.039513206308628583e-02
-1.028273941915124057e-02
-1.017223267932740663e-02
-1.006355605841145751e-02
-9.956655905509906659e-03
-9.851480601726874189e-03
-9.747980463702024534e-03
-9.646107652615995218e-03
-9.545816088300221672e-03
-9.447061368121836486e-03
-9.349800690327952912e-03
-9.253992781572987700e-03
-9.159597828359011817e-03
-9.066577412142557205e-03
-8.974894447886025764e-03
-8.884513125829180541e-03
-8.795398856302011348e-03
-8.707518217377686193e-03
-8.620838905204040656e-03
-8.535329686853622075e-03
-8.450960355544014785e-03
-8.367701688083385367e-03
-8.285525404426246146e-03
-8.204404129201805715e-03
-8.124311355114518032e-03
-8.045221408107023839e-03
-7.967109414182993454e-03
-7.889951267807745680e-03
-7.813723601787135598e-03
-7.738403758552289159e-03
-7.663969762772305898e-03
-7.590400295222524997e-03
-7.517674667839579876e-03
-7.445772799905400405e-03
-7.374675195294981382e-03
-7.304362920736935487e-03
-7.234817585031397616e-03
-7.166021319178692006e-03
-7.097956757368457763e-03
-7.030607018791270105e-03
-6.963955690225085392e-03
-6.897986809364322139e-03
-6.832684848847195985e-03
-6.768034700954792503e-03
-6.704021662945006295e-03
-6.640631422988031024e-03
-6.577850046682636592e-03
-6.515663964113466676e-03
-6.454059957437571771e-03
-6.393025148962414549e-03
-6.332546989700447125e-03
-6.272613248377059171e-03
-6.213212000864724166e-03
-6.154331620033172238e-03
-6.095960765989482007e-03
-6.038088376693760001e-03
-5.980703658931160044e-03
-5.923796079628004113e-03
-5.867355357491680669e-03
-5.811371454965427383e-03
-5.755834570477756651e-03
-5.700735130981232981e-03
-5.646063784761881990e-03
-5.591811394510378709e-03
-5.537969030640322102e-03
-5.484527964853687723e-03
-5.431479663924553697e-03
-5.378815783711027830e-03
-5.326528163373662333e-03
-5.274608819795027943e-03
-5.223049942194280502e-03
-5.171843886924890055e-03
-5.120983172452157547e-03
-5.070460474498291945e-03
-5.020268621352858528e-03
-4.970400589341262242e-03
-4.920849498439090058e-03
-4.871608608035058428e-03
-4.822671312832974531e-03
-4.774031138883621378e-03
-4.725681739746690792e-03
-4.677616892775412517e-03
-4.629830495520842817e-03
-4.582316562246440718e-03
-4.535069220553153077e-03
-4.488082708112860891e-03
-4.441351369497060185e-03
-4.394869653106914069e-03
-4.348632108193764556e-03
-4.302633381972954286e-03
-4.256868216819731897e-03
-4.211331447553042819e-03
-4.166017998794690341e-03
-4.120922882409368618e-03
-4.076041195017809926e-03
-4.031368115579183828e-03
-3.986898903045267908e-03
-3.942628894080625612e-03
-3.898553500842196623e-03
-3.854668208828836498e-03
-3.810968574780117246e-03
-3.767450224640405548e-03
-3.724108851572295598e-03
-3.680940214027790883e-03
-3.637940133863471620e-03
-3.595104494514734725e-03
-3.552429239206351952e-03
-3.509910369218908685e-03
-3.467543942190320569e-03
-3.425326070465990053e-03
-3.383252919487761759e-03
-3.341320706219950629e-03
-3.299525697616909753e-03
-3.257864209124650828e-03
-3.216332603218716862e-03
-3.174927287973978995e-03
-3.133644715671284053e-03
-3.092481381429250387e-03
-3.051433821872277796e-03
-3.010498613824227898e-03
-2.969672373029291074e-03
-2.928951752905115807e-03
-2.888333443312535859e-03
-2.847814169360633751e-03
-2.807390690227874741e-03
-2.767059798010389204e-03
-2.726818316589205149e-03
-2.686663100522311554e-03
-2.646591033953996086e-03
-2.606599029544631740e-03
-2.566684027420607084e-03
-2.526842994138633891e-03
