-6.027706382907975155e-03
-6.025867003530969643e-03
-6.024024439595539876e-03
-6.022178688209499364e-03
-6.020329746472196167e-03
-6.018477611474267429e-03
-6.016622280298136380e-03
-6.014763750017321046e-03
-6.012902017697639885e-03
-6.011037080395095419e-03
-6.009168935158179688e-03
-6.007297579026030232e-03
-6.005423009029417156e-03
-6.003545222190360617e-03
-6.001664215522182003e-03
-5.999779986029314845e-03
-5.997892530707741102e-03
-5.996001846544217473e-03
-5.994107930516781070e-03
-5.992210779594644467e-03
-5.990310390738455906e-03
-5.988406760899439747e-03
-5.986499887019884787e-03
-5.984589766033308195e-03
-5.982676394864444233e-03
-5.980759770428243326e-03
-5.978839889631384734e-03
-5.976916749370845411e-03
-5.974990346534908743e-03
-5.973060678002298056e-03
-5.971127740642712643e-03
-5.969191531316914504e-03
-5.967252046875944245e-03
-5.965309284161573848e-03
-5.963363240006761164e-03
-5.961413911234570914e-03
-5.959461294658872921e-03
-5.957505387084304806e-03
-5.955546185305617135e-03
-5.953583686108665680e-03
-5.951617886269322012e-03
-5.949648782554193410e-03
-5.947676371720010506e-03
-5.945700650514241375e-03
-5.943721615674700358e-03
-5.941739263929084018e-03
-5.939753591996013715e-03
-5.937764596583754509e-03
-5.935772274391321914e-03
-5.933776622107912908e-03
-5.931777636412179089e-03
-5.929775313973984809e-03
-5.927769651452278674e-03
-5.925760645496808317e-03
-5.923748292746931245e-03
-5.921732589832339952e-03
-5.919713533372041037e-03
-5.917691119975906043e-03
-5.915665346242902911e-03
-5.913636208762250435e-03
-5.911603704113044429e-03
-5.909567828863635831e-03
-5.907528579573083534e-03
-5.905485952789069244e-03
-5.903439945049888948e-03
-5.901390552882784975e-03
-5.899337772804984226e-03
-5.897281601323341692e-03
-5.895222034934009120e-03
-5.893159070122549505e-03
-5.891092703364625774e-03
-5.889022931124698011e-03
-5.886949749856621068e-03
-5.884873156003881355e-03
-5.882793145999415559e-03
-5.880709716265033853e-03
-5.878622863212086026e-03
-5.876532583240697341e-03
-5.874438872740936866e-03
-5.872341728091342965e-03
-5.870241145659651875e-03
-5.868137121802737000e-03
-5.866029652866606298e-03
-5.863918735185948659e-03
-5.861804365084875498e-03
-5.859686538875751548e-03
-5.857565252860303349e-03
-5.855440503328775310e-03
-5.853312286560441446e-03
-5.851180598822978279e-03
-5.849045436373129236e-03
-5.846906795456280510e-03
-5.844764672305820946e-03
-5.842619063144471707e-03
-5.840469964183187326e-03
-5.838317371621204281e-03
-5.836161281646603041e-03
-5.834001690435605507e-03
-5.831838594153004353e-03
-5.829671988951582763e-03
-5.827501870972768422e-03
-5.825328236346024625e-03
-5.823151081188936151e-03
-5.820970401607653347e-03
-5.818786193695963185e-03
-5.816598453535918103e-03
-5.814407177197672069e-03
-5.812212360739219506e-03
-5.810014000206701473e-03
-5.807812091633680548e-03
-5.805606631042176460e-03
-5.803397614441799593e-03
-5.801185037829683332e-03
-5.798968897190721720e-03
-5.796749188497802782e-03
-5.794525907711286367e-03
-5.792299050778992008e-03
-5.790068613636453927e-03
-5.787834592206437048e-03
-5.785596982399271795e-03
-5.783355780112848891e-03
-5.781110981232150982e-03
-5.778862581629783460e-03
-5.776610577165225933e-03
-5.774354963685462798e-03
-5.772095737024408174e-03
-5.769832893003223363e-03
-5.767566427430148579e-03
-5.765296336100485600e-03
-5.763022614796275978e-03
-5.760745259286602880e-03
-5.758464265327544254e-03
-5.756179628661871849e-03
-5.753891345019060757e-03
-5.751599410115489780e-03
-5.749303819653994729e-03
-5.747004569324319460e-03
-5.744701654802387286e-03
-5.742395071750870834e-03
-5.740084815819205925e-03
-5.737770882642518645e-03
-5.735453267842933328e-03
-5.733131967028614988e-03
-5.730806975794180448e-03
-5.728478289719886492e-03
-5.726145904373078355e-03
-5.723809815306341378e-03
-5.721470018058923482e-03
-5.719126508155605859e-03
-5.716779281107413346e-03
-5.714428332411146047e-03
-5.712073657549458262e-03
-5.709715251990653793e-03
-5.707353111189241920e-03
-5.704987230584603400e-03
-5.702617605602466715e-03
-5.700244231653803922e-03
-5.697867104134880095e-03
-5.695486218428020067e-03
-5.693101569900375046e-03
-5.690713153904476858e-03
-5.688320965778504226e-03
-5.685925000845567200e-03
-5.683525254413881490e-03
-5.681121721777080726e-03
-5.678714398213473118e-03
-5.676303278986627801e-03
-5.673888359344883038e-03
-5.671469634521550049e-03
-5.669047099734625048e-03
-5.666620750186926285e-03
-5.664190581066248439e-03
-5.661756587544483979e-03
-5.659318764778302306e-03
-5.656877107909096848e-03
-5.654431612062482855e-03
-5.651982272348568016e-03
-5.649529083861641078e-03
-5.647072041680450266e-03
-5.644611140867778279e-03
-5.642146376470597545e-03
-5.639677743520084968e-03
-5.637205237031148349e-03
-5.634728852002769857e-03
-5.632248583418068485e-03
-5.629764426243551514e-03
-5.627276375429899474e-03
-5.624784425911051079e-03
-5.622288572604956965e-03
-5.619788810412764367e-03
-5.617285134219318458e-03
-5.614777538893084285e-03
-5.612266019285327111e-03
-5.609750570231218300e-03
-5.607231186548970563e-03
-5.604707863039517894e-03
-5.602180594487373398e-03
-5.599649375660041214e-03
-5.597114201307559420e-03
-5.594575066163360449e-03
-5.592031964943362972e-03
-5.589484892346272861e-03
-5.586933843053645647e-03
-5.584378811729335743e-03
-5.581819793020171248e-03
-5.579256781554855008e-03
-5.576689771944872732e-03
-5.574118758783927485e-03
-5.571543736648009067e-03
-5.568964700095157226e-03
-5.566381643665544929e-03
-5.563794561881343914e-03
-5.561203449246931996e-03
-5.558608300248076874e-03
-5.556009109352716760e-03
-5.553405871010446034e-03
-5.550798579652267174e-03
-5.548187229691128527e-03
-5.545571815521153219e-03
-5.542952331518025133e-03
-5.540328772038746047e-03
-5.537701131421621757e-03
-5.535069403985978451e-03
-5.532433584032404698e-03
-5.529793665842310836e-03
-5.527149643678387798e-03
-5.524501511783964404e-03
-5.521849264383079346e-03
-5.519192895680648595e-03
-5.516532399861964059e-03
-5.513867771093403959e-03
-5.511199003521149997e-03
-5.508526091272018289e-03
-5.505849028453140177e-03
-5.503167809152002127e-03
-5.500482427435988628e-03
-5.497792877352335357e-03
-5.495099152928982662e-03
-5.492401248172752368e-03
-5.489699157071081630e-03
-5.486992873590583984e-03
-5.484282391677811758e-03
-5.481567705258566514e-03
-5.478848808238231255e-03
-5.476125694501585671e-03
-5.473398357912560679e-03
-5.470666792314325157e-03
-5.467930991529040483e-03
-5.465190949358030535e-03
-5.462446659581335004e-03
-5.459698115957975668e-03
-5.456945312225307612e-03
-5.454188242100034036e-03
-5.451426899276619852e-03
-5.448661277428332519e-03
-5.445891370207081583e-03
-5.443117171242349214e-03
-5.440338674142202423e-03
-5.437555872492855907e-03
-5.434768759858220159e-03
-5.431977329780217183e-03
-5.429181575778508143e-03
-5.426381491350442191e-03
-5.423577069971125854e-03
-5.420768305092681441e-03
-5.417955190145180323e-03
-5.415137718535586488e-03
-5.412315883648097410e-03
-5.409489678844188291e-03
-5.406659097462271184e-03
-5.403824132817289932e-03
-5.400984778201392382e-03
-5.398141026883241690e-03
-5.395292872108093524e-03
-5.392440307097659882e-03
-5.389583325050034505e-03
-5.386721919139529809e-03
-5.383856082516694230e-03
-5.380985808307870745e-03
-5.378111089615808353e-03
-5.375231919518596961e-03
-5.372348291070443670e-03
-5.369460197300963272e-03
-5.366567631215225960e-03
-5.363670585793929926e-03
-5.360769053992874011e-03
-5.357863028743236125e-03
-5.354952502950750988e-03
-5.352037469496855049e-03
-5.349117921237353350e-03
-5.346193851002630296e-03
-5.343265251598227315e-03
-5.340332115803752590e-03
-5.337394436373280905e-03
-5.334452206035279927e-03
-5.331505417492241571e-03
-5.328554063420761801e-03
-5.325598136471257869e-03
-5.322637629268053318e-03
-5.319672534409254812e-03
-5.316702844466112896e-03
-5.313728551983760984e-03
-5.310749649480391368e-03
-5.307766129447589153e-03
-5.304777984349644433e-03
-5.301785206624279150e-03
-5.298787788681660893e-03
-5.295785722904768067e-03
-5.292779001649340447e-03
-5.289767617243167942e-03
-5.286751561986743723e-03
-5.283730828152478388e-03
-5.280705407985093747e-03
-5.277675293701092861e-03
-5.274640477488686321e-03
-5.271600951507976127e-03
-5.268556707890371948e-03
-5.265507738739092468e-03
-5.262454036128049080e-03
-5.259395592102889330e-03
-5.256332398679829446e-03
-5.253264447846114037e-03
-5.250191731559786246e-03
-5.247114241749487387e-03
-5.244031970314111737e-03
-5.240944909123170826e-03
-5.237853050016217510e-03
-5.234756384802768774e-03
-5.231654905262393337e-03
-5.228548603144423691e-03
-5.225437470167669865e-03
-5.222321498020616320e-03
-5.219200678360731531e-03
-5.216075002815304985e-03
-5.212944462979878131e-03
-5.209809050419568835e-03
-5.206668756667669727e-03
-5.203523573226689902e-03
-5.200373491567114592e-03
-5.197218503127955073e-03
-5.194058599316144983e-03
-5.190893771506893337e-03
-5.187724011043282936e-03
-5.184549309235615515e-03
-5.181369657362446500e-03
-5.178185046669045444e-03
-5.174995468368275529e-03
-5.171800913640006367e-03
-5.168601373631046339e-03
-5.165396839454888464e-03
-5.162187302191600241e-03
-5.158972752887948550e-03
-5.155753182556495860e-03
-5.152528582176367847e-03
-5.149298942692365211e-03
-5.146064255015138887e-03
-5.142824510021020042e-03
-5.139579698551692208e-03
-5.136329811414194757e-03
-5.133074839380764171e-03
-5.129814773188377808e-03
-5.126549603538876204e-03
-5.123279321098773119e-03
-5.120003916498928540e-03
-5.116723380334511385e-03
-5.113437703164700268e-03
-5.110146875512675685e-03
-5.106850887865325983e-03
-5.103549730673000162e-03
-5.100243394349677876e-03
-5.096931869272239984e-03
-5.093615145780695797e-03
-5.090293214177835264e-03
-5.086966064729464033e-03
-5.083633687663171793e-03
-5.080296073169472855e-03
-5.076953211400649958e-03
-5.073605092471048308e-03
-5.070251706456666181e-03
-5.066893043394881703e-03
-5.063529093284621987e-03
-5.060159846086140223e-03
-5.056785291720209026e-03
-5.053405420068574072e-03
-5.050020220973656590e-03
-5.046629684238134426e-03
-5.043233799624984547e-03
-5.039832556856941800e-03
-5.036425945616766937e-03
-5.033013955546562258e-03
-5.029596576248277287e-03
-5.026173797282211704e-03
-5.022745608168485525e-03
-5.019311998385595809e-03
-5.015872957370605748e-03
-5.012428474518809858e-03
-5.008978539184173739e-03
-5.005523140677882107e-03
-5.002062268269295495e-03
-4.998595911185276311e-03
-4.995124058609886133e-03
-4.991646699684171469e-03
-4.988163823506243551e-03
-4.984675419130873281e-03
-4.981181475568868464e-03
-4.977681981787785044e-03
-4.974176926710881935e-03
-4.970666299217195612e-03
-4.967150088141386588e-03
-4.963628282273383797e-03
-4.960100870358088825e-03
-4.956567841095564989e-03
-4.953029183140153502e-03
-4.949484885101017306e-03
-4.945934935541088963e-03
-4.942379322977313513e-03
-4.938818035880601642e-03
-4.935251062675185228e-03
-4.931678391738418717e-03
-4.928100011400683711e-03
-4.924515909945163458e-03
-4.920926075607681520e-03
-4.917330496576123242e-03
-4.913729160990466110e-03
-4.910122056942493526e-03
-4.906509172475391478e-03
-4.902890495583837882e-03
-4.899266014213464818e-03
-4.895635716260587911e-03
-4.891999589572127403e-03
-4.888357621945290700e-03
-4.884709801127333842e-03
-4.881056114815150379e-03
-4.877396550655140398e-03
-4.873731096243197509e-03
-4.870059739123826746e-03
-4.866382466790538340e-03
-4.862699266685106131e-03
-4.859010126197630883e-03
-4.855315032666087521e-03
-4.851613973376077069e-03
-4.847906935560604598e-03
-4.844193906399463408e-03
-4.840474873019942788e-03
-4.836749822495398608e-03
-4.833018741845548222e-03
-4.829281618036181632e-03
-4.825538437978628935e-03
-4.821789188529958942e-03
-4.818033856492133504e-03
-4.814272428612246038e-03
-4.810504891581554414e-03
-4.806731232035993569e-03
-4.802951436555330696e-03
-4.799165491663219020e-03
-4.795373383826478757e-03
-4.791575099455197724e-03
-4.787770624902297663e-03
-4.783959946463099688e-03
-4.780143050375388475e-03
-4.776319922818707958e-03
-4.772490549914179189e-03
-4.768654917724461303e-03
-4.764813012253048090e-03
-4.760964819444255848e-03
-4.757110325182621439e-03
-4.753249515292930910e-03
-4.749382375539810963e-03
-4.745508891627052417e-03
-4.741629049197859137e-03
-4.737742833834264304e-03
-4.733850231056525859e-03
-4.729951226323339010e-03
-4.726045805031234281e-03
-4.722133952514233173e-03
-4.718215654043432690e-03
-4.714290894827020094e-03
-4.710359660009683959e-03
-4.706421934672196973e-03
-4.702477703831364764e-03
-4.698526952439560124e-03
-4.694569665384075094e-03
-4.690605827487382036e-03
-4.686635423506392908e-03
-4.682658438132213802e-03
-4.678674855989801463e-03
-4.674684661637477576e-03
-4.670687839566850692e-03
-4.666684374202379956e-03
-4.662674249900723711e-03
-4.658657450950975422e-03
-4.654633961573669682e-03
-4.650603765920790014e-03
-4.646566848075525148e-03
-4.642523192051516145e-03
-4.638472781792742777e-03
-4.634415601173306684e-03
-4.630351633996663760e-03
-4.626280863995492314e-03
-4.622203274831405972e-03
-4.618118850094500051e-03
-4.614027573302739195e-03
-4.609929427902136057e-03
-4.605824397265850106e-03
-4.601712464693910078e-03
-4.597593613413199221e-03
-4.593467826576570594e-03
-4.589335087262782879e-03
-4.585195378476142163e-03
-4.581048683145674469e-03
-4.576894984125477912e-03
-4.572734264193648902e-03
-4.568566506052177192e-03
-4.564391692326666590e-03
-4.560209805565732140e-03
-4.556020828240714762e-03
-4.551824742745174714e-03
-4.547621531394730257e-03
-4.543411176426224996e-03
-4.539193659997842363e-03
-4.534968964188446430e-03
-4.530737070996852453e-03
-4.526497962342257084e-03
-4.522251620062931257e-03
-4.517998025916341621e-03
-4.513737161578517364e-03
-4.509469008643803012e-03
-4.505193548624342355e-03
-4.500910762949607465e-03
-4.496620632966017925e-03
-4.492323139936776032e-03
-4.488018265040836369e-03
-4.483705989373194638e-03
-4.479386293943934429e-03
-4.475059159678117932e-03
-4.470724567415152763e-03
-4.466382497908454562e-03
-4.462032931825112188e-03
-4.457675849745227660e-03
-4.453311232161664621e-03
-4.448939059479526184e-03
-4.444559312015912943e-03
-4.440171969999137137e-03
-4.435777013568576940e-03
-4.431374422774146497e-03
-4.426964177575779848e-03
-4.422546257843178522e-03
-4.418120643355167090e-03
-4.413687313799429489e-03
-4.409246248771874974e-03
-4.404797427776355363e-03
-4.400340830224233092e-03
-4.395876435433695995e-03
-4.391404222629693987e-03
-4.386924170943094260e-03
-4.382436259410663060e-03
-4.377940466973974550e-03
-4.373436772479910410e-03
-4.368925154679238233e-03
-4.364405592226729483e-03
-4.359878063680738824e-03
-4.355342547502410490e-03
-4.350799022055324393e-03
-4.346247465605474446e-03
-4.341687856320247674e-03
-4.337120172268156201e-03
-4.332544391418722760e-03
-4.327960491641409495e-03
-4.323368450705767155e-03
-4.318768246280728189e-03
-4.314159855933961431e-03
-4.309543257131923273e-03
-4.304918427238816833e-03
-4.300285343516651801e-03
-4.295643983124657235e-03
-4.290994323118599817e-03
-4.286336340450609510e-03
-4.281670011968710318e-03
-4.276995314416196653e-03
-4.272312224431479809e-03
-4.267620718547325553e-03
-4.262920773190795147e-03
-4.258212364682501146e-03
-4.253495469236136424e-03
-4.248770062958466369e-03
-4.244036121848479733e-03
-4.239293621797074647e-03
-4.234542538586749845e-03
-4.229782847891190058e-03
-4.225014525274615497e-03
-4.220237546191532053e-03
-4.215451885986454608e-03
-4.210657519893237430e-03
-4.205854423034895498e-03
-4.201042570422960920e-03
-4.196221936957362370e-03
-4.191392497425795380e-03
-4.186554226503549740e-03
-4.181707098752923159e-03
-4.176851088623056464e-03
-4.171986170449173796e-03
-4.167112318452787303e-03
-4.162229506740922590e-03
-4.157337709305840290e-03
-4.152436900024618002e-03
-4.147527052659119931e-03
-4.142608140855224066e-03
-4.137680138142899380e-03
-4.132743017935465966e-03
-4.127796753529601112e-03
-4.122841318105052201e-03
-4.117876684723941957e-03
-4.112902826330887274e-03
-4.107919715752628848e-03
-4.102927325697495152e-03
-4.097925628755455345e-03
-4.092914597397699465e-03
-4.087894203976408583e-03
-4.082864420724489386e-03
-4.077825219755467495e-03
-4.072776573063168273e-03
-4.067718452521454885e-03
-4.062650829883970686e-03
-4.057573676784579850e-03
-4.052486964736119225e-03
-4.047390665131322951e-03
-4.042284749241754731e-03
-4.037169188218398506e-03
-4.032043953091136307e-03
-4.026909014768935598e-03
-4.021764344039421672e-03
-4.016609911569008623e-03
-4.011445687902888933e-03
-4.006271643464879087e-03
-4.001087748557555744e-03
-3.995893973362024156e-03
-3.990690287938302404e-03
-3.985476662224910274e-03
-3.980253066039267373e-03
-3.975019469077741702e-03
-3.969775840915628837e-03
-3.964522151007229996e-03
-3.959258368686408014e-03
-3.953984463166111164e-03
-3.948700403539146843e-03
-3.943406158778201519e-03
-3.938101697736015074e-03
-3.932786989145664429e-03
-3.927462001621106515e-03
-3.922126703657173065e-03
-3.916781063630350376e-03
-3.911425049798651805e-03
-3.906058630302539775e-03
-3.900681773165150419e-03
-3.895294446292774972e-03
-3.889896617475508984e-03
-3.884488254387774044e-03
-3.879069324588894571e-03
-3.873639795523786938e-03
-3.868199634523610854e-03
-3.862748808806661452e-03
-3.857287285478685872e-03
-3.851815031534473570e-03
-3.846332013857845476e-03
-3.840838199223204404e-03
-3.835333554296443178e-03
-3.829818045635293745e-03
-3.824291639691282212e-03
-3.818754302810485179e-03
-3.813206001234289121e-03
-3.807646701101403096e-03
-3.802076368448490187e-03
-3.796494969211843679e-03
-3.790902469228615672e-03
-3.785298834238423876e-03
-3.779684029884964030e-03
-3.774058021717309648e-03
-3.768420775192024477e-03
-3.762772255674383306e-03
-3.757112428440800150e-03
-3.751441258680184802e-03
-3.745758711496312895e-03
-3.740064751909681195e-03
-3.734359344859780952e-03
-3.728642455207282786e-03
-3.722914047736380731e-03
-3.717174087157254676e-03
-3.711422538108516325e-03
-3.705659365159805207e-03
-3.699884532814754629e-03
-3.694098005513507445e-03
-3.688299747635909263e-03
-3.682489723504370725e-03
-3.676667897387366022e-03
-3.670834233502061426e-03
-3.664988696018598759e-03
-3.659131249062896971e-03
-3.653261856720831525e-03
-3.647380483041771058e-03
-3.641487092042664832e-03
-3.635581647711977078e-03
-3.629664114014207257e-03
-3.623734454894039520e-03
-3.617792634281054645e-03
-3.611838616094381702e-03
-3.605872364247664132e-03
-3.599893842654178049e-03
-3.593903015231910639e-03
-3.587899845909085696e-03
-3.581884298629949351e-03
-3.575856337360454763e-03
-3.569815926094303728e-03
-3.563763028859252835e-03
-3.557697609723568365e-03
-3.551619632802801262e-03
-3.545529062266744233e-03
-3.539425862346287383e-03
-3.533309997341284748e-03
-3.527181431628046999e-03
-3.521040129667289947e-03
-3.514886056012374478e-03
-3.508719175317782414e-03
-3.502539452348129266e-03
-3.496346851986966223e-03
-3.490141339246506311e-03
-3.483922879277152797e-03
-3.477691437377729289e-03
-3.471446979005792660e-03
-3.465189469788609519e-03
-3.458918875534072387e-03
-3.452635162242552198e-03
-3.446338296118470201e-03
-3.440028243582986603e-03
-3.433704971286579040e-03
-3.427368446122290233e-03
-3.421018635239474366e-03
-3.414655506057724318e-03
-3.408279026281734337e-03
-3.401889163916368281e-03
-3.395485887281972457e-03
-3.389069165031022464e-03
-3.382638966164490738e-03
-3.376195260049319122e-03
-3.369738016436183304e-03
-3.363267205478136321e-03
-3.356782797749580365e-03
-3.350284764266181405e-03
-3.343773076505257829e-03
-3.337247706427112336e-03
-3.330708626496716417e-03
-3.324155809706529335e-03
-3.317589229599868760e-03
-3.311008860295253705e-03
-3.304414676511421844e-03
-3.297806653593287479e-03
-3.291184767538885263e-03
-3.284548995027102795e-03
-3.277899313446474422e-03
-3.271235700924832440e-03
-3.264558136360508692e-03
-3.257866599453667147e-03
-3.251161070739810519e-03
-3.244441531623502850e-03
-3.237707964414154264e-03
-3.230960352362330021e-03
-3.224198679697792141e-03
-3.217422931668769207e-03
-3.210633094582442636e-03
-3.203829155847288251e-03
-3.197011104016348523e-03
-3.190178928832653263e-03
-3.183332621275793920e-03
-3.176472173610411266e-03
-3.169597579436472887e-03
-3.162708833741063787e-03
-3.155805932952362308e-03
-3.148888874995584095e-03
-3.141957659350506828e-03
-3.135012287111710230e-03
-3.128052761050678730e-03
-3.121079085680122846e-03
-3.114091267320801167e-03
-3.107089314170939209e-03
-3.100073236377798476e-03
-3.093043046112469059e-03
-3.085998757646796816e-03
-3.078940387433823801e-03
-3.071867954190799551e-03
-3.064781478985457129e-03
-3.057680985325644980e-03
-3.050566499252206631e-03
-3.043438049435400090e-03
-3.036295667275096342e-03
-3.029139387004802907e-03
-3.021969245799523748e-03
-3.014785283887900461e-03
-3.007587544668865066e-03
-3.000376074832447008e-03
-2.993150924485567937e-03
-2.985912147282702381e-03
-2.978659800561721336e-03
-2.971393945484873244e-03
-2.964114647185815254e-03
-2.956821974922011712e-03
-2.949516002233432740e-03
-2.942196807107772330e-03
-2.934864472152007731e-03
-2.927519084771301044e-03
-2.920160737354911273e-03
-2.912789527469679309e-03
-2.905405558061674356e-03
-2.898008937666065113e-03
-2.890599780625702740e-03
-2.883178207318701398e-03
-2.875744344395755794e-03
-2.868298325027371799e-03
-2.860840289161436893e-03
-2.853370383791939240e-03
-2.845888763239047461e-03
-2.838395589441152205e-03
-2.830891032259852651e-03
-2.823375269797689328e-03
-2.815848488730291616e-03
-2.808310884652542253e-03
-2.800762662440481419e-03
-2.793204036629179376e-03
-2.785635231807137568e-03
-2.778056483028890859e-03
-2.770468036245909808e-03
-2.762870148757124843e-03
-2.755263089680182968e-03
-2.747647140444124409e-03
-2.740022595305145400e-03
-2.732389761885982687e-03
-2.724748961740906458e-03
-2.717100530947064597e-03
-2.709444820724085136e-03
-2.701782198083018099e-03
-2.694113046506593431e-03
-2.686437766662326792e-03
-2.678756777150238712e-03
-2.671070515287530742e-03
-2.663379437931323156e-03
-2.655684022343004352e-03
-2.647984767095271780e-03
-2.640282193025055447e-03
-2.632576844234838474e-03
-2.624869289144938188e-03
-2.617160121600130025e-03
-2.609449962033555913e-03
-2.601739458691405653e-03
-2.594029288922159934e-03
-2.586320160533970691e-03
-2.578612813224896369e-03
-2.570908020089938614e-03
-2.563206589209879403e-03
-2.555509365327212571e-03
-2.547817231614435060e-03
-2.540131111540594629e-03
-2.532451970842753645e-03
-2.524780819608653422e-03
-2.517118714478411810e-03
-2.509466760972560266e-03
-2.501826115955543741e-03
-2.494197990243047797e-03
-2.486583651363552180e-03
-2.478984426484283268e-03
-2.471401705513178934e-03
-2.463836944389128595e-03
-2.456291668573739109e-03
-2.448767476758904188e-03
-2.441266044805986274e-03
-2.433789129933344036e-03
-2.426338575170149461e-03
-2.418916314096887076e-03
-2.411524375893383219e-03
-2.404164890718224305e-03
-2.396840095444487725e-03
-2.389552339779836727e-03
-2.382304092800790075e-03
-2.375097949933774061e-03
-2.367936640419325382e-03
-2.360823035297948767e-03
-2.353760155960618865e-03
-2.346751183310702774e-03
-2.339799467588515695e-03
-2.332908538914574715e-03
-2.326082118613526702e-03
-2.319324131386308729e-03
-2.312638718405193947e-03
-2.306030251413989599e-03
-2.299503347924133564e-03
-2.293062887606492004e-03
-2.286714029989764165e-03
-2.280462233588038696e-03
-2.274313276593094811e-03
-2.268273279282420878e-03
-2.262348728310377682e-03
-2.256546503068904575e-03
-2.250873904325907584e-03
-2.245338685372911570e-03
-2.239949085942156796e-03
-2.234713869182660892e-03
-2.229642362022052089e-03
-2.224744499279676917e-03
-2.220030871943132721e-03
-2.215512780072850275e-03
-2.211202290859283492e-03
-2.207112302426342439e-03
-2.203256614054330612e-03
-2.199650003587012674e-03
-2.196308312893674192e-03
-2.193248542378944781e-03
-2.190488955676504930e-03
-2.188049195827959821e-03
-2.185950414441805833e-03
-2.184215415554343308e-03
-2.182868816179621852e-03
-2.181937225849243066e-03
-2.181449447811877659e-03
-2.181436705000396742e-03
-2.181932894394569833e-03
-2.182974874027410195e-03
-2.184602787625651663e-03
-2.186860432765442078e-03
-2.189795679499228608e-03
-2.193460947709388337e-03
-2.197913753024758991e-03
-2.203217333064561110e-03
-2.209441368139144525e-03
-2.216662813450240646e-03
-2.224966863440559599e-03
-2.234448073431415886e-03
-2.245211669304999439e-03
-2.257375083058339119e-03
-2.271069761009332933e-03
-2.286443302844784822e-03
-2.303662004340177247e-03
-2.322913895496876973e-03
-2.344412390473261075e-03
-2.368400698012218877e-03
-2.395157183860603580e-03
-2.425001933838313514e-03
-2.458304843318634240e-03
-2.495495663965804564e-03
-2.537076583397903425e-03
-2.583638115432433224e-03
-2.635879363950871870e-03
-2.694634132278817679e-03
-2.760904944684346597e-03
-2.835907926002588769e-03
-2.921132809443657396e-03
-3.018424376001861177e-03
-3.130094820488259731e-03
-3.259081671653686271e-03
-3.409174373560305144e-03
-3.585347077335266676e-03
-3.794260649478746646e-03
-4.045043574139067788e-03
-4.350550959349458284e-03
-4.729481957218079763e-03
-5.210125969592428394e-03
-5.837414330157648587e-03
-6.687266831114332608e-03
-7.898871409496662291e-03
-9.757931760948477043e-03
-1.295830269968794961e-02
-1.973574338887938706e-02
-4.350481980807233834e-02
1.706112667997962684e-01
2.789999375513403310e-02
1.494433847894839282e-02
1.009855968171336285e-02
7.570005411426562400e-03
6.021911821634099750e-03
4.979945068203603734e-03
4.233291626793825313e-03
3.673975208533539292e-03
3.240966992707677852e-03
2.897172194232714923e-03
2.618745256717279393e-03
2.389659869581473809e-03
2.198747160149978810e-03
2.037985354781424261e-03
1.901464574644678475e-03
1.784735041329247283e-03
1.684382653438258690e-03
1.597744483819495869e-03
1.522713184735703489e-03
1.457599491325653734e-03
1.401033639991720956e-03
1.351893431275263610e-03
1.309250897968089293e-03
1.272332196814619006e-03
1.240487050618926555e-03
1.213165189156839270e-03
1.189897987764686107e-03
1.170284013437028134e-03
1.153977541737997384e-03
1.140679355963675982e-03
1.130129316549396620e-03
1.122100315924511602e-03
1.116393326741075415e-03
1.112833319726369216e-03
1.111265878263681568e-03
1.111554375016595309e-03
1.113577604879066032e-03
1.117227790675409844e-03
1.122408895093247004e-03
1.129035185571929372e-03
1.137030009216843029e-03
1.146324742950762324e-03
1.156857890558891239e-03
1.168574303416691426e-03
1.181424505801081069e-03
1.195364108995897569e-03
1.210353301081624425e-03
1.226356401479236635e-03
1.243341471098232927e-03
1.261279970401363564e-03
1.280146458903203867e-03
1.299918330617624808e-03
1.320575580798111475e-03
1.342100600006838201e-03
1.364477992127298075e-03
1.387694413422735579e-03
1.411738430152136839e-03
1.436600392604422179e-03
1.462272323705049665e-03
1.488747820601682859e-03
1.516021967849679082e-03
1.544091261002683048e-03
1.572953539572229326e-03
1.602607928456445223e-03
1.633054787057163469e-03
1.664295665407325908e-03
1.696333266720436925e-03
1.729171415852602620e-03
1.762815033236886592e-03
1.797270113910994470e-03
1.832543711313136710e-03
1.868643925570050417e-03
1.905579896043992820e-03
1.943361797945221186e-03
1.982000842852185869e-03
2.021509283014141095e-03
2.061900419341774170e-03
2.103188613018982557e-03
2.145389300696374634e-03
2.188519013251906398e-03
2.232595398128527520e-03
2.277637245282995195e-03
2.323664516802505763e-03
2.370698380270214699e-03
2.418761245982780760e-03
2.467876808148197158e-03
2.518070090215442178e-03
2.569367494513820002e-03
2.621796856405302165e-03
2.675387503181753633e-03
2.730170317968048238e-03
2.786177808923602506e-03
2.843444184068928161e-03
2.902005432099578376e-03
2.961899409589822604e-03
3.023165935031247274e-03
3.085846890197753781e-03
3.149986329379841996e-03
3.215630597087654630e-03
3.282828454883211615e-03
3.351631218071153030e-03
3.422092903051657600e-03
3.494270386224391720e-03
3.568223575422458087e-03
3.644015594960579949e-03
3.721712985494711294e-03
3.801385920019348906e-03
3.883108437470901651e-03
3.966958695566006297e-03
4.053019244683291576e-03
4.141377324798286262e-03
4.232125187708650482e-03
4.325360447042190908e-03
4.421186458828928537e-03
4.519712735746026985e-03
4.621055398513327153e-03
4.725337668338343462e-03
4.832690404787025676e-03
4.943252694002205939e-03
5.057172492812080609e-03
5.174607334983513489e-03
5.295725106691150097e-03
5.420704899208221052e-03
5.549737947907629892e-03
5.683028667902765771e-03
5.820795798101435770e-03
5.963273667114385272e-03
6.110713596402293259e-03
6.263385458305993636e-03
6.421579409250048089e-03
6.585607821505638088e-03
6.755807440539034030e-03
6.932541799261105614e-03
7.116203925562605490e-03
7.307219385535633147e-03
7.506049711933082680e-03
7.713196275960907192e-03
7.929204670732497781e-03
8.154669687023191615e-03
8.390240976820905611e-03
8.636629518184436166e-03
8.894615016846867464e-03
9.165054406813970267e-03
9.448891645140119339e-03
9.747169036713186283e-03
1.006104037530908442e-02
1.039178625006775131e-02
1.074083194541824472e-02
1.110976846198351992e-02
1.150037731230093077e-02
1.191465990657207541e-02
1.235487255126446748e-02
1.282356835243635140e-02
1.332364766702948122e-02
1.385841920804831151e-02
1.443167452411214802e-02
1.504777939785527374e-02
1.571178682343497141e-02
1.642957775054912362e-02
1.720803789652879112e-02
1.805528189117606985e-02
1.898094022753975263e-02
1.999653055583470312e-02
2.111594373303825670e-02
2.235608825411671344e-02
2.373775673363741345e-02
2.528680913964917454e-02
2.703581663562169835e-02
2.902638973341489445e-02
3.131254788368677267e-02
3.396571779086491466e-02
3.708235939759649269e-02
4.079598593499963316e-02
4.529684565677075114e-02
5.086564004152016594e-02
5.793453271514235198e-02
6.720523728098051763e-02
7.989799598285550475e-02
9.833906583143948998e-02
1.275809615917690154e-01
1.810512935579103311e-01
3.101862448939806671e-01
1.064455958714225048e+00
-7.516557666855752107e-01
-2.788560943737876108e-01
-1.715850351139859842e-01
-1.241217150021834414e-01
-9.734954432428255533e-02
-8.015793792868852741e-02
-6.818340473208941988e-02
-5.936299748044469859e-02
-5.259474459939040419e-02
-4.723645738178786080e-02
-4.288858262883765704e-02
-3.928950000999299058e-02
-3.626072976875691078e-02
-3.367633683096219605e-02
-3.144491987112531944e-02
-2.949853348917822610e-02
-2.778561758536501197e-02
-2.626633897290101341e-02
-2.490943675645122118e-02
-2.369003405763833031e-02
-2.258808750805649593e-02
-2.158726770031719339e-02
-2.067413703705181863e-02
-1.983753671756534331e-02
-1.906812331968748761e-02
-1.835801405091910116e-02
-1.770051205758597229e-02
-1.708989147777634221e-02
-1.652122760875266230e-02
-1.599026151514493926e-02
-1.549329119593474864e-02
-1.502708342451192225e-02
-1.458880182101339462e-02
-1.417594777389823667e-02
-1.378631161021601215e-02
-1.341793199863299674e-02
-1.306906201007952684e-02
-1.273814059613687794e-02
-1.242376850233572853e-02
-1.212468783215779958e-02
-1.183976463210545220e-02
-1.156797398932576243e-02
-1.130838722880081297e-02
-1.106016087291503830e-02
-1.082252708671264593e-02
-1.059478538071241191e-02
-1.037629538232294826e-02
-1.016647051866719463e-02
-9.964772479507954389e-03
-9.770706350149645919e-03
-9.583816321608464028e-03
-9.403681899717294262e-03
-9.229914546752046936e-03
-9.062154699078322356e-03
-8.900069112599202567e-03
-8.743348494723485881e-03
-8.591705387411514155e-03
-8.444872270777347562e-03
-8.302599860895236092e-03
-8.164655578995922217e-03
-8.030822172250071805e-03
-7.900896468909991699e-03
-7.774688252780474589e-03
-7.652019243884249089e-03
-7.532722173809697046e-03
-7.416639945637138950e-03
-7.303624869551012672e-03
-7.193537966298781290e-03
-7.086248331572238268e-03
-6.981632555181471744e-03
-6.879574189588937710e-03
-6.779963262975331577e-03
-6.682695832542131370e-03
-6.587673574225211270e-03
-6.494803405398642121e-03
-6.403997137515902993e-03
-6.315171155950333876e-03
-6.228246124580408272e-03
-6.143146712917171848e-03
-6.059801343786929556e-03
-5.978141959788349676e-03
-5.898103806907977961e-03
-5.819625233842271213e-03
-5.742647505709382386e-03
-5.667114630959636107e-03
-5.592973200404519583e-03
-5.520172237383899269e-03
-5.448663058181411369e-03
-5.378399141876676059e-03
-5.309336008897838632e-03
-5.241431107600294514e-03
-5.174643708258284958e-03
-5.108934803908396320e-03
-5.044267017531661734e-03
-4.980604515104776996e-03
-4.917912924089593019e-03
-4.856159256967019361e-03
-4.795311839452089456e-03
-4.735340243057328813e-03
-4.676215221698747093e-03
-4.617908652061089581e-03
-4.560393477464602836e-03
-4.503643654992003226e-03
-4.447634105654811945e-03
-4.392340667396187580e-03
-4.337740050740021211e-03
-4.283809796912547638e-03
-4.230528238274020199e-03
-4.177874460912034058e-03
-4.125828269255890808e-03
-4.074370152584951520e-03
-4.023481253309748804e-03
-3.973143336915893782e-03
-3.923338763466240921e-03
-3.874050460566620408e-03
-3.825261897704137527e-03
-3.776957061875353856e-03
-3.729120434425746509e-03
-3.681736969029287924e-03
-3.634792070738717372e-03
-3.588271576044491269e-03
-3.542161733881791542e-03
-3.496449187531699802e-03
-3.451120957363409264e-03
-3.406164424369696221e-03
-3.361567314449592867e-03
-3.317317683395966735e-03
-3.273403902547998394e-03
-3.229814645069091147e-03
-3.186538872818830276e-03
-3.143565823780449311e-03
-3.100885000017193551e-03
-3.058486156125342706e-03
-3.016359288156435052e-03
-2.974494622983191346e-03
-2.932882608084525812e-03
-2.891513901724234413e-03
-2.850379363504366905e-03
-2.809470045269031255e-03
-2.768777182342714756e-03
-2.728292185079100266e-03
-2.688006630708259220e-03
-2.647912255461390418e-03
-2.608000946957126504e-03
-2.568264736837875661e-03
-2.528695793635703237e-03
-2.489286415859433537e-03
-2.450029025286361815e-03
-2.410916160445829293e-03
-2.371940470285816699e-03
-2.333094708005049953e-03
-2.294371725047034041e-03
-2.255764465236477761e-03
-2.217265959056094037e-03
-2.178869318048090847e-03
-2.140567729332786776e-03
-2.102354450234559125e-03
-2.064222803006638719e-03
-2.026166169644848768e-03
-1.988177986782692711e-03
-1.950251740658230778e-03
-1.912380962145797695e-03
-1.874559221842850114e-03
-1.836780125205296314e-03
-1.799037307723376153e-03
-1.761324430128968343e-03
-1.723635173627918304e-03
-1.685963235148589361e-03
-1.648302322601329691e-03
-1.610646150136554964e-03
-1.572988433399539338e-03
-1.535322884768818095e-03
-1.497643208574174099e-03
-1.459943096284108295e-03
-1.422216221656094973e-03
-1.384456235839818866e-03
-1.346656762427365060e-03
-1.308811392439262512e-03
-1.270913679240306396e-03
-1.232957133372885672e-03
-1.194935217302959098e-03
-1.156841340064143761e-03
-1.118668851794428140e-03
-1.080411038152702223e-03
-1.042061114604712598e-03
-1.003612220568768408e-03
-9.650574134086990514e-04
-9.263896622609827172e-04
-8.876018416860073645e-04
-8.486867251282041984e-04
-8.096369781717606840e-04
-7.704451515775246478e-04
-7.311036740867869147e-04
-6.916048449725387300e-04
-6.519408263265065104e-04
-6.121036350581194989e-04
-5.720851345918775283e-04
-5.318770262385070710e-04
-4.914708402219696189e-04
-4.508579263382593919e-04
-4.100294442211283204e-04
-3.689763531923603672e-04
-3.276894016658853798e-04
-2.861591160802415788e-04
-2.443757893250161732e-04
-2.023294686331563765e-04
-1.600099428997478826e-04
-1.174067293935356082e-04
-7.450905981871069547e-05
-3.130586568586991164e-05
1.221423705385655395e-05
5.606296416048968043e-05
1.002523800948183601e-04
1.447949159033147352e-04
1.897033880573642875e-04
2.349910183108449603e-04
2.806714546505621223e-04
3.267587934079781153e-04
3.732676026192670304e-04
4.202129467161101230e-04
4.676104126454735943e-04
5.154761375169010333e-04
5.638268378888948960e-04
6.126798408133621657e-04
6.620531167639553960e-04
7.119653145933094694e-04
7.624357986631678276e-04
8.134846883164816717e-04
8.651328998693199115e-04
9.174021913113273446e-04
9.703152099319353567e-04
1.023895543097575519e-03
1.078167772429323729e-03
1.133157531657884472e-03
1.188891568449818113e-03
1.245397810532637185e-03
1.302705436476062247e-03
1.360844951518138529e-03
1.419848268866374073e-03
1.479748796944253125e-03
1.540581533099581908e-03
1.602383164343161234e-03
1.665192175748407381e-03
1.729048967196603580e-03
1.793995979241169540e-03
1.860077828925455097e-03
1.927341456496942627e-03
1.995836284050684847e-03
2.065614387254667041e-03
2.136730681435772272e-03
2.209243123452286212e-03
2.283212930938273259e-03
2.358704820698323198e-03
2.435787268231926275e-03
2.514532790608940173e-03
2.595018255194500231e-03
2.677325217016576948e-03
2.761540287936428001e-03
2.847755541173736457e-03
2.936068955211281611e-03
3.026584901620054356e-03
3.119414681971887857e-03
3.214677119700817820e-03
3.312499213590800427e-03
3.413016860515642736e-03
3.516375656148946344e-03
3.622731783640222719e-03
3.732253001751850881e-03
3.845119745687605554e-03
3.961526355907535150e-03
4.081682452634870228e-03
4.205814476618503772e-03
4.334167420099658066e-03
4.467006775958123205e-03
4.604620737814875409e-03
4.747322689617607810e-03
4.895454030153760169e-03
5.049387386263388261e-03
5.209530278634091904e-03
5.376329316342914541e-03
5.550275011317511512e-03
5.731907322311458400e-03
5.921822060706932733e-03
6.120678318611650140e-03
6.329207114795525405e-03
6.548221497962381302e-03
6.778628402233921602e-03
7.021442619943883690e-03
7.277803346442981297e-03
7.548993866753010012e-03
7.836465102903651669e-03
8.141863935100815408e-03
8.467067465341981958e-03
8.814224730878911923e-03
9.185807828370386868e-03
9.584675022439065328e-03
1.001414924949389773e-02
1.047811658413105862e-02
1.098115085253040246e-02
1.152867286828068716e-02
1.212715605827216492e-02
1.278439505058776016e-02
1.350986092585881870e-02
1.431517760989131638e-02
1.521477050595981817e-02
1.622676467751441032e-02
1.737425226800121125e-02
1.868711927320810401e-02
2.020474253563409386e-02
2.198008231161101972e-02
2.408609243215535656e-02
2.662613881259581761e-02
2.975169073723081536e-02
3.369398774882652325e-02
3.882451551115867483e-02
4.578033266557540032e-02
5.575303776586647275e-02
7.125998893272486590e-02
9.869854347313097853e-02
1.605074349386731158e-01
4.299198454939573422e-01
-6.316795022406517246e-01
-1.818400096060586446e-01
-1.060998445371409415e-01
-7.483530649059104423e-02
-5.775499410352840507e-02
-4.698570979885486470e-02
-3.957132632240881187e-02
-3.415258939231241575e-02
-3.001713935237317055e-02
-2.675559339120586744e-02
-2.411595059397945995e-02
-2.193459375514668699e-02
-2.010066452887390373e-02
-1.853638430888603778e-02
-1.718557201701356729e-02
-1.600663409047515390e-02
-1.496811835950438707e-02
-1.404580064881953520e-02
-1.322072115311413026e-02
-1.247782796911588860e-02
-1.180501949504987255e-02
-1.119245525602324820e-02
-1.063205129014864816e-02
-1.011710489621045136e-02
-9.642011638236306498e-03
-9.202049186623090585e-03
-8.793210277211509912e-03
-8.412072242117624166e-03
-8.055694099668565464e-03
-7.721534642814388907e-03
-7.407386691597878103e-03
-7.111323906772535654e-03
-6.831657451139147401e-03
-6.566900434998009482e-03
-6.315738561952425126e-03
-6.077005749169348860e-03
-5.849663765593348004e-03
-5.632785136175057737e-03
-5.425538716823130082e-03
-5.227177465633991819e-03
-5.037028029897794995e-03
-4.854481841894973775e-03
-4.678987474413292408e-03
-4.510044052822332825e-03
-4.347195557140495076e-03
-4.190025876887285873e-03
-4.038154505148165881e-03
-3.891232777470458350e-03
-3.748940576783609674e-03
-3.610983438314359535e-03
-3.477089998937490066e-03
-3.347009744056486311e-03
-3.220511012259826521e-03
-3.097379223964052963e-03
-2.977415305211563237e-03
-2.860434281964693154e-03
-2.746264023727592804e-03
-2.634744118279992199e-03
-2.525724861798056553e-03
-2.419066350765704775e-03
-2.314637663861734279e-03
-2.212316123566913841e-03
-2.111986628535887991e-03
-2.013541048911467960e-03
-1.916877677736187474e-03
-1.821900732443215449e-03
-1.728519901139910497e-03
-1.636649929024530051e-03
-1.546210240814967912e-03
-1.457124595551660684e-03
-1.369320770541368384e-03
-1.282730271575460192e-03
-1.197288066872910332e-03
-1.112932342469650365e-03
-1.029604277029672142e-03
-9.472478342557747247e-04
-8.658095712819309855e-04
-7.852384615803982039e-04
-7.054857310822273617e-04
-6.265047063243032489e-04
-5.482506735640865769e-04
-4.706807479034572778e-04
-3.937537515559656233e-04
-3.174301004682982333e-04
-2.416716985935941572e-04
-1.664418391617490146e-04
-9.170511236943415523e-05
-1.742731895156566027e-05
5.642461085424111886e-05
1.298826933891911173e-04
2.029779631092889537e-04
2.757405399454954456e-04
3.481996928361239668e-04
4.203838997296565315e-04
4.923209043623281642e-04
5.640377700624884735e-04
6.355609308347025775e-04
7.069162399449472993e-04
7.781290162199127995e-04
8.492240882499915017e-04
9.202258366845317630e-04
9.911582347813803311e-04
1.062044887371950928e-03
1.132909068386140370e-03
1.203773757083622352e-03
1.274661673113347028e-03
1.345595310530403686e-03
1.416596970888705370e-03
1.487688795515380380e-03
1.558892797086272727e-03
1.630230890587262664e-03
1.701724923778093028e-03
1.773396707245897047e-03
1.845268044142551979e-03
1.917360759697382374e-03
1.989696730601740998e-03
2.062297914340277365e-03
2.135186378574114186e-03
2.208384330651869901e-03
2.281914147341395065e-03
2.355798404875696864e-03
2.430059909393476793e-03
2.504721727880058861e-03
2.579807219694950967e-03
2.655340068785823349e-03
2.731344316691320436e-03
2.807844396439722941e-03
2.884865167448493785e-03
2.962431951545907351e-03
3.040570570231472102e-03
3.119307383306296842e-03
3.198669329006281325e-03
3.278683965786132609e-03
3.359379515902002119e-03
3.440784910963003498e-03
3.522929839620836997e-03
3.605844797593405794e-03
3.689561140217354710e-03
3.774111137752268492e-03
3.859528033675313063e-03
3.945846106213349129e-03
4.033100733402090327e-03
4.121328461959176265e-03
4.210567080311791201e-03
4.300855696127516004e-03
4.392234818739509418e-03
4.484746446898413633e-03
4.578434162308267670e-03
4.673343229465713733e-03
4.769520702361536302e-03
4.867015538665878105e-03
4.965878722075237235e-03
5.066163393579046353e-03
5.167924992472105322e-03
5.271221408040885348e-03
5.376113142936940134e-03
5.482663489378545099e-03
5.590938719439553228e-03
5.701008290835817699e-03
5.812945069768607476e-03
5.926825572599576410e-03
6.042730228305537299e-03
6.160743663933225880e-03
6.280955015534360648e-03
6.403458267376346651e-03
6.528352622591566262e-03
6.655742908835002997e-03
6.785740023006663589e-03
6.918461419637967486e-03
7.054031648185649789e-03
7.192582945223573339e-03
7.334255888371084622e-03
7.479200119816863113e-03
7.627575148474305053e-03
7.779551241180472296e-03
7.935310414984613619e-03
8.095047544491829408e-03
8.258971600511897521e-03
8.427307038960957924e-03
8.600295362196922616e-03
8.778196878847333712e-03
8.961292692818442415e-03
9.149886957798086806e-03
9.344309440348667548e-03
9.544918442966898731e-03
9.752104148579297457e-03
9.966292460371992123e-03
1.018794942615447799e-02
1.041758635547329268e-02
1.065576576138935021e-02
1.090310828855810613e-02
1.116030082677289988e-02
1.142810605677413091e-02
1.170737373600031286e-02
1.199905411037689024e-02
1.230421393985142546e-02
1.262405575827556595e-02
1.295994116331693549e-02
1.331341916493818112e-02
1.368626093348568676e-02
1.408050271223678339e-02
1.449849924003614524e-02
1.494299083508386812e-02
1.541718842168235057e-02
1.592488239096145550e-02
1.647058351024765360e-02
1.705970750471423256e-02
1.769882002349654204e-02
1.839596644338341302e-02
1.916112298746706910e-02
2.000682474997120611e-02
2.094905739253823118e-02
2.200855160464132085e-02
2.321271015166975760e-02
2.459856056635119359e-02
2.621743291828654288e-02
2.814266616497910697e-02
3.048290863064445633e-02
3.340640415262249169e-02
3.718854266697513289e-02
4.231361965548403881e-02
4.971982500123959398e-02
6.149476338710122003e-02
8.341535715374967519e-02
1.395576629803632063e-01
6.207285575338143957e-01
