-6.026394397894089226e-03
-6.024551155617274660e-03
-6.022704709312723392e-03
-6.020855055979387228e-03
-6.019002192607096798e-03
-6.017146116176288334e-03
-6.015286823658515421e-03
-6.013424312015756834e-03
-6.011558578201590085e-03
-6.009689619159101943e-03
-6.007817431823170469e-03
-6.005942013118619263e-03
-6.004063359961202793e-03
-6.002181469257216080e-03
-6.000296337903538932e-03
-5.998407962787442524e-03
-5.996516340787023079e-03
-5.994621468770429049e-03
-5.992723343596334691e-03
-5.990821962113869817e-03
-5.988917321162837495e-03
-5.987009417572876184e-03
-5.985098248163917695e-03
-5.983183809746377146e-03
-5.981266099121093985e-03
-5.979345113078373547e-03
-5.977420848399451168e-03
-5.975493301855085322e-03
-5.973562470206535135e-03
-5.971628350204718182e-03
-5.969690938590712682e-03
-5.967750232095852918e-03
-5.965806227440934723e-03
-5.963858921336658708e-03
-5.961908310484097771e-03
-5.959954391573572992e-03
-5.957997161285391759e-03
-5.956036616289769707e-03
-5.954072753246183666e-03
-5.952105568804359585e-03
-5.950135059603167513e-03
-5.948161222271340642e-03
-5.946184053426856880e-03
-5.944203549677548604e-03
-5.942219707620694132e-03
-5.940232523842552820e-03
-5.938241994919415435e-03
-5.936248117416284900e-03
-5.934250887888007329e-03
-5.932250302878674421e-03
-5.930246358920902676e-03
-5.928239052537578532e-03
-5.926228380239715113e-03
-5.924214338528185214e-03
-5.922196923892487919e-03
-5.920176132811499729e-03
-5.918151961752432001e-03
-5.916124407172367906e-03
-5.914093465516496485e-03
-5.912059133219254962e-03
-5.910021406703954046e-03
-5.907980282382135212e-03
-5.905935756655033078e-03
-5.903887825911460774e-03
-5.901836486529807475e-03
-5.899781734876371336e-03
-5.897723567306360423e-03
-5.895661980163566587e-03
-5.893596969779983825e-03
-5.891528532475948793e-03
-5.889456664560812141e-03
-5.887381362331610586e-03
-5.885302622073674064e-03
-5.883220440060850376e-03
-5.881134812555314367e-03
-5.879045735806975523e-03
-5.876953206054149302e-03
-5.874857219522764372e-03
-5.872757772427545687e-03
-5.870654860970511355e-03
-5.868548481341700346e-03
-5.866438629719103980e-03
-5.864325302268645970e-03
-5.862208495143732268e-03
-5.860088204485973569e-03
-5.857964426424002238e-03
-5.855837157074583396e-03
-5.853706392541766640e-03
-5.851572128917350950e-03
-5.849434362280295750e-03
-5.847293088697344543e-03
-5.845148304222598165e-03
-5.843000004896875543e-03
-5.840848186749006930e-03
-5.838692845794756642e-03
-5.836533978036833464e-03
-5.834371579465465717e-03
-5.832205646057664859e-03
-5.830036173777664379e-03
-5.827863158576320445e-03
-5.825686596391744208e-03
-5.823506483148706801e-03
-5.821322814758688770e-03
-5.819135587120331105e-03
-5.816944796118481142e-03
-5.814750437624824873e-03
-5.812552507497695253e-03
-5.810351001581814598e-03
-5.808145915708573873e-03
-5.805937245695315385e-03
-5.803724987346335455e-03
-5.801509136452017053e-03
-5.799289688788755205e-03
-5.797066640119166898e-03
-5.794839986192326133e-03
-5.792609722743224422e-03
-5.790375845492738704e-03
-5.788138350147895884e-03
-5.785897232401348081e-03
-5.783652487931705694e-03
-5.781404112403532199e-03
-5.779152101466842814e-03
-5.776896450757632723e-03
-5.774637155897114661e-03
-5.772374212492330410e-03
-5.770107616135569661e-03
-5.767837362404674463e-03
-5.765563446862837990e-03
-5.763285865058602811e-03
-5.761004612525508738e-03
-5.758719684782369515e-03
-5.756431077333239860e-03
-5.754138785667072854e-03
-5.751842805257733823e-03
-5.749543131564166867e-03
-5.747239760029961182e-03
-5.744932686083756117e-03
-5.742621905138522130e-03
-5.740307412592092484e-03
-5.737989203827189265e-03
-5.735667274210311424e-03
-5.733341619093033220e-03
-5.731012233811038845e-03
-5.728679113684508398e-03
-5.726342254017293895e-03
-5.724001650098353884e-03
-5.721657297199875605e-03
-5.719309190578707007e-03
-5.716957325475172796e-03
-5.714601697113813432e-03
-5.712242300702856032e-03
-5.709879131434307184e-03
-5.707512184483711816e-03
-5.705141455010710912e-03
-5.702766938157659803e-03
-5.700388629051125235e-03
-5.698006522800727440e-03
-5.695620614499191312e-03
-5.693230899223094936e-03
-5.690837372031607583e-03
-5.688440027967027468e-03
-5.686038862055042831e-03
-5.683633869303978195e-03
-5.681225044704955700e-03
-5.678812383232198675e-03
-5.676395879842254487e-03
-5.673975529474568728e-03
-5.671551327050967407e-03
-5.669123267475850367e-03
-5.666691345635873830e-03
-5.664255556400068364e-03
-5.661815894619980256e-03
-5.659372355128759920e-03
-5.656924932741830628e-03
-5.654473622256806983e-03
-5.652018418452972766e-03
-5.649559316091532467e-03
-5.647096309915279957e-03
-5.644629394648844820e-03
-5.642158564998250858e-03
-5.639683815651057482e-03
-5.637205141276334548e-03
-5.634722536524178378e-03
-5.632235996026033545e-03
-5.629745514394711957e-03
-5.627251086223646059e-03
-5.624752706087641704e-03
-5.622250368541926654e-03
-5.619744068122897382e-03
-5.617233799347265584e-03
-5.614719556712543906e-03
-5.612201334696940123e-03
-5.609679127758505392e-03
-5.607152930336223653e-03
-5.604622736849125195e-03
-5.602088541695916281e-03
-5.599550339255851723e-03
-5.597008123888067010e-03
-5.594461889931150698e-03
-5.591911631703930241e-03
-5.589357343504569933e-03
-5.586799019610825048e-03
-5.584236654280077400e-03
-5.581670241748779362e-03
-5.579099776233058423e-03
-5.576525251927631245e-03
-5.573946663006659752e-03
-5.571364003623161323e-03
-5.568777267909046959e-03
-5.566186449974852395e-03
-5.563591543909807494e-03
-5.560992543781654099e-03
-5.558389443636823843e-03
-5.555782237499597674e-03
-5.553170919372851788e-03
-5.550555483237508587e-03
-5.547935923052269534e-03
-5.545312232754103475e-03
-5.542684406257452137e-03
-5.540052437454581410e-03
-5.537416320215308996e-03
-5.534776048386947159e-03
-5.532131615793996551e-03
-5.529483016238350042e-03
-5.526830243498808727e-03
-5.524173291331526021e-03
-5.521512153469302492e-03
-5.518846823621650910e-03
-5.516177295474899468e-03
-5.513503562691676567e-03
-5.510825618911577815e-03
-5.508143457749840703e-03
-5.505457072798138236e-03
-5.502766457624231125e-03
-5.500071605771960845e-03
-5.497372510760756975e-03
-5.494669166085554800e-03
-5.491961565217598484e-03
-5.489249701602589258e-03
-5.486533568662375036e-03
-5.483813159793467229e-03
-5.481088468367776266e-03
-5.478359487731854389e-03
-5.475626211207214843e-03
-5.472888632090085539e-03
-5.470146743651128907e-03
-5.467400539135478313e-03
-5.464650011762464850e-03
-5.461895154725720548e-03
-5.459135961192705666e-03
-5.456372424304925528e-03
-5.453604537177226229e-03
-5.450832292898785160e-03
-5.448055684531449144e-03
-5.445274705110755321e-03
-5.442489347645704766e-03
-5.439699605117658335e-03
-5.436905470481289901e-03
-5.434106936664109301e-03
-5.431303996565955798e-03
-5.428496643059260891e-03
-5.425684868988734331e-03
-5.422868667171263507e-03
-5.420048030395908240e-03
-5.417222951423143577e-03
-5.414393422985704606e-03
-5.411559437787511785e-03
-5.408720988503919885e-03
-5.405878067781752679e-03
-5.403030668238857984e-03
-5.400178782463692199e-03
-5.397322403015904040e-03
-5.394461522425612020e-03
-5.391596133193404458e-03
-5.388726227790168605e-03
-5.385851798656929312e-03
-5.382972838204662554e-03
-5.380089338814213890e-03
-5.377201292835830961e-03
-5.374308692589690843e-03
-5.371411530364786358e-03
-5.368509798419637304e-03
-5.365603488981515908e-03
-5.362692594246432944e-03
-5.359777106379238348e-03
-5.356857017513049629e-03
-5.353932319749440949e-03
-5.351003005157574030e-03
-5.348069065775257203e-03
-5.345130493607560228e-03
-5.342187280626953076e-03
-5.339239418773812466e-03
-5.336286899955259601e-03
-5.333329716045489763e-03
-5.330367858885632672e-03
-5.327401320283311863e-03
-5.324430092012641218e-03
-5.321454165813878888e-03
-5.318473533393432498e-03
-5.315488186423670929e-03
-5.312498116542183589e-03
-5.309503315352475175e-03
-5.306503774423037591e-03
-5.303499485287623168e-03
-5.300490439444468377e-03
-5.297476628356933941e-03
-5.294458043452455326e-03
-5.291434676122812493e-03
-5.288406517723993720e-03
-5.285373559575420183e-03
-5.282335792960481981e-03
-5.279293209125707209e-03
-5.276245799281031705e-03
-5.273193554599206641e-03
-5.270136466215613776e-03
-5.267074525228383416e-03
-5.264007722697707468e-03
-5.260936049646244492e-03
-5.257859497057919274e-03
-5.254778055878869120e-03
-5.251691717016183578e-03
-5.248600471338265260e-03
-5.245504309674505448e-03
-5.242403222814976185e-03
-5.239297201510009598e-03
-5.236186236470429488e-03
-5.233070318366906878e-03
-5.229949437829754452e-03
-5.226823585448918744e-03
-5.223692751773596765e-03
-5.220556927311831817e-03
-5.217416102530602826e-03
-5.214270267855035910e-03
-5.211119413669125164e-03
-5.207963530314042161e-03
-5.204802608089376288e-03
-5.201636637251586502e-03
-5.198465608014951958e-03
-5.195289510550204180e-03
-5.192108334984962478e-03
-5.188922071403014903e-03
-5.185730709844535956e-03
-5.182534240305597395e-03
-5.179332652737343376e-03
-5.176125937046937610e-03
-5.172914083095891090e-03
-5.169697080700800217e-03
-5.166474919632637296e-03
-5.163247589616566657e-03
-5.160015080331531792e-03
-5.156777381410040245e-03
-5.153534482438137596e-03
-5.150286372954363152e-03
-5.147033042450391803e-03
-5.143774480370001852e-03
-5.140510676109108848e-03
-5.137241619015448131e-03
-5.133967298388102986e-03
-5.130687703477372803e-03
-5.127402823484451290e-03
-5.124112647560836661e-03
-5.120817164808282203e-03
-5.117516364278471008e-03
-5.114210234972522452e-03
-5.110898765840808308e-03
-5.107581945782480037e-03
-5.104259763645319602e-03
-5.100932208225258079e-03
-5.097599268265988817e-03
-5.094260932458962235e-03
-5.090917189442468148e-03
-5.087568027801728579e-03
-5.084213436068347851e-03
-5.080853402720388913e-03
-5.077487916180952604e-03
-5.074116964819151698e-03
-5.070740536948768230e-03
-5.067358620828361047e-03
-5.063971204660676871e-03
-5.060578276592187993e-03
-5.057179824713060184e-03
-5.053775837056758910e-03
-5.050366301599032784e-03
-5.046951206258170307e-03
-5.043530538894513277e-03
-5.040104287309821011e-03
-5.036672439247125502e-03
-5.033234982389962926e-03
-5.029791904362458654e-03
-5.026343192728403506e-03
-5.022888834991566000e-03
-5.019428818593967175e-03
-5.015963130917132189e-03
-5.012491759280430191e-03
-5.009014690941030086e-03
-5.005531913093341084e-03
-5.002043412869227809e-03
-4.998549177336309400e-03
-4.995049193498697637e-03
-4.991543448296072334e-03
-4.988031928603133165e-03
-4.984514621229151239e-03
-4.980991512917790423e-03
-4.977462590346456821e-03
-4.973927840125414064e-03
-4.970387248798243882e-03
-4.966840802840533781e-03
-4.963288488659691432e-03
-4.959730292594517927e-03
-4.956166200914584145e-03
-4.952596199819663501e-03
-4.949020275439631328e-03
-4.945438413833319093e-03
-4.941850600988739912e-03
-4.938256822821790112e-03
-4.934657065176159020e-03
-4.931051313823012379e-03
-4.927439554460037383e-03
-4.923821772710937003e-03
-4.920197954125038811e-03
-4.916568084176737262e-03
-4.912932148265038330e-03
-4.909290131712641843e-03
-4.905642019765665655e-03
-4.901987797593016817e-03
-4.898327450285658649e-03
-4.894660962856366149e-03
-4.890988320238848219e-03
-4.887309507287127507e-03
-4.883624508775105851e-03
-4.879933309395911162e-03
-4.876235893761272054e-03
-4.872532246400763239e-03
-4.868822351761307662e-03
-4.865106194206765371e-03
-4.861383758016699259e-03
-4.857655027386369000e-03
-4.853919986425610407e-03
-4.850178619158497170e-03
-4.846430909522493440e-03
-4.842676841367801570e-03
-4.838916398456723743e-03
-4.835149564462637613e-03
-4.831376322970289475e-03
-4.827596657473916426e-03
-4.823810551377136213e-03
-4.820017987992199562e-03
-4.816218950539029146e-03
-4.812413422144950700e-03
-4.808601385843415399e-03
-4.804782824573755259e-03
-4.800957721179753730e-03
-4.797126058409698600e-03
-4.793287818915028912e-03
-4.789442985249931645e-03
-4.785591539870098776e-03
-4.781733465132355192e-03
-4.777868743293701981e-03
-4.773997356510361473e-03
-4.770119286837344423e-03
-4.766234516227181930e-03
-4.762343026529245425e-03
-4.758444799489140384e-03
-4.754539816747450388e-03
-4.750628059839187220e-03
-4.746709510192602573e-03
-4.742784149128654626e-03
-4.738851957860013182e-03
-4.734912917489794183e-03
-4.730967009011211900e-03
-4.727014213306389781e-03
-4.723054511145136601e-03
-4.719087883184543142e-03
-4.715114309967742730e-03
-4.711133771922928516e-03
-4.707146249362286622e-03
-4.703151722481350820e-03
-4.699150171357756138e-03
-4.695141575950126031e-03
-4.691125916097350738e-03
-4.687103171517415477e-03
-4.683073321806045623e-03
-4.679036346436263490e-03
-4.674992224756896464e-03
-4.670940935991622911e-03
-4.666882459237855010e-03
-4.662816773465518379e-03
-4.658743857516185576e-03
-4.654663690101864398e-03
-4.650576249803569338e-03
-4.646481515070730040e-03
-4.642379464219398462e-03
-4.638270075431437031e-03
-4.634153326753414487e-03
-4.630029196095025550e-03
-4.625897661228098659e-03
-4.621758699785510904e-03
-4.617612289259532231e-03
-4.613458407000793279e-03
-4.609297030217084958e-03
-4.605128135971966324e-03
-4.600951701183233697e-03
-4.596767702622118340e-03
-4.592576116911436385e-03
-4.588376920524317275e-03
-4.584170089783197628e-03
-4.579955600857919980e-03
-4.575733429764640772e-03
-4.571503552364430435e-03
-4.567265944361391210e-03
-4.563020581301929432e-03
-4.558767438572594935e-03
-4.554506491398868477e-03
-4.550237714843757483e-03
-4.545961083806061322e-03
-4.541676573018918472e-03
-4.537384157048130785e-03
-4.533083810290810395e-03
-4.528775506973333614e-03
-4.524459221150235050e-03
-4.520134926702287261e-03
-4.515802597334514501e-03
-4.511462206575343574e-03
-4.507113727773971387e-03
-4.502757134099181872e-03
-4.498392398537357992e-03
-4.494019493890864109e-03
-4.489638392776156874e-03
-4.485249067621888304e-03
-4.480851490667108611e-03
-4.476445633959639028e-03
-4.472031469353576413e-03
-4.467608968508073736e-03
-4.463178102884872434e-03
-4.458738843746649222e-03
-4.454291162154805188e-03
-4.449835028967547186e-03
-4.445370414837918061e-03
-4.440897290211515483e-03
-4.436415625324545593e-03
-4.431925390201621635e-03
-4.427426554653791577e-03
-4.422919088276002809e-03
-4.418402960445180945e-03
-4.413878140317891406e-03
-4.409344596827984540e-03
-4.404802298684479256e-03
-4.400251214369036400e-03
-4.395691312133754788e-03
-4.391122559998583003e-03
-4.386544925749065113e-03
-4.381958376933860894e-03
-4.377362880862039653e-03
-4.372758404600915298e-03
-4.368144914973074756e-03
-4.363522378554229517e-03
-4.358890761669917922e-03
-4.354250030393776519e-03
-4.349600150543880654e-03
-4.344941087680541381e-03
-4.340272807103558519e-03
-4.335595273849055659e-03
-4.330908452686710666e-03
-4.326212308117274169e-03
-4.321506804369066278e-03
-4.316791905395172407e-03
-4.312067574870733638e-03
-4.307333776189288185e-03
-4.302590472460221353e-03
-4.297837626505370684e-03
-4.293075200855625030e-03
-4.288303157748167213e-03
-4.283521459122596048e-03
-4.278730066618080530e-03
-4.273928941569832274e-03
-4.269118045005429636e-03
-4.264297337641604138e-03
-4.259466779880653926e-03
-4.254626331806687228e-03
-4.249775953182270000e-03
-4.244915603444384018e-03
-4.240045241701063256e-03
-4.235164826727286051e-03
-4.230274316961052036e-03
-4.225373670499910084e-03
-4.220462845096541703e-03
-4.215541798154833625e-03
-4.210610486725909624e-03
-4.205668867503960240e-03
-4.200716896821801022e-03
-4.195754530646743884e-03
-4.190781724576377390e-03
-4.185798433833898616e-03
-4.180804613263854400e-03
-4.175800217327339629e-03
-4.170785200097649158e-03
-4.165759515255362463e-03
-4.160723116083782196e-03
-4.155675955463896537e-03
-4.150617985869674634e-03
-4.145549159362701963e-03
-4.140469427587677859e-03
-4.135378741766857456e-03
-4.130277052694909974e-03
-4.125164310733528926e-03
-4.120040465806370199e-03
-4.114905467393130574e-03
-4.109759264524384323e-03
-4.104601805775529889e-03
-4.099433039261358470e-03
-4.094252912630235754e-03
-4.089061373057796198e-03
-4.083858367241310384e-03
-4.078643841393485119e-03
-4.073417741235984234e-03
-4.068180011993416910e-03
-4.062930598386749192e-03
-4.057669444626797045e-03
-4.052396494407547664e-03
-4.047111690899527631e-03
-4.041814976742857946e-03
-4.036506294040192837e-03
-4.031185584349582240e-03
-4.025852788677880718e-03
-4.020507847472323641e-03
-4.015150700614165090e-03
-4.009781287410158629e-03
-4.004399546585577646e-03
-3.999005416275955467e-03
-3.993598834019405734e-03
-3.988179736748154354e-03
-3.982748060780494717e-03
-3.977303741812435005e-03
-3.971846714909038449e-03
-3.966376914495882422e-03
-3.960894274349995373e-03
-3.955398727591227445e-03
-3.949890206672635774e-03
-3.944368643371534179e-03
-3.938833968779959123e-03
-3.933286113294927507e-03
-3.927725006608553948e-03
-3.922150577698488121e-03
-3.916562754817083138e-03
-3.910961465481633398e-03
-3.905346636463629707e-03
-3.899718193777964095e-03
-3.894076062672015368e-03
-3.888420167614762852e-03
-3.882750432285139892e-03
-3.877066779560907339e-03
-3.871369131506402928e-03
-3.865657409361079096e-03
-3.859931533527078025e-03
-3.854191423556840509e-03
-3.848436998140566945e-03
-3.842668175093328763e-03
-3.836884871341910124e-03
-3.831087002911513426e-03
-3.825274484912113537e-03
-3.819447231524759120e-03
-3.813605155987000953e-03
-3.807748170579262643e-03
-3.801876186609307907e-03
-3.795989114397929545e-03
-3.790086863263664348e-03
-3.784169341506595560e-03
-3.778236456393426011e-03
-3.772288114140973526e-03
-3.766324219899304642e-03
-3.760344677735740458e-03
-3.754349390617106076e-03
-3.748338260392607146e-03
-3.742311187775856831e-03
-3.736268072326866339e-03
-3.730208812433613488e-03
-3.724133305292856664e-03
-3.718041446891300495e-03
-3.711933131985428822e-03
-3.705808254082058883e-03
-3.699666705417337716e-03
-3.693508376936259410e-03
-3.687333158271151497e-03
-3.681140937720065506e-03
-3.674931602224533900e-03
-3.668705037346944517e-03
-3.662461127247447490e-03
-3.656199754660300130e-03
-3.649920800869740391e-03
-3.643624145685633517e-03
-3.637309667418034062e-03
-3.630977242851793005e-03
-3.624626747220174774e-03
-3.618258054178423097e-03
-3.611871035775777311e-03
-3.605465562428423251e-03
-3.599041502890225862e-03
-3.592598724224106699e-03
-3.586137091771988104e-03
-3.579656469124509709e-03
-3.573156718089767411e-03
-3.566637698661823380e-03
-3.560099268987961842e-03
-3.553541285335641738e-03
-3.546963602058483562e-03
-3.540366071561640380e-03
-3.533748544266360463e-03
-3.527110868573525571e-03
-3.520452890826647994e-03
-3.513774455274058794e-03
-3.507075404029956316e-03
-3.500355577034699670e-03
-3.493614812014245695e-03
-3.486852944438579779e-03
-3.480069807479258502e-03
-3.473265231965933127e-03
-3.466439046341494856e-03
-3.459591076616934293e-03
-3.452721146324502170e-03
-3.445829076469949376e-03
-3.438914685483641150e-03
-3.431977789170460869e-03
-3.425018200658754529e-03
-3.418035730347519265e-03
-3.411030185852941335e-03
-3.404001371953090539e-03
-3.396949090531659228e-03
-3.389873140520018209e-03
-3.382773317838197978e-03
-3.375649415333946586e-03
-3.368501222720827332e-03
-3.361328526514122464e-03
-3.354131109965815313e-03
-3.346908752997404448e-03
-3.339661232131266311e-03
-3.332388320420301333e-03
-3.325089787375517039e-03
-3.317765398892199083e-03
-3.310414917173890026e-03
-3.303038100654119482e-03
-3.295634703916925593e-03
-3.288204477614440485e-03
-3.280747168382872839e-03
-3.273262518755959069e-03
-3.265750267076405686e-03
-3.258210147404664095e-03
-3.250641889425547829e-03
-3.243045218352167032e-03
-3.235419854827477695e-03
-3.227765514822819419e-03
-3.220081909534045373e-03
-3.212368745274613892e-03
-3.204625723365887597e-03
-3.196852540024231956e-03
-3.189048886245087616e-03
-3.181214447683867758e-03
-3.173348904533395982e-03
-3.165451931397978390e-03
-3.157523197163792858e-03
-3.149562364866079472e-03
-3.141569091551617721e-03
-3.133543028138309310e-03
-3.125483819269770161e-03
-3.117391103166576149e-03
-3.109264511472448200e-03
-3.101103669096388557e-03
-3.092908194050058256e-03
-3.084677697280165977e-03
-3.076411782496312353e-03
-3.068110045993086704e-03
-3.059772076467473512e-03
-3.051397454830231601e-03
-3.042985754011835828e-03
-3.034536538762526350e-03
-3.026049365445948949e-03
-3.017523781826738152e-03
-3.008959326851550885e-03
-3.000355530422813433e-03
-2.991711913166032136e-03
-2.983027986189418831e-03
-2.974303250835870060e-03
-2.965537198427199879e-03
-2.956729310000303593e-03
-2.947879056034450121e-03
-2.938985896170314034e-03
-2.930049278919216391e-03
-2.921068641363511534e-03
-2.912043408846686551e-03
-2.902972994653352061e-03
-2.893856799678694129e-03
-2.884694212086749785e-03
-2.875484606957177860e-03
-2.866227345920208114e-03
-2.856921776779160205e-03
-2.847567233119888044e-03
-2.838163033906916221e-03
-2.828708483065764997e-03
-2.819202869050359272e-03
-2.809645464395565343e-03
-2.800035525253903070e-03
-2.790372290915890501e-03
-2.780654983313047331e-03
-2.770882806503553297e-03
-2.761054946138826773e-03
-2.751170568910989763e-03
-2.741228821980240885e-03
-2.731228832380887782e-03
-2.721169706405789611e-03
-2.711050528967619711e-03
-2.700870362936165243e-03
-2.690628248450865380e-03
-2.680323202207175997e-03
-2.669954216715690522e-03
-2.659520259532667345e-03
-2.649020272461027892e-03
-2.638453170720148327e-03
-2.627817842083011567e-03
-2.617113145979523513e-03
-2.606337912564083564e-03
-2.595490941745826497e-03
-2.584571002180143136e-03
-2.573576830218862136e-03
-2.562507128818127065e-03
-2.551360566400852348e-03
-2.540135775672579775e-03
-2.528831352387918372e-03
-2.517445854064881850e-03
-2.505977798645434886e-03
-2.494425663098678164e-03
-2.482787881964254855e-03
-2.471062845833008233e-03
-2.459248899761346842e-03
-2.447344341616462717e-03
-2.435347420348141743e-03
-2.423256334184121716e-03
-2.411069228744355548e-03
-2.398784195070380147e-03
-2.386399267564883863e-03
-2.373912421836982169e-03
-2.361321572447978769e-03
-2.348624570552139933e-03
-2.335819201427117870e-03
-2.322903181887016159e-03
-2.309874157572916475e-03
-2.296729700112736406e-03
-2.283467304143747042e-03
-2.270084384189795332e-03
-2.256578271384631750e-03
-2.242946210032804952e-03
-2.229185353998329629e-03
-2.215292762911107334e-03
-2.201265398180367577e-03
-2.187100118803211174e-03
-2.172793676956446748e-03
-2.158342713357950561e-03
-2.143743752383598170e-03
-2.128993196924762119e-03
-2.114087322969875841e-03
-2.099022273892667094e-03
-2.083794054428649879e-03
-2.068398524319356967e-03
-2.052831391603190600e-03
-2.037088205529270085e-03
-2.021164349069955873e-03
-2.005055031004516174e-03
-1.988755277545635816e-03
-1.972259923477222288e-03
-1.955563602770174492e-03
-1.938660738639739686e-03
-1.921545533005333643e-03
-1.904211955310329595e-03
-1.886653730656333034e-03
-1.868864327202217172e-03
-1.850836942773882200e-03
-1.832564490627145966e-03
-1.814039584299831104e-03
-1.795254521484970257e-03
-1.776201266849925225e-03
-1.756871433720749330e-03
-1.737256264542929619e-03
-1.717346610021956363e-03
-1.697132906839031452e-03
-1.676605153826449474e-03
-1.655752886477213819e-03
-1.634565149651434190e-03
-1.613030468328790785e-03
-1.591136816241848356e-03
-1.568871582209083789e-03
-1.546221533968117736e-03
-1.523172779289917907e-03
-1.499710724132523494e-03
-1.475820027568027371e-03
-1.451484553188376464e-03
-1.426687316665072253e-03
-1.401410429102916029e-03
-1.375635035788606939e-03
-1.349341249891624749e-03
-1.322508080625184931e-03
-1.295113355319454712e-03
-1.267133634796833736e-03
-1.238544121367262654e-03
-1.209318558682434975e-03
-1.179429122594832574e-03
-1.148846302065575052e-03
-1.117538769045546380e-03
-1.085473236120028471e-03
-1.052614300553238007e-03
-1.018924273192011159e-03
-9.843629904854502965e-04
-9.488876076443177130e-04
-9.124523706947330589e-04
-8.750083648705043972e-04
-8.365032364274210949e-04
-7.968808845459726285e-04
-7.560811195014611628e-04
-7.140392827124048903e-04
-6.706858236134949705e-04
-6.259458275181569017e-04
-5.797384877179057733e-04
-5.319765139798254740e-04
-4.825654683191888880e-04
-4.314030173970908374e-04
-3.783780890724260451e-04
-3.233699184596169549e-04
-2.662469662268569185e-04
-2.068656887172371905e-04
-1.450691356577841085e-04
-8.068534658394995243e-05
-1.352551144512357389e-05
5.661814608441152752e-05
1.299748126162580692e-04
2.067979169956637477e-04
2.873684239787369695e-04
3.719986799212331510e-04
4.610369215157427911e-04
5.548725848947460085e-04
6.539425859098666523e-04
7.587387853677598788e-04
8.698169085309831201e-04
9.878072604897112328e-04
1.113427673900882530e-03
1.247499251201548065e-03
1.390965631195992475e-03
1.544916736242561402e-03
1.710618264725254642e-03
1.889548618600058990e-03
2.083445548713741720e-03
2.294365638281087305e-03
2.524760945054761903e-03
2.777578868392256272e-03
3.056393888787280449e-03
3.365583713981224953e-03
3.710568334396938985e-03
4.098139859112348744e-03
4.536926069116585872e-03
5.038055515454499013e-03
5.616134382122038929e-03
6.290720058902622008e-03
7.088613365772006986e-03
8.047554179992547074e-03
9.222436808946635894e-03
1.069630641898611234e-02
1.260105819560838197e-02
1.515954942793697538e-02
1.878035169879165717e-02
2.430211179590230364e-02
3.376154314712524057e-02
5.372138870637083868e-02
1.235581054847636612e-01
-5.048809867350716463e-01
-8.590630035080688842e-02
-4.780931581997668184e-02
-3.351716285736868611e-02
-2.602637130366209153e-02
-2.141306331253736359e-02
-1.828489503270176383e-02
-1.602304688817527897e-02
-1.431056243396493580e-02
-1.296829230585309564e-02
-1.188734172912401209e-02
-1.099770686189091400e-02
-1.025233588759839193e-02
-9.618435065471364273e-03
-9.072448280766760853e-03
-8.597018351497053359e-03
-8.179073777101602064e-03
-7.808582900366194471e-03
-7.477718785187055517e-03
-7.180285070027288448e-03
-6.911312359945014951e-03
-6.666768847287370472e-03
-6.443349143002448549e-03
-6.238317720537467533e-03
-6.049391175294242112e-03
-5.874648517542821642e-03
-5.712462008937879698e-03
-5.561443255680756197e-03
-5.420400771216928558e-03
-5.288306258922731776e-03
-5.164267593591244029e-03
-5.047506998781920232e-03
-4.937343290497982727e-03
-4.833177329833679599e-03
-4.734480027784229890e-03
-4.640782394686232028e-03
-4.551667238917735114e-03
-4.466762204513662939e-03
-4.385733902345298474e-03
-4.308282939584504034e-03
-4.234139691034774153e-03
-4.163060686283978108e-03
-4.094825510528015550e-03
-4.029234135831551329e-03
-3.966104614657036016e-03
-3.905271079558664867e-03
-3.846582002652162643e-03
-3.789898676334708602e-03
-3.735093883122641949e-03
-3.682050727700448157e-03
-3.630661608561430286e-03
-3.580827310155345385e-03
-3.532456199382988209e-03
-3.485463512707812246e-03
-3.439770722181175518e-03
-3.395304970374037664e-03
-3.351998565632094244e-03
-3.309788530272688746e-03
-3.268616195355056146e-03
-3.228426836517465925e-03
-3.189169346105615900e-03
-3.150795937441451360e-03
-3.113261877615155875e-03
-3.076525245640944310e-03
-3.040546713211196572e-03
-3.005289345622754772e-03
-2.970718420741835265e-03
-2.936801264129087694e-03
-2.903507098665522417e-03
-2.870806907212758094e-03
-2.838673307007504379e-03
-2.807080434636790092e-03
-2.776003840567805442e-03
-2.745420392318818209e-03
-2.715308185455702489e-03
-2.685646461685576789e-03
-2.656415533395621587e-03
-2.627596714052462396e-03
-2.599172253937461624e-03
-2.571125280746346803e-03
-2.543439744628075982e-03
-2.516100367281164096e-03
-2.489092594760454469e-03
-2.462402553683087914e-03
-2.436017010550989292e-03
-2.409923333933194911e-03
-2.384109459275751686e-03
-2.358563856128537140e-03
-2.333275497597250836e-03
-2.308233831844933026e-03
-2.283428755484713524e-03
-2.258850588718382818e-03
-2.234490052087822337e-03
-2.210338244718380168e-03
-2.186386623942940949e-03
-2.162626986205559015e-03
-2.139051449150653622e-03
-2.115652434813144675e-03
-2.092422653830262533e-03
-2.069355090603332281e-03
-2.046442989342634605e-03
-2.023679840934348648e-03
-2.001059370573439467e-03
-1.978575526109643476e-03
-1.956222467059549538e-03
-1.933994554239338963e-03
-1.911886339978014285e-03
-1.889892558872377851e-03
-1.868008119049109975e-03
-1.846228093901082327e-03
-1.824547714267593136e-03
-1.802962361030684482e-03
-1.781467558101127932e-03
-1.760058965770172276e-03
-1.738732374404331968e-03
-1.717483698462185342e-03
-1.696308970813771924e-03
-1.675204337344243267e-03
-1.654166051825038501e-03
-1.633190471036256516e-03
-1.612274050125881222e-03
-1.591413338192073160e-03
-1.570604974074843539e-03
-1.549845682346380569e-03
-1.529132269487107430e-03
-1.508461620238271336e-03
-1.487830694120201736e-03
-1.467236522107632102e-03
-1.446676203452487534e-03
-1.426146902647058325e-03
-1.405645846518721077e-03
-1.385170321449905994e-03
-1.364717670715913031e-03
-1.344285291934252131e-03
-1.323870634620181053e-03
-1.303471197841426892e-03
-1.283084527968220666e-03
-1.262708216512334509e-03
-1.242339898051653731e-03
-1.221977248234242149e-03
-1.201617981859280388e-03
-1.181259851029707250e-03
-1.160900643373303717e-03
-1.140538180328621795e-03
-1.120170315492048044e-03
-1.099794933023377601e-03
-1.079409946106176400e-03
-1.059013295460659986e-03
-1.038602947905974214e-03
-1.018176894969378965e-03
-9.977331515399843337e-04
-9.772697545644688615e-04
-9.567847617829839356e-04
-9.362762505025906679e-04
-9.157423164064030195e-04
-8.951810723968611772e-04
-8.745906474708076139e-04
-8.539691856249598430e-04
-8.333148447897933877e-04
-8.126257957907056639e-04
-7.919002213344350505e-04
-7.711363150195219267e-04
-7.503322803693740235e-04
-7.294863298871454883e-04
-7.085966841293487965e-04
-6.876615707996419288e-04
-6.666792238593441389e-04
-6.456478826543964652e-04
-6.245657910581466077e-04
-6.034311966276746219e-04
-5.822423497740382512e-04
-5.609975029443349786e-04
-5.396949098149873055e-04
-5.183328244956553806e-04
-4.969095007424945837e-04
-4.754231911798761749e-04
-4.538721465295264892e-04
-4.322546148474214287e-04
-4.105688407658447930e-04
-3.888130647410185416e-04
-3.669855223054178939e-04
-3.450844433234747776e-04
-3.231080512504818422e-04
-3.010545623937774164e-04
-2.789221851753618305e-04
-2.567091193950055313e-04
-2.344135554942492795e-04
-2.120336738190822714e-04
-1.895676438816162879e-04
-1.670136236198100158e-04
-1.443697586546216407e-04
-1.216341815436729114e-04
-9.880501103067896099e-05
-7.588035129098150491e-05
-5.285829117104455174e-05
-2.973690342199133800e-05
-6.514243926388201683e-06
1.681164908151947489e-05
4.024275580529357993e-05
6.378107568292819100e-05
8.742862819398973702e-05
1.111874536767934029e-04
1.350596141558749012e-04
1.590471941822855367e-04
1.831523016849626127e-04
2.073770688363070058e-04
2.317236529309767319e-04
2.561942372799109503e-04
2.807910321194076811e-04
3.055162755370098007e-04
3.303722344137976184e-04
3.553612053855573043e-04
3.804855158222014266e-04
4.057475248273861163e-04
4.311496242584085580e-04
4.566942397683119775e-04
4.823838318699817185e-04
5.082208970245399166e-04
5.342079687538227968e-04
5.603476187789632832e-04
5.866424581859042142e-04
6.130951386184185260e-04
6.397083535006941116e-04
6.664848392901451517e-04
6.934273767618406251e-04
7.205387923260748182e-04
7.478219593795212145e-04
7.752797996929012289e-04
8.029152848353269482e-04
8.307314376369910169e-04
8.587313336926472463e-04
8.869181029061803164e-04
9.152949310790828470e-04
9.438650615439380265e-04
9.726317968446818781e-04
1.001598500466223613e-03
1.030768598614257387e-03
1.060145582048453022e-03
1.089733007970268390e-03
1.119534501968277645e-03
1.149553760022333903e-03
1.179794550570230100e-03
1.210260716638553733e-03
1.240956178040214172e-03
1.271884933641934416e-03
1.303051063703866566e-03
1.334458732295561601e-03
1.366112189789071884e-03
1.398015775435003166e-03
1.430173920023194859e-03
1.462591148632050092e-03
1.495272083470375324e-03
1.528221446815029383e-03
1.561444064049483972e-03
1.594944866805918108e-03
1.628728896216539209e-03
1.662801306278969410e-03
1.697167367338439908e-03
1.731832469695085332e-03
1.766802127338510005e-03
1.802081981817233933e-03
1.837677806248532147e-03
1.873595509473162477e-03
1.909841140365032977e-03
1.946420892297493410e-03
1.983341107778398629e-03
2.020608283258077276e-03
2.058229074119303104e-03
2.096210299857062618e-03
2.134558949457167343e-03
2.173282186982846212e-03
2.212387357378151932e-03
2.251881992499486524e-03
2.291773817384390628e-03
2.332070756770180699e-03
2.372780941873391027e-03
2.413912717442541836e-03
2.455474649097551774e-03
2.497475530969397658e-03
2.539924393655035480e-03
2.582830512502104492e-03
2.626203416240492292e-03
2.670052895977799781e-03
2.714389014576086209e-03
2.759222116430621631e-03
2.804562837668888708e-03
2.850422116792928652e-03
2.896811205787715865e-03
2.943741681718094888e-03
2.991225458841481437e-03
3.039274801262280713e-03
3.087902336157588752e-03
3.137121067603204812e-03
3.186944391033855184e-03
3.237386108370200050e-03
3.288460443850385259e-03
3.340182060603776037e-03
3.392566078008906263e-03
3.445628089877978816e-03
3.499384183515751555e-03
3.553850959701583719e-03
3.609045553648109091e-03
3.664985656991292910e-03
3.721689540873468656e-03
3.779176080181879775e-03
3.837464779012429716e-03
3.896575797429974262e-03
3.956529979604371874e-03
4.017348883404648491e-03
4.079054811541000559e-03
4.141670844349454143e-03
4.205220874321310628e-03
4.269729642488635964e-03
4.335222776779095594e-03
4.401726832471253292e-03
4.469269334881117300e-03
4.537878824427528379e-03
4.607584904232494942e-03
4.678418290423500513e-03
4.750410865318754200e-03
4.823595733691855500e-03
4.898007282323064461e-03
4.973681243066668117e-03
5.050654759675435312e-03
5.128966458651356905e-03
5.208656524402460568e-03
5.289766779018869811e-03
5.372340767002387572e-03
5.456423845308496987e-03
5.542063279099946130e-03
5.629308343632951489e-03
5.718210432743473480e-03
5.808823174437483840e-03
5.901202554130726904e-03
5.995407046141510224e-03
6.091497754080741830e-03
6.189538560859018587e-03
6.289596289079212553e-03
6.391740872669915419e-03
6.496045540687155409e-03
6.602587014303843739e-03
6.711445718103493246e-03
6.822706006906125407e-03
6.936456409474408072e-03
7.052789890585055635e-03
7.171804133099467585e-03
7.293601841839118631e-03
7.418291071256619129e-03
7.545985579105428387e-03
7.676805208548574330e-03
7.810876301409521057e-03
7.948332145568570012e-03
8.089313459839759038e-03
8.233968920049005227e-03
8.382455730449985681e-03
8.534940245109338616e-03
8.691598644430765727e-03
8.852617672613848424e-03
9.018195442547984053e-03
9.188542315448968226e-03
9.363881863460297300e-03
9.544451924497737716e-03
9.730505759814392364e-03
9.922313326152992080e-03
1.012016267593675301e-02
1.032436150079490619e-02
1.053523883583487933e-02
1.075314694453965297e-02
1.097846340702667532e-02
1.121159343773200576e-02
1.145297246247812921e-02
1.170306898943743179e-02
1.196238781384891155e-02
1.223147360265196965e-02
1.251091491264153324e-02
1.280134870457151630e-02
1.310346542612174023e-02
1.341801474916260936e-02
1.374581206172726180e-02
1.408774583312074995e-02
1.444478599230514596e-02
1.481799348602351116e-02
1.520853121511804573e-02
1.561767658659966515e-02
1.604683596700029816e-02
1.649756138169681044e-02
1.697156987821806309e-02
1.747076606288260406e-02
1.799726843454141356e-02
1.855344028337206977e-02
1.914192610546609427e-02
1.976569471716874832e-02
2.042809055277269165e-02
2.113289501688214375e-02
2.188440026834576752e-02
2.268749847725451754e-02
2.354779047773966627e-02
2.447171891857749526e-02
2.546673260728379851e-02
2.654149091985451639e-02
2.770612015438512696e-02
2.897253790939632867e-02
3.035486752047670059e-02
3.186997314093036743e-02
3.353815852893939770e-02
3.538409111409041019e-02
3.743804088596953961e-02
3.973756677149607730e-02
4.232985115298799200e-02
4.527499304087422016e-02
4.865075291972129762e-02
5.255955503564934544e-02
5.713910805863695735e-02
6.257903108740101028e-02
6.914785878351296933e-02
7.723886276192887257e-02
8.745199446684281952e-02
1.007501952182613819e-01
1.187828466199647437e-01
1.446300868374715554e-01
1.847838018810123994e-01
2.556805031986519317e-01
4.145619940722164443e-01
1.093280834987224504e+00
-1.719394049496660415e+00
-4.814952300793675644e-01
-2.800079671924656788e-01
-1.974253570476246500e-01
-1.524688573149941828e-01
-1.241915376494535928e-01
-1.047612776630786890e-01
-9.058596032191032488e-02
-7.978628673157829587e-02
-7.128361449794576310e-02
-6.441461121844863080e-02
-5.874892162047356398e-02
-5.399514013486828024e-02
-4.994892056413649528e-02
-4.646272357208961618e-02
-4.342735945460454022e-02
-4.076028817551183986e-02
-3.839795647453980720e-02
-3.629063526812321971e-02
-3.439885465375645823e-02
-3.269088801910311620e-02
-3.114094191083576976e-02
-2.972783100282191601e-02
-2.843399297889469268e-02
-2.724474576888630956e-02
-2.614772031815743719e-02
-2.513242232787200187e-02
-2.418989000378796508e-02
-2.331242414015301592e-02
-2.249337330948443167e-02
-2.172696146469375172e-02
-2.100814849519780370e-02
-2.033251661485934586e-02
-1.969617716608342353e-02
-1.909569368426148814e-02
-1.852801800622114886e-02
-1.799043691344164031e-02
-1.748052733769961398e-02
-1.699611856782509006e-02
-1.653526021335905219e-02
-1.609619492735334806e-02
-1.567733508340813167e-02
-1.527724275394854413e-02
-1.489461245714431351e-02
-1.452825623586284816e-02
-1.417709070900179114e-02
-1.384012579756964401e-02
-1.351645487812718274e-02
-1.320524615710730321e-02
-1.290573509297018341e-02
-1.261721772062992381e-02
-1.233904475524451316e-02
-1.207061637123205654e-02
-1.181137756798304045e-02
-1.156081404675391583e-02
-1.131844853413952606e-02
-1.108383749668376966e-02
-1.085656819892114044e-02
-1.063625606366891060e-02
-1.042254229894828445e-02
-1.021509176062482954e-02
-1.001359102388408966e-02
-9.817746640115624160e-03
-9.627283558723304102e-03
-9.441943695933794484e-03
-9.261484634863230078e-03
-9.085678442998509213e-03
-8.914310594900765744e-03
-8.747178989350110068e-03
-8.584093051408956190e-03
-8.424872910955031810e-03
-8.269348650181848615e-03
-8.117359613396527354e-03
-7.968753773171403931e-03
-7.823387147541631045e-03
-7.681123263510523935e-03
-7.541832662610231490e-03
-7.405392444719887876e-03
-7.271685846714007889e-03
-7.140601852871690698e-03
-7.012034834278067959e-03
-6.885884214719472339e-03
-6.762054160821533155e-03
-6.640453294388636019e-03
-6.520994425102821443e-03
-6.403594301908675443e-03
-6.288173381566945774e-03
-6.174655612998519380e-03
-6.062968236164629696e-03
-5.953041594342097301e-03
-5.844808958750533773e-03
-5.738206364584672384e-03
-5.633172457582095137e-03
-5.529648350331388754e-03
-5.427577487598195596e-03
-5.326905519997825016e-03
-5.227580185410556600e-03
-5.129551197572378152e-03
-5.032770141327198854e-03
-4.937190374073684510e-03
-4.842766932958245465e-03
-4.749456447421303990e-03
-4.657217056722180726e-03
-4.566008332101969061e-03
-4.475791203263047684e-03
-4.386527888879776516e-03
-4.298181830864294777e-03
-4.210717632136724148e-03
-4.124100997669891480e-03
-4.038298678589596902e-03
-3.953278419131024332e-03
-3.869008906265324673e-03
-3.785459721820836308e-03
-3.702601296939518789e-03
-3.620404868717726037e-03
-3.538842438887334838e-03
-3.457886734409821011e-03
-3.377511169861418475e-03
-3.297689811487742803e-03
-3.218397342828421045e-03
-3.139609031805497275e-03
-3.061300699183329595e-03
-2.983448688309867092e-03
-2.906029836056275503e-03
-2.829021444876182907e-03
-2.752401255907192378e-03
-2.676147423052452692e-03
-2.600238487962952538e-03
-2.524653355872109959e-03
-2.449371272211067155e-03
-2.374371799954939216e-03
-2.299634797642097390e-03
-2.225140398019062604e-03
-2.150868987256586602e-03
-2.076801184695377129e-03
-2.002917823070458903e-03
-1.929199929175552837e-03
-1.855628704923199465e-03
-1.782185508760773893e-03
-1.708851837399849062e-03
-1.635609307829036458e-03
-1.562439639561393747e-03
-1.489324637090325143e-03
-1.416246172513139535e-03
-1.343186168286059252e-03
-1.270126580080952784e-03
-1.197049379704306351e-03
-1.123936538046237414e-03
-1.050770008027592396e-03
-9.775317075065008843e-04
-9.042035021151596883e-04
-8.307671879883956256e-04
-7.572044743505110557e-04
-6.834969659272969317e-04
-6.096261451425315052e-04
-5.355733540681438531e-04
-4.613197760835316061e-04
-3.868464172132455485e-04
-3.121340870950234034e-04
-2.371633795460529855e-04
-1.619146526770265555e-04
-8.636800851367758009e-05
-1.050327207985542188e-05
6.570003010479921225e-05
1.422626921675990488e-04
2.192058517100378776e-04
2.965510133841368304e-04
3.743200732669335704e-04
4.525353440981161064e-04
5.312195814476522709e-04
6.103960108756482841e-04
6.900883561592918887e-04
7.703208686606929749e-04
8.511183579239611861e-04
9.325062235724611553e-04
1.014510488613846149e-03
1.097157834237088127e-03
1.180475636212955639e-03
1.264492003003578162e-03
1.349235815702382220e-03
1.434736769925603998e-03
1.521025419797523200e-03
1.608133224167789454e-03
1.696092595218688529e-03
1.784936949625812218e-03
1.874700762457986048e-03
1.965419623999641388e-03
2.057130299707903356e-03
2.149870793527904750e-03
2.243680414800570695e-03
2.338599849034366483e-03
2.434671232803090404e-03
2.531938233089710364e-03
2.630446131394945965e-03
2.730241912965824906e-03
2.831374361528713867e-03
2.933894159950298924e-03
3.037853997265226643e-03
3.143308682579360261e-03
3.250315266371799332e-03
3.358933169782646853e-03
3.469224322525918218e-03
3.581253310110402155e-03
3.695087531138365605e-03
3.810797365501330906e-03
3.928456354379724659e-03
4.048141393040325005e-03
4.169932937520693349e-03
4.293915226390338478e-03
4.420176518907446145e-03
4.548809351011253062e-03
4.679910810744489572e-03
4.813582834859284412e-03
4.949932528548205840e-03
5.089072510438824928e-03
5.231121285231258786e-03
5.376203646603136890e-03
5.524451113310145656e-03
5.676002401720902507e-03
5.831003938404930552e-03
5.989610416805366509e-03
6.151985402487731083e-03
6.318301992007622006e-03
6.488743531018952709e-03
6.663504397957879105e-03
6.842790860398306058e-03
7.026822012078401056e-03
7.215830799623497091e-03
7.410065149146277327e-03
7.609789204265765376e-03
7.815284688624125203e-03
8.026852407771062695e-03
8.244813907343077550e-03
8.469513306865496249e-03
8.701319331273511121e-03
8.940627565498101073e-03
9.187862961226695227e-03
9.443482629390070882e-03
9.707978957115153545e-03
9.981883094012412860e-03
1.026576885988383578e-02
1.056025713453821041e-02
1.086602080055212513e-02
1.118379032200589318e-02
1.151436005676159322e-02
1.185859541734352041e-02
1.221744101658648815e-02
1.259192995976420731e-02
1.298319447599643149e-02
1.339247811968954753e-02
1.382114981935585185e-02
1.427072010860414714e-02
1.474285994525772331e-02
1.523942261324063782e-02
1.576246931294179518e-02
1.631429918569995280e-02
1.689748469544814780e-02
1.751491351688223841e-02
1.816983837025495929e-02
1.886593661905167085e-02
1.960738193724712031e-02
2.039893099747173977e-02
2.124602898602937634e-02
2.215493889421061777e-02
2.313290108041523435e-02
2.418833170734490182e-02
2.533107157188754094e-02
2.657270091754239394e-02
2.792694158604945229e-02
2.941017614795585905e-02
3.104212573315152934e-02
3.284674620104745257e-02
3.485342935771815198e-02
3.709863764650909307e-02
3.962816648511562762e-02
4.250033462302821308e-02
4.579057923545987174e-02
4.959823450303077474e-02
5.405680825436996739e-02
5.935006087515870554e-02
6.573810549985613372e-02
7.360166095062911640e-02
8.352111818362034645e-02
9.642719401977456473e-02
1.139122291628741068e-01
1.389451702365091523e-01
1.777693645371487274e-01
2.461351053397688171e-01
3.985183885346280097e-01
1.037008915506237861e+00
-1.746601522321726385e+00
-4.758151095889014970e-01
-2.759820580727014860e-01
-1.946198262035288562e-01
-1.504567835160281475e-01
-1.227234114416412003e-01
-1.036858420842090567e-01
-8.980590344236527578e-02
-7.923567089098057514e-02
-7.091582334399160192e-02
-6.419552532918140764e-02
-5.865284355801277105e-02
-5.400224731504628395e-02
-5.004360976070495320e-02
-4.663249839641021854e-02
-4.366206089467726537e-02
-4.105154893484105200e-02
