-6.027829385765232431e-03
-6.025990017872858741e-03
-6.024147463283867528e-03
-6.022301719086226197e-03
-6.020452782359320479e-03
-6.018600650173671664e-03
-6.016745319591468300e-03
-6.014886787665851484e-03
-6.013025051442123965e-03
-6.011160107955627711e-03
-6.009291954234074508e-03
-6.007420587295661182e-03
-6.005546004150075744e-03
-6.003668201798130488e-03
-6.001787177231770673e-03
-5.999902927433919259e-03
-5.998015449378898446e-03
-5.996124740031656859e-03
-5.994230796348263071e-03
-5.992333615275819737e-03
-5.990433193752712528e-03
-5.988529528707737561e-03
-5.986622617060601871e-03
-5.984712455722095148e-03
-5.982799041594041162e-03
-5.980882371568341932e-03
-5.978962442528450508e-03
-5.977039251347960637e-03
-5.975112794891599029e-03
-5.973183070014375338e-03
-5.971250073562095646e-03
-5.969313802371464805e-03
-5.967374253269291939e-03
-5.965431423072940602e-03
-5.963485308590793683e-03
-5.961535906621148392e-03
-5.959583213952941369e-03
-5.957627227365690573e-03
-5.955667943628847362e-03
-5.953705359502777482e-03
-5.951739471737683800e-03
-5.949770277074310602e-03
-5.947797772243341649e-03
-5.945821953966007323e-03
-5.943842818953678706e-03
-5.941860363907427826e-03
-5.939874585519050280e-03
-5.937885480469782401e-03
-5.935893045431416687e-03
-5.933897277065716333e-03
-5.931898172023698790e-03
-5.929895726947391303e-03
-5.927889938467687664e-03
-5.925880803206079461e-03
-5.923868317773443512e-03
-5.921852478770791260e-03
-5.919833282788217535e-03
-5.917810726406472210e-03
-5.915784806195177777e-03
-5.913755518713982064e-03
-5.911722860512186144e-03
-5.909686828128117228e-03
-5.907647418090589304e-03
-5.905604626916792846e-03
-5.903558451114303621e-03
-5.901508887179413888e-03
-5.899455931598151549e-03
-5.897399580845944476e-03
-5.895339831387255355e-03
-5.893276679675730004e-03
-5.891210122154853963e-03
-5.889140155256669673e-03
-5.887066775402349794e-03
-5.884989979002447878e-03
-5.882909762456717088e-03
-5.880826122153514322e-03
-5.878739054470472417e-03
-5.876648555773739471e-03
-5.874554622419139380e-03
-5.872457250750692977e-03
-5.870356437101344887e-03
-5.868252177792900211e-03
-5.866144469136023651e-03
-5.864033307429772877e-03
-5.861918688962356599e-03
-5.859800610009933269e-03
-5.857679066837748194e-03
-5.855554055699267041e-03
-5.853425572836685846e-03
-5.851293614480309116e-03
-5.849158176849209891e-03
-5.847019256150793459e-03
-5.844876848580168524e-03
-5.842730950321457783e-03
-5.840581557546719801e-03
-5.838428666415955946e-03
-5.836272273077714075e-03
-5.834112373668353009e-03
-5.831948964312477952e-03
-5.829782041122356755e-03
-5.827611600198567832e-03
-5.825437637629398216e-03
-5.823260149490908609e-03
-5.821079131847392216e-03
-5.818894580750432789e-03
-5.816706492239531734e-03
-5.814514862341936367e-03
-5.812319687072389253e-03
-5.810120962433414429e-03
-5.807918684414600102e-03
-5.805712848993626468e-03
-5.803503452135390546e-03
-5.801290489791949799e-03
-5.799073957902741577e-03
-5.796853852394814703e-03
-5.794630169182320330e-03
-5.792402904166463369e-03
-5.790172053235792191e-03
-5.787937612265679939e-03
-5.785699577118671479e-03
-5.783457943644470384e-03
-5.781212707679466226e-03
-5.778963865047265398e-03
-5.776711411557926105e-03
-5.774455343008603678e-03
-5.772195655182954695e-03
-5.769932343851467450e-03
-5.767665404771265061e-03
-5.765394833686108070e-03
-5.763120626326058774e-03
-5.760842778407776997e-03
-5.758561285634467182e-03
-5.756276143695585219e-03
-5.753987348266821969e-03
-5.751694895010329642e-03
-5.749398779574237811e-03
-5.747098997593126125e-03
-5.744795544687273173e-03
-5.742488416463233276e-03
-5.740177608513838230e-03
-5.737863116417128706e-03
-5.735544935737647496e-03
-5.733223062025481938e-03
-5.730897490816668112e-03
-5.728568217632377252e-03
-5.726235237980363373e-03
-5.723898547353091504e-03
-5.721558141229183582e-03
-5.719214015072254451e-03
-5.716866164331643047e-03
-5.714514584441911932e-03
-5.712159270822956582e-03
-5.709800218879755584e-03
-5.707437424002951773e-03
-5.705070881567496539e-03
-5.702700586934131288e-03
-5.700326535448265938e-03
-5.697948722440027494e-03
-5.695567143225032866e-03
-5.693181793103132930e-03
-5.690792667358963303e-03
-5.688399761262221029e-03
-5.686003070066922120e-03
-5.683602589011580233e-03
-5.681198313319516316e-03
-5.678790238198104870e-03
-5.676378358839351615e-03
-5.673962670419393020e-03
-5.671543168098715747e-03
-5.669119847021827051e-03
-5.666692702317414378e-03
-5.664261729098484140e-03
-5.661826922461471803e-03
-5.659388277486921033e-03
-5.656945789239421242e-03
-5.654499452767095848e-03
-5.652049263101872022e-03
-5.649595215259165838e-03
-5.647137304238133808e-03
-5.644675525021266085e-03
-5.642209872574522646e-03
-5.639740341847339355e-03
-5.637266927772150923e-03
-5.634789625264726570e-03
-5.632308429224220335e-03
-5.629823334532425144e-03
-5.627334336054541294e-03
-5.624841428638257049e-03
-5.622344607114502374e-03
-5.619843866296603263e-03
-5.617339200980807357e-03
-5.614830605946167716e-03
-5.612318075953737911e-03
-5.609801605747651888e-03
-5.607281190054269615e-03
-5.604756823581828404e-03
-5.602228501021318079e-03
-5.599696217045851271e-03
-5.597159966310230605e-03
-5.594619743451774430e-03
-5.592075543089427767e-03
-5.589527359824021657e-03
-5.586975188238347753e-03
-5.584419022896607541e-03
-5.581858858345048989e-03
-5.579294689110878870e-03
-5.576726509703166558e-03
-5.574154314612252484e-03
-5.571578098309812321e-03
-5.568997855248617596e-03
-5.566413579862610275e-03
-5.563825266566751852e-03
-5.561232909757220233e-03
-5.558636503810590081e-03
-5.556036043084600431e-03
-5.553431521917623868e-03
-5.550822934628424528e-03
-5.548210275516668975e-03
-5.545593538862147315e-03
-5.542972718925164369e-03
-5.540347809946259520e-03
-5.537718806146204979e-03
-5.535085701725704806e-03
-5.532448490865618691e-03
-5.529807167726517002e-03
-5.527161726449130938e-03
-5.524512161153686401e-03
-5.521858465939981191e-03
-5.519200634887519441e-03
-5.516538662055027638e-03
-5.513872541481127688e-03
-5.511202267183048890e-03
-5.508527833157452792e-03
-5.505849233380095790e-03
-5.503166461805861220e-03
-5.500479512368283176e-03
-5.497788378979496203e-03
-5.495093055531067097e-03
-5.492393535892161303e-03
-5.489689813911266363e-03
-5.486981883414739948e-03
-5.484269738207554062e-03
-5.481553372072595944e-03
-5.478832778770986386e-03
-5.476107952041880250e-03
-5.473378885602203647e-03
-5.470645573146738078e-03
-5.467908008347845475e-03
-5.465166184855631271e-03
-5.462420096297485560e-03
-5.459669736278329431e-03
-5.456915098379956641e-03
-5.454156176162025874e-03
-5.451392963160470000e-03
-5.448625452888507421e-03
-5.445853638836474671e-03
-5.443077514470747412e-03
-5.440297073234719692e-03
-5.437512308548365925e-03
-5.434723213807765574e-03
-5.431929782385400661e-03
-5.429132007629877341e-03
-5.426329882865843501e-03
-5.423523401394049481e-03
-5.420712556490589126e-03
-5.417897341407810520e-03
-5.415077749373250864e-03
-5.412253773589944389e-03
-5.409425407236476135e-03
-5.406592643466582963e-03
-5.403755475408768445e-03
-5.400913896166933438e-03
-5.398067898819671785e-03
-5.395217476420339706e-03
-5.392362621996888393e-03
-5.389503328551765136e-03
-5.386639589061754593e-03
-5.383771396477951034e-03
-5.380898743725307312e-03
-5.378021623703223807e-03
-5.375140029284466818e-03
-5.372253953315919706e-03
-5.369363388617849966e-03
-5.366468327983941328e-03
-5.363568764181442065e-03
-5.360664689950617699e-03
-5.357756098004997324e-03
-5.354842981030552215e-03
-5.351925331686784373e-03
-5.349003142605400322e-03
-5.346076406390484585e-03
-5.343145115619058264e-03
-5.340209262839962744e-03
-5.337268840574227458e-03
-5.334323841314994423e-03
-5.331374257527102777e-03
-5.328420081647153826e-03
-5.325461306083198801e-03
-5.322497923214805637e-03
-5.319529925392901121e-03
-5.316557304939110822e-03
-5.313580054146473802e-03
-5.310598165278581327e-03
-5.307611630569895184e-03
-5.304620442225039048e-03
-5.301624592419468089e-03
-5.298624073298485379e-03
-5.295618876977568022e-03
-5.292608995542280419e-03
-5.289594421047558691e-03
-5.286575145518290948e-03
-5.283551160948560081e-03
-5.280522459301952541e-03
-5.277489032511032720e-03
-5.274450872477222385e-03
-5.271407971070962879e-03
-5.268360320131093219e-03
-5.265307911465322808e-03
-5.262250736849085654e-03
-5.259188788026536963e-03
-5.256122056709373533e-03
-5.253050534577250082e-03
-5.249974213277506900e-03
-5.246893084424952142e-03
-5.243807139601468909e-03
-5.240716370356350920e-03
-5.237620768205691890e-03
-5.234520324632267567e-03
-5.231415031085584304e-03
-5.228304878981570279e-03
-5.225189859702235491e-03
-5.222069964595833086e-03
-5.218945184976144652e-03
-5.215815512123259112e-03
-5.212680937281974174e-03
-5.209541451663088699e-03
-5.206397046441948138e-03
-5.203247712759453275e-03
-5.200093441720772189e-03
-5.196934224395860676e-03
-5.193770051818802184e-03
-5.190600914988123538e-03
-5.187426804866362984e-03
-5.184247712379351156e-03
-5.181063628417207668e-03
-5.177874543832777267e-03
-5.174680449442432134e-03
-5.171481336025452596e-03
-5.168277194323929111e-03
-5.165068015042430065e-03
-5.161853788847869939e-03
-5.158634506369579563e-03
-5.155410158198344209e-03
-5.152180734887128709e-03
-5.148946226950141571e-03
-5.145706624862963346e-03
-5.142461919062307242e-03
-5.139212099945658294e-03
-5.135957157871218724e-03
-5.132697083157691104e-03
-5.129431866083774411e-03
-5.126161496888229085e-03
-5.122885965769636771e-03
-5.119605262886002192e-03
-5.116319378354685504e-03
-5.113028302252013713e-03
-5.109732024613245112e-03
-5.106430535432193718e-03
-5.103123824660939570e-03
-5.099811882209925006e-03
-5.096494697947170568e-03
-5.093172261698444142e-03
-5.089844563246836810e-03
-5.086511592332956279e-03
-5.083173338653608486e-03
-5.079829791862886142e-03
-5.076480941570945746e-03
-5.073126777344230502e-03
-5.069767288704994136e-03
-5.066402465130969562e-03
-5.063032296055444345e-03
-5.059656770866998755e-03
-5.056275878908601980e-03
-5.052889609478006770e-03
-5.049497951827378213e-03
-5.046100895162798465e-03
-5.042698428644232927e-03
-5.039290541384909214e-03
-5.035877222451529654e-03
-5.032458460863473322e-03
-5.029034245593257471e-03
-5.025604565564941589e-03
-5.022169409655516913e-03
-5.018728766693389409e-03
-5.015282625458483863e-03
-5.011830974681811060e-03
-5.008373803045841621e-03
-5.004911099182962099e-03
-5.001442851676331063e-03
-4.997969049059135770e-03
-4.994489679814185373e-03
-4.991004732373612550e-03
-4.987514195118856151e-03
-4.984018056380170279e-03
-4.980516304435893098e-03
-4.977008927513079141e-03
-4.973495913786340518e-03
-4.969977251377838239e-03
-4.966452928357014199e-03
-4.962922932740141888e-03
-4.959387252489929135e-03
-4.955845875515597909e-03
-4.952298789671900729e-03
-4.948745982759552610e-03
-4.945187442524069665e-03
-4.941623156655911356e-03
-4.938053112790310485e-03
-4.934477298506523800e-03
-4.930895701327512801e-03
-4.927308308719745983e-03
-4.923715108092834546e-03
-4.920116086799266111e-03
-4.916511232133705632e-03
-4.912900531332901714e-03
-4.909283971575266817e-03
-4.905661539980363771e-03
-4.902033223608856342e-03
-4.898399009461852638e-03
-4.894758884480482700e-03
-4.891112835545714625e-03
-4.887460849477883590e-03
-4.883802913036314544e-03
-4.880139012918791389e-03
-4.876469135761267275e-03
-4.872793268137717154e-03
-4.869111396559109954e-03
-4.865423507473655776e-03
-4.861729587265918584e-03
-4.858029622256722531e-03
-4.854323598702555212e-03
-4.850611502795163475e-03
-4.846893320661158772e-03
-4.843169038361266020e-03
-4.839438641890861370e-03
-4.835702117178364984e-03
-4.831959450085397158e-03
-4.828210626406290000e-03
-4.824455631867417826e-03
-4.820694452127193691e-03
-4.816927072775060645e-03
-4.813153479331551583e-03
-4.809373657247148666e-03
-4.805587591902598169e-03
-4.801795268607883527e-03
-4.797996672602110844e-03
-4.794191789052564337e-03
-4.790380603054642146e-03
-4.786563099631212757e-03
-4.782739263731980092e-03
-4.778909080233353403e-03
-4.775072533937527001e-03
-4.771229609572102959e-03
-4.767380291789831762e-03
-4.763524565167691176e-03
-4.759662414206669405e-03
-4.755793823330927220e-03
-4.751918776887619281e-03
-4.748037259146242750e-03
-4.744149254297743042e-03
-4.740254746454520760e-03
-4.736353719649612042e-03
-4.732446157835846351e-03
-4.728532044885817853e-03
-4.724611364591020657e-03
-4.720684100661274619e-03
-4.716750236724035795e-03
-4.712809756324159646e-03
-4.708862642923055362e-03
-4.704908879897991107e-03
-4.700948450541780899e-03
-4.696981338062034342e-03
-4.693007525580241562e-03
-4.689026996131743716e-03
-4.685039732664702562e-03
-4.681045718039576579e-03
-4.677044935028464370e-03
-4.673037366314332711e-03
-4.669022994490626237e-03
-4.665001802060520647e-03
-4.660973771435963399e-03
-4.656938884937584372e-03
-4.652897124793380079e-03
-4.648848473138398815e-03
-4.644792912014154319e-03
-4.640730423367535502e-03
-4.636660989050353683e-03
-4.632584590818774467e-03
-4.628501210332195380e-03
-4.624410829152749737e-03
-4.620313428744664795e-03
-4.616208990473423014e-03
-4.612097495604787142e-03
-4.607978925304583376e-03
-4.603853260637418530e-03
-4.599720482566006102e-03
-4.595580571950754270e-03
-4.591433509548466588e-03
-4.587279276011874476e-03
-4.583117851888848793e-03
-4.578949217621154297e-03
-4.574773353544362917e-03
-4.570590239886342804e-03
-4.566399856766711896e-03
-4.562202184196086779e-03
-4.557997202075045329e-03
-4.553784890193354751e-03
-4.549565228228992335e-03
-4.545338195747502738e-03
-4.541103772200676125e-03
-4.536861936926163061e-03
-4.532612669146306172e-03
-4.528355947966900691e-03
-4.524091752377100775e-03
-4.519820061247572900e-03
-4.515540853330091663e-03
-4.511254107256345430e-03
-4.506959801537138363e-03
-4.502657914561312286e-03
-4.498348424594692842e-03
-4.494031309779118050e-03
-4.489706548131697575e-03
-4.485374117543168213e-03
-4.481033995777561688e-03
-4.476686160470641669e-03
-4.472330589129154370e-03
-4.467967259129545718e-03
-4.463596147716982973e-03
-4.459217232004336444e-03
-4.454830488970862833e-03
-4.450435895461246801e-03
-4.446033428184397937e-03
-4.441623063712478447e-03
-4.437204778479411291e-03
-4.432778548779994603e-03
-4.428344350768631012e-03
-4.423902160458034402e-03
-4.419451953718222907e-03
-4.414993706275092966e-03
-4.410527393709338592e-03
-4.406052991455024562e-03
-4.401570474798474457e-03
-4.397079818876986970e-03
-4.392580998677318022e-03
-4.388073989034745742e-03
-4.383558764631318404e-03
-4.379035299994983588e-03
-4.374503569497548150e-03
-4.369963547354259285e-03
-4.365415207621453977e-03
-4.360858524195697708e-03
-4.356293470812400148e-03
-4.351720021044024923e-03
-4.347138148298720917e-03
-4.342547825819281435e-03
-4.337949026681066876e-03
-4.333341723790695883e-03
-4.328725889884810218e-03
-4.324101497527949728e-03
-4.319468519111540998e-03
-4.314826926852077631e-03
-4.310176692789302252e-03
-4.305517788785082414e-03
-4.300850186521169329e-03
-4.296173857498037339e-03
-4.291488773033048584e-03
-4.286794904258513575e-03
-4.282092222120224487e-03
-4.277380697375673599e-03
-4.272660300592101730e-03
-4.267931002144993366e-03
-4.263192772215909990e-03
-4.258445580791047659e-03
-4.253689397659050388e-03
-4.248924192409084602e-03
-4.244149934429352483e-03
-4.239366592904724070e-03
-4.234574136814887174e-03
-4.229772534932479087e-03
-4.224961755821073431e-03
-4.220141767832913740e-03
-4.215312539106996596e-03
-4.210474037567127001e-03
-4.205626230919528794e-03
-4.200769086650926916e-03
-4.195902572026113594e-03
-4.191026654086032338e-03
-4.186141299645299886e-03
-4.181246475290154030e-03
-4.176342147375964285e-03
-4.171428282025099916e-03
-4.166504845124209024e-03
-4.161571802322389275e-03
-4.156629119028358577e-03
-4.151676760408077628e-03
-4.146714691382192945e-03
-4.141742876623838096e-03
-4.136761280555634364e-03
-4.131769867347504128e-03
-4.126768600913643774e-03
-4.121757444910173138e-03
-4.116736362732445823e-03
-4.111705317511941439e-03
-4.106664272113879494e-03
-4.101613189134330206e-03
-4.096552030897092009e-03
-4.091480759451118082e-03
-4.086399336567407732e-03
-4.081307723736061696e-03
-4.076205882163211683e-03
-4.071093772768077414e-03
-4.065971356179773864e-03
-4.060838592734057791e-03
-4.055695442470101143e-03
-4.050541865127836941e-03
-4.045377820143586899e-03
-4.040203266647807157e-03
-4.035018163460749735e-03
-4.029822469089742489e-03
-4.024616141725285978e-03
-4.019399139237784385e-03
-4.014171419173596413e-03
-4.008932938751575380e-03
-4.003683654859400282e-03
-3.998423524049676998e-03
-3.993152502536265018e-03
-3.987870546190159203e-03
-3.982577610535901515e-03
-3.977273650747123641e-03
-3.971958621642810404e-03
-3.966632477683132950e-03
-3.961295172965132762e-03
-3.955946661218396991e-03
-3.950586895801150127e-03
-3.945215829695181663e-03
-3.939833415501977666e-03
-3.934439605437954623e-03
-3.929034351329783493e-03
-3.923617604609709424e-03
-3.918189316311006774e-03
-3.912749437062829592e-03
-3.907297917085677044e-03
-3.901834706185897377e-03
-3.896359753751083531e-03
-3.890873008744677713e-03
-3.885374419700711717e-03
-3.879863934718584106e-03
-3.874341501457594528e-03
-3.868807067131396944e-03
-3.863260578502438099e-03
-3.857701981876223395e-03
-3.852131223095683378e-03
-3.846548247534832456e-03
-3.840953000093536105e-03
-3.835345425190556361e-03
-3.829725466757990301e-03
-3.824093068234904469e-03
-3.818448172560272389e-03
-3.812790722167333675e-03
-3.807120658976606131e-03
-3.801437924388704863e-03
-3.795742459278268581e-03
-3.790034203986296021e-03
-3.784313098313369251e-03
-3.778579081512220376e-03
-3.772832092280483003e-03
-3.767072068753270653e-03
-3.761298948495206580e-03
-3.755512668493092392e-03
-3.749713165147435228e-03
-3.743900374264995824e-03
-3.738074231050007336e-03
-3.732234670096205593e-03
-3.726381625378077846e-03
-3.720515030242316657e-03
-3.714634817398910355e-03
-3.708740918912144160e-03
-3.702833266191459492e-03
-3.696911789982024448e-03
-3.690976420355177208e-03
-3.685027086698950977e-03
-3.679063717707863404e-03
-3.673086241373069421e-03
-3.667094584971900429e-03
-3.661088675057694915e-03
-3.655068437448447723e-03
-3.649033797216788989e-03
-3.642984678678119499e-03
-3.636921005379778211e-03
-3.630842700089221414e-03
-3.624749684782358015e-03
-3.618641880631364837e-03
-3.612519207992684507e-03
-3.606381586394266994e-03
-3.600228934522934753e-03
-3.594061170211283827e-03
-3.587878210424451375e-03
-3.581679971246588736e-03
-3.575466367866821007e-03
-3.569237314565207059e-03
-3.562992724698429373e-03
-3.556732510684914878e-03
-3.550456583989785794e-03
-3.544164855109523376e-03
-3.537857233556269965e-03
-3.531533627841855223e-03
-3.525193945461432918e-03
-3.518838092876444643e-03
-3.512465975497937841e-03
-3.506077497668920635e-03
-3.499672562646495913e-03
-3.493251072583628946e-03
-3.486812928510454879e-03
-3.480358030315424886e-03
-3.473886276725503871e-03
-3.467397565286542502e-03
-3.460891792342669568e-03
-3.454368853015609732e-03
-3.447828641183232380e-03
-3.441271049457945638e-03
-3.434695969164137594e-03
-3.428103290315667826e-03
-3.421492901592137689e-03
-3.414864690315342309e-03
-3.408218542424607152e-03
-3.401554342451795863e-03
-3.394871973495755188e-03
-3.388171317195872584e-03
-3.381452253705456885e-03
-3.374714661664160974e-03
-3.367958418169487642e-03
-3.361183398748386533e-03
-3.354389477327321921e-03
-3.347576526202146203e-03
-3.340744416006910869e-03
-3.333893015682183082e-03
-3.327022192442253331e-03
-3.320131811741800984e-03
-3.313221737241525515e-03
-3.306291830773123736e-03
-3.299341952303012828e-03
-3.292371959895487414e-03
-3.285381709674698759e-03
-3.278371055785823419e-03
-3.271339850355013679e-03
-3.264287943448423816e-03
-3.257215183030185996e-03
-3.250121414919164911e-03
-3.243006482744627359e-03
-3.235870227900599066e-03
-3.228712489499476444e-03
-3.221533104323456072e-03
-3.214331906775682278e-03
-3.207108728829118332e-03
-3.199863399974863399e-03
-3.192595747168320165e-03
-3.185305594774291271e-03
-3.177992764510434269e-03
-3.170657075388935014e-03
-3.163298343656947668e-03
-3.155916382734746603e-03
-3.148511003152731219e-03
-3.141082012486111439e-03
-3.133629215287954319e-03
-3.126152413020325503e-03
-3.118651403983100506e-03
-3.111125983240981430e-03
-3.103575942548371294e-03
-3.096001070271525712e-03
-3.088401151309017566e-03
-3.080775967009413523e-03
-3.073125295086422213e-03
-3.065448909531560441e-03
-3.057746580524267621e-03
-3.050018074338815312e-03
-3.042263153248891353e-03
-3.034481575428523738e-03
-3.026673094850530332e-03
-3.018837461181292717e-03
-3.010974419672330336e-03
-3.003083711048454198e-03
-2.995165071392194393e-03
-2.987218232024448951e-03
-2.979242919381341025e-03
-2.971238854886999042e-03
-2.963205754821964487e-03
-2.955143330187320980e-03
-2.947051286564435386e-03
-2.938929323969574972e-03
-2.930777136703855128e-03
-2.922594413197983788e-03
-2.914380835851698888e-03
-2.906136080867410126e-03
-2.897859818078489524e-03
-2.889551710771025989e-03
-2.881211415499506170e-03
-2.872838581896044758e-03
-2.864432852472456430e-03
-2.855993862415583204e-03
-2.847521239374899236e-03
-2.839014603242311086e-03
-2.830473565924071077e-03
-2.821897731104107236e-03
-2.813286693998546910e-03
-2.804640041100870708e-03
-2.795957349917639525e-03
-2.787238188694051745e-03
-2.778482116128855317e-03
-2.769688681078419975e-03
-2.760857422249167296e-03
-2.751987867877865503e-03
-2.743079535399609026e-03
-2.734131931102117170e-03
-2.725144549766700570e-03
-2.716116874294166768e-03
-2.707048375315989752e-03
-2.697938510789440678e-03
-2.688786725575669726e-03
-2.679592451000749071e-03
-2.670355104397969994e-03
-2.661074088630909721e-03
-2.651748791596316053e-03
-2.642378585705482293e-03
-2.632962827343504446e-03
-2.623500856304633935e-03
-2.613991995203220151e-03
-2.604435548858345054e-03
-2.594830803651259048e-03
-2.585177026853734648e-03
-2.575473465926147922e-03
-2.565719347783519590e-03
-2.555913878027667868e-03
-2.546056240144080069e-03
-2.536145594660590800e-03
-2.526181078267120388e-03
-2.516161802893038344e-03
-2.506086854740479167e-03
-2.495955293270978037e-03
-2.485766150142502528e-03
-2.475518428094367583e-03
-2.465211099776775522e-03
-2.454843106521741036e-03
-2.444413357052094803e-03
-2.433920726124511220e-03
-2.423364053103118157e-03
-2.412742140458945528e-03
-2.402053752190859426e-03
-2.391297612163308019e-03
-2.380472402355387953e-03
-2.369576761015713962e-03
-2.358609280717364511e-03
-2.347568506306014439e-03
-2.336452932734819216e-03
-2.325261002778125728e-03
-2.313991104616690796e-03
-2.302641569285045122e-03
-2.291210667972393665e-03
-2.279696609166641935e-03
-2.268097535631050099e-03
-2.256411521201804639e-03
-2.244636567393965953e-03
-2.232770599802114033e-03
-2.220811464281299656e-03
-2.208756922892299128e-03
-2.196604649593664454e-03
-2.184352225662536048e-03
-2.171997134823301992e-03
-2.159536758062669155e-03
-2.146968368106750343e-03
-2.134289123534628425e-03
-2.121496062499761501e-03
-2.108586096028211392e-03
-2.095556000860503230e-03
-2.082402411799844349e-03
-2.069121813526618621e-03
-2.055710531835211810e-03
-2.042164724244850682e-03
-2.028480369931498668e-03
-2.014653258922961560e-03
-2.000678980493200178e-03
-1.986552910685625804e-03
-1.972270198888167146e-03
-1.957825753374895297e-03
-1.943214225719714586e-03
-1.928429993978297407e-03
-1.913467144523000414e-03
-1.898319452402852468e-03
-1.882980360087048964e-03
-1.867442954434301965e-03
-1.851699941712583617e-03
-1.835743620474080892e-03
-1.819565852066696698e-03
-1.803158028538908667e-03
-1.786511037663862655e-03
-1.769615224777284232e-03
-1.752460351084441639e-03
-1.735035548048976650e-03
-1.717329267427070800e-03
-1.699329226453631311e-03
-1.681022347622356580e-03
-1.662394692427053393e-03
-1.643431388345248205e-03
-1.624116548246083832e-03
-1.604433181288355366e-03
-1.584363094241772896e-03
-1.563886782008053374e-03
-1.542983305936516947e-03
-1.521630158316513055e-03
-1.499803111178253309e-03
-1.477476047240480978e-03
-1.454620770495212555e-03
-1.431206793508892463e-03
-1.407201098030373600e-03
-1.382567864913117383e-03
-1.357268168662090603e-03
-1.331259631077672759e-03
-1.304496027460132082e-03
-1.276926837615664171e-03
-1.248496732420686581e-03
-1.219144984888193700e-03
-1.188804792457799587e-03
-1.157402494493433914e-03
-1.124856665582836708e-03
-1.091077061014292552e-03
-1.055963385527012698e-03
-1.019403849786967679e-03
-9.812734706263683427e-04
-9.414320603620587435e-04
-8.997218367517361782e-04
-8.559645673694007756e-04
-8.099581390358840966e-04
-7.614724125608797901e-04
-7.102441828396122234e-04
-6.559710106283848756e-04
-5.983036198656160919e-04
-5.368364556526055527e-04
-4.710958619118085691e-04
-4.005251479224987855e-04
-3.244655447500798071e-04
-2.421316683603406267e-04
-1.525795473384993026e-04
-5.466444671531822327e-05
5.301552486575719994e-05
1.721959482480013744e-04
3.050516900289716553e-04
4.543453080886900725e-04
6.236399812195011008e-04
8.176122494750331926e-04
1.042523774985593121e-03
1.306955192058961018e-03
1.622989253197685937e-03
2.008200665510956155e-03
2.489176570436101195e-03
3.108143328998328424e-03
3.936448602047467812e-03
5.104896030645253088e-03
6.881976780032413379e-03
9.919740106117994408e-03
1.631923247652167230e-02
3.868673009873895008e-02
-1.624970043550340859e-01
-2.835374867683897182e-02
-1.614750184558416332e-02
-1.156226342393938851e-02
-9.154413801632928574e-03
-7.667732623569527631e-03
-6.656463899810591105e-03
-5.922493523758673613e-03
-5.364348118378977313e-03
-4.924672895644204365e-03
-4.568604892674479889e-03
-4.273731974135080124e-03
-4.024990030086173995e-03
-3.811879629270265458e-03
-3.626858734309215161e-03
-3.464369871350007034e-03
-3.320227607173700021e-03
-3.191219697007221384e-03
-3.074839721996476278e-03
-2.969103277399634359e-03
-2.872418758279153290e-03
-2.783494715214606795e-03
-2.701272248946968730e-03
-2.624874889102375621e-03
-2.553570899615316067e-03
-2.486744558988685135e-03
-2.423874017531670467e-03
-2.364514038969000621e-03
-2.308282413987543073e-03
-2.254849165459367304e-03
-2.203927898262230713e-03
-2.155268812536179947e-03
-2.108653018757831489e-03
-2.063887880151195342e-03
-2.020803172159608453e-03
-1.979247896493215551e-03
-1.939087623174995043e-03
-1.900202261228946818e-03
-1.862484179461675092e-03
-1.825836614818869162e-03
-1.790172318239553664e-03
-1.755412397654894504e-03
-1.721485325427932027e-03
-1.688326083586685076e-03
-1.655875425026437234e-03
-1.624079232719467239e-03
-1.592887962080409342e-03
-1.562256154153248908e-03
-1.532142009332154199e-03
-1.502507013002099545e-03
-1.473315605856963337e-03
-1.444534892784937914e-03
-1.416134385147255767e-03
-1.388085772054121645e-03
-1.360362716890587851e-03
-1.332940675888280146e-03
-1.305796735994333531e-03
-1.278909469674338216e-03
-1.252258804609339459e-03
-1.225825906523899181e-03
-1.199593073615594190e-03
-1.173543641256478021e-03
-1.147661895807960486e-03
-1.121932996536709453e-03
-1.096342904746043425e-03
-1.070878319344950157e-03
-1.045526618171170249e-03
-1.020275804466238808e-03
-9.951144579704624023e-04
-9.700316901675280507e-04
-9.450171032615850824e-04
-9.200607525169371068e-04
-8.951531116305623103e-04
-8.702850408443426038e-04
-8.454477575348378487e-04
-8.206328090462722095e-04
-7.958320475572407040e-04
-7.710376067924613538e-04
-7.462418804108567668e-04
-7.214375019174612720e-04
-6.966173259620581960e-04
-6.717744109008406787e-04
-6.469020025086427966e-04
-6.219935187409936748e-04
-5.970425354532662467e-04
-5.720427729940717829e-04
-5.469880835963420763e-04
-5.218724394973040491e-04
-4.966899217236139114e-04
-4.714347094844223429e-04
-4.461010701190665489e-04
-4.206833495510504690e-04
-3.951759632038404687e-04
-3.695733873370170546e-04
-3.438701507654719648e-04
-3.180608269263956317e-04
-2.921400262616592747e-04
-2.661023888856290428e-04
-2.399425775106733306e-04
-2.136552706038510538e-04
-1.872351557509583601e-04
-1.606769232046034810e-04
-1.339752595957048945e-04
-1.071248417869802901e-04
-8.012033085073909724e-05
-5.295636615172617974e-05
-2.562755951853032052e-05
1.871510513339795859e-06
2.954630440216762105e-05
5.740232725983990432e-05
8.544513448549301976e-05
1.136803373869826189e-04
1.421136088043232788e-04
1.707506887483704059e-04
1.995973900681157539e-04
2.286596041598757539e-04
2.579433067312233811e-04
2.874545636326818979e-04
3.171995367698925280e-04
3.471844901097501492e-04
3.774157957930659698e-04
4.078999403669377258e-04
4.386435311510652503e-04
4.696533027502329755e-04
5.009361237286258720e-04
5.324990034588260790e-04
5.643490991611966288e-04
5.964937231481699494e-04
6.289403502899687222e-04
6.616966257170100269e-04
6.947703727769950809e-04
7.281696012634975143e-04
7.619025159349936864e-04
7.959775253435648866e-04
8.304032509927742646e-04
8.651885368471977974e-04
9.003424592145322248e-04
9.358743370247907300e-04
9.717937425302428968e-04
1.008110512453565255e-03
1.044834759610272163e-03
1.081976885035647751e-03
1.119547590646615635e-03
1.157557892471270094e-03
1.196019134481186375e-03
1.234943003062712909e-03
1.274341542167264224e-03
1.314227169181709717e-03
1.354612691563718231e-03
1.395511324289296692e-03
1.436936708162839986e-03
1.478902929044183636e-03
1.521424538049459974e-03
1.564516572788115069e-03
1.608194579701697742e-03
1.652474637574693475e-03
1.697373382293417042e-03
1.742908032933638716e-03
1.789096419264314891e-03
1.835957010760117664e-03
1.883508947223840914e-03
1.931772071125976856e-03
1.980766961777789045e-03
2.030514971462236799e-03
2.081038263659188998e-03
2.132359853507578319e-03
2.184503650663387284e-03
2.237494504722110922e-03
2.291358253388126737e-03
2.346121773590221452e-03
2.401813035756345839e-03
2.458461161480871102e-03
2.516096484836250792e-03
2.574750617601770722e-03
2.634456518707290092e-03
2.695248568214753376e-03
2.757162646189445770e-03
2.820236216842554600e-03
2.884508418364521883e-03
2.950020158903770163e-03
3.016814219188570546e-03
3.084935362337038432e-03
3.154430451450676489e-03
3.225348575644485481e-03
3.297741185230281934e-03
3.371662236839613989e-03
3.447168349350262281e-03
3.524318971569237631e-03
3.603176562720295309e-03
3.683806786892561934e-03
3.766278722728598830e-03
3.850665089765033591e-03
3.937042492991059406e-03
4.025491687358758418e-03
4.116097864173684853e-03
4.208950961507126019e-03
4.304146001015802039e-03
4.401783453827592951e-03
4.501969638466595328e-03
4.604817154136972915e-03
4.710445353090339689e-03
4.818980856252317799e-03
4.930558116802971624e-03
5.045320036999246388e-03
5.163418644199757254e-03
5.285015832833236948e-03
5.410284179938136886e-03
5.539407842930665904e-03
5.672583549438890357e-03
5.810021690412001290e-03
5.951947529297998626e-03
6.098602541931135226e-03
6.250245903914935716e-03
6.407156144799714542e-03
6.569632991292901660e-03
6.737999425195693483e-03
6.912603985828333700e-03
7.093823351517442727e-03
7.282065240420598252e-03
7.477771677746929135e-03
7.681422684528111527e-03
7.893540452789896827e-03
8.114694083634629157e-03
8.345504978813840860e-03
8.586652993419664412e-03
8.838883478070314742e-03
9.103015364322196434e-03
9.379950478176010686e-03
9.670684304954151045e-03
9.976318476459411499e-03
1.029807531069601434e-02
1.063731480886389268e-02
1.099555460817314492e-02
1.137449350807869311e-02
1.177603933954592466e-02
1.220234214240935137e-02
1.265583386899493679e-02
1.313927616250820316e-02
1.365581819333000838e-02
1.420906711323256626e-02
1.480317446030559279e-02
1.544294289288373166e-02
1.613395906030027846e-02
1.688276039525734434e-02
1.769704638029337071e-02
1.858594876696574583e-02
1.956038087603839681e-02
2.063349436388112884e-02
2.182128411369414073e-02
2.314340049487590562e-02
2.462425695451149477e-02
2.629456629999542272e-02
2.819351259930642090e-02
3.037188823085193098e-02
3.289673648234411191e-02
3.585841596448910429e-02
3.938170108292377708e-02
4.364389189572532440e-02
4.890570446773478269e-02
5.556686708485047976e-02
6.427302065954833277e-02
7.613919642903908824e-02
9.327113485427951378e-02
1.201797964296737603e-01
1.685880525624401938e-01
2.814391778816828227e-01
8.438880291950787704e-01
-8.522131449282672744e-01
-2.838843875159280383e-01
-1.705626996715192134e-01
-1.220245732762748336e-01
-9.506221231450456832e-02
-7.790281711818553001e-02
-6.602056160957109343e-02
-5.730402111545200572e-02
-5.063561035385633763e-02
-4.536840267917363612e-02
-4.110196528955425976e-02
-3.757516981298295033e-02
-3.461046183950070021e-02
-3.208290312841392822e-02
-2.990202565958043415e-02
-2.800071080666432718e-02
-2.632811292532081376e-02
-2.484500941006085456e-02
-2.352065899972615934e-02
-2.233062685484541593e-02
-2.125524625823894606e-02
-2.027850964738848322e-02
-1.938725539711077389e-02
-1.857056224938737066e-02
-1.781929205786924458e-02
-1.712574013011061713e-02
-1.648336474339784710e-02
-1.588657567946498081e-02
-1.533056728123618172e-02
-1.481118546634688921e-02
-1.432482090358794605e-02
-1.386832253792771863e-02
-1.343892708107767911e-02
-1.303420113132439800e-02
-1.265199336002062989e-02
-1.229039477965443612e-02
-1.194770554351741974e-02
-1.162240705767821070e-02
-1.131313843933831782e-02
-1.101867655128649717e-02
-1.073791899432901230e-02
-1.046986955873809022e-02
-1.021362572968351722e-02
-9.968367916105912163e-03
-9.733350131917386724e-03
-9.507891906081020195e-03
-9.291371236573985753e-03
-9.083218434385986056e-03
-8.882910729092531946e-03
-8.689967528299634772e-03
-8.503946240319196909e-03
-8.324438583517678597e-03
-8.151067317444388172e-03
-7.983483340549902066e-03
-7.821363107409213047e-03
-7.664406325147626181e-03
-7.512333894478754465e-03
-7.364886065569655783e-03
-7.221820783031519288e-03
-7.082912197780172683e-03
-6.947949326458265074e-03
-6.816734841625791269e-03
-6.689083978066350314e-03
-6.564823542413153468e-03
-6.443791014877233922e-03
-6.325833733234439635e-03
-6.210808150414075246e-03
-6.098579158050419780e-03
-5.989019469262002460e-03
-5.882009054684691346e-03
-5.777434626477759988e-03
-5.675189165599791447e-03
-5.575171488178085055e-03
-5.477285847246951556e-03
-5.381441566531100507e-03
-5.287552703301733742e-03
-5.195537737644403964e-03
-5.105319285751738767e-03
-5.016823835098604967e-03
-4.929981499570773584e-03
-4.844725792812060172e-03
-4.760993418223960494e-03
-4.678724074203527428e-03
-4.597860273341303206e-03
-4.518347174420456192e-03
-4.440132426172804792e-03
-4.363166021830774954e-03
-4.287400163619697890e-03
-4.212789136396527523e-03
-4.139289189721638562e-03
-4.066858427709055257e-03
-3.995456706059920260e-03
-3.925045535732637342e-03
-3.855587992753747861e-03
-3.787048633711417867e-03
-3.719393416515753836e-03
-3.652589626039606796e-03
-3.586605804292371941e-03
-3.521411684798438774e-03
-3.456978130887161660e-03
-3.393277077618172405e-03
-3.330281477089757497e-03
-3.267965246899441276e-03
-3.206303221540635420e-03
-3.145271106536480857e-03
-3.084845435129690214e-03
-3.025003527356939434e-03
-2.965723451351293116e-03
-2.906983986727028346e-03
-2.848764589913152338e-03
-2.791045361306866181e-03
-2.733807014136018301e-03
-2.677030844916326521e-03
-2.620698705408426414e-03
-2.564792975976391484e-03
-2.509296540263800980e-03
-2.454192761104655000e-03
-2.399465457592176755e-03
-2.345098883237704650e-03
-2.291077705150054537e-03
-2.237386984176386283e-03
-2.184012155943229616e-03
-2.130939012747995465e-03
-2.078153686245491107e-03
-2.025642630885536762e-03
-1.973392608054053317e-03
-1.921390670877369533e-03
-1.869624149649688327e-03
-1.818080637846415572e-03
-1.766747978688784464e-03
-1.715614252225453485e-03
-1.664667762901530460e-03
-1.613897027586204142e-03
-1.563290764026843260e-03
-1.512837879709667040e-03
-1.462527461096134289e-03
-1.412348763216244446e-03
-1.362291199592245358e-03
-1.312344332474497163e-03
-1.262497863367534594e-03
-1.212741623826802100e-03
-1.163065566510404578e-03
-1.113459756462506587e-03
-1.063914362618605287e-03
-1.014419649511301858e-03
-9.649659691612559424e-04
-9.155437531431520094e-04
-8.661435048057069923e-04
-8.167557916358377836e-04
-7.673712377542496466e-04
-7.179805165252075953e-04
-6.685743432719181735e-04
-6.191434680834937906e-04
-5.696786687005030679e-04
-5.201707434694864164e-04
-4.706105043531558056e-04
-4.209887699849132470e-04
-3.712963587572675091e-04
-3.215240819335626974e-04
-2.716627367683964976e-04
-2.217030996327353995e-04
-1.716359191231812704e-04
-1.214519091546303366e-04
-7.114174201766371858e-05
-2.069604139362892815e-05
2.989462468522426607e-05
8.063975094095045260e-05
1.315489020330684600e-04
1.826317198280480187e-04
2.338979307720144216e-04
2.853573533743132898e-04
3.370199058139696554e-04
3.888956136873691471e-04
4.409946179018983756e-04
4.933271827355068494e-04
5.459037040708342213e-04
5.987347178244093598e-04
6.518309085772526577e-04
7.052031184294216010e-04
7.588623560912420097e-04
8.128198062264324012e-04
8.670868390674435489e-04
9.216750203188441015e-04
9.765961213662952001e-04
1.031862129815522408e-03
1.087485260375323963e-03
1.143477966111120306e-03
1.199852950089885838e-03
1.256623177440232761e-03
1.313801887852170114e-03
1.371402608544253048e-03
1.429439167725231287e-03
1.487925708577752431e-03
1.546876703799998296e-03
1.606306970731950822e-03
1.666231687104515868e-03
1.726666407448434765e-03
1.787627080200533680e-03
1.849130065548109086e-03
1.911192154056650175e-03
1.973830586127045539e-03
2.037063072330830109e-03
2.100907814676515432e-03
2.165383528862546095e-03
2.230509467577696490e-03
2.296305444909742081e-03
2.362791861932680114e-03
2.429989733542305477e-03
2.497920716618751147e-03
2.566607139598288487e-03
2.636072033540030717e-03
2.706339164784317148e-03
2.777433069301858248e-03
2.849379088842579101e-03
2.922203408996733136e-03
2.995933099297859534e-03
3.070596155494687528e-03
3.146221544136679552e-03
3.222839249630363168e-03
3.300480323925312522e-03
3.379176939013012974e-03
3.458962442425948629e-03
3.539871415945358875e-03
3.621939737741434150e-03
3.705204648179864953e-03
3.789704819563201668e-03
3.875480430080445807e-03
3.962573242269940704e-03
4.051026686325807057e-03
4.140885948602552810e-03
4.232198065702965153e-03
4.325012024570968130e-03
4.419378869040306579e-03
4.515351813340965671e-03
4.612986363092717694e-03
4.712340444381487962e-03
4.813474541553325499e-03
4.916451844424723355e-03
5.021338405674237448e-03
5.128203309246223696e-03
5.237118850683425419e-03
5.348160730386168453e-03
5.461408260896659372e-03
5.576944589413708291e-03
5.694856936862455546e-03
5.815236854977321249e-03
5.938180503004260140e-03
6.063788945796981175e-03
6.192168475261877227e-03
6.323430957318547027e-03
6.457694206774966875e-03
6.595082392771824120e-03
6.735726477753331727e-03
6.879764693239769427e-03
7.027343056062498525e-03
7.178615929135063328e-03
7.333746631303953920e-03
7.492908101380917930e-03
7.656283622049333756e-03
7.824067610046898935e-03
7.996466479814522132e-03
8.173699588713652028e-03
8.356000272938656631e-03
8.543616984451380195e-03
8.736814540623404415e-03
8.935875499840754965e-03
9.141101678143186138e-03
9.352815824062814948e-03
9.571363471257478620e-03
9.797114991360440783e-03
1.003046787275358419e-02
1.027184925481838644e-02
1.052171875172302346e-02
1.078057160508672473e-02
1.104894221109513699e-02
1.132740807501357930e-02
1.161659425475884688e-02
1.191717836558741674e-02
1.222989623034342020e-02
1.255554827455463048e-02
1.289500678351026240e-02
1.324922415998697200e-02
1.361924234738792934e-02
1.400620361480030447e-02
1.441136293930121021e-02
1.483610226845935923e-02
1.528194700478109798e-02
1.575058512671012947e-02
1.624388945164373377e-02
1.676394366028156196e-02
1.731307284519084319e-02
1.789387952856468650e-02
1.850928632668468257e-02
1.916258673750426827e-02
1.985750591487214778e-02
2.059827379804090447e-02
2.138971362969214335e-02
2.223734977765822601e-02
2.314753995689931496e-02
2.412763854635872549e-02
2.518619988015991656e-02
2.633323341369206774e-02
2.758052689394926635e-02
2.894205966142523664e-02
3.043453684033971957e-02
3.207808778357573720e-02
3.389719087832934047e-02
3.592191518834340208e-02
3.818961324052297379e-02
4.074726852475687999e-02
4.365481348717786120e-02
4.698992074288564635e-02
5.085509163852474507e-02
5.538843894424864966e-02
6.078062332796224654e-02
6.730247167008905629e-02
7.535206035426324223e-02
8.553939884528648230e-02
9.884912389821064183e-02
1.169802523353887236e-01
1.431376092349072870e-01
1.841748796130359134e-01
2.578539015422426917e-01
4.288871937375999810e-01
1.266338609445052832e+00
-1.337007223484503182e+00
-4.383029709528966089e-01
-2.623726154734942195e-01
-1.873443202197698776e-01
-1.457516141827345790e-01
-1.193128947117666483e-01
-1.010197272589664075e-01
-8.760811563967735305e-02
-7.735245663794845794e-02
-6.925473002372836695e-02
-6.269759324091096764e-02
-5.727867869023931663e-02
-5.272451261101782083e-02
-4.884272977778479630e-02
-4.549407948868509216e-02
-4.257527720520581233e-02
-4.000809696455612935e-02
-3.773220636647732495e-02
-3.570032701152299481e-02
-3.387488504644839415e-02
-3.222564267097463575e-02
-3.072799102644983155e-02
-2.936169858204402613e-02
-2.810997926192914873e-02
-2.695878890948491188e-02
-2.589628737524538038e-02
-2.491242245705342639e-02
-2.399860466056498096e-02
-2.314745046297984887e-02
-2.235257781771491509e-02
-2.160844190507289070e-02
-2.091020218160329069e-02
-2.025361398414717712e-02
-1.963493955570649874e-02
-1.905087455097242630e-02
-1.849848696803376227e-02
-1.797516612230673841e-02
-1.747857978747215449e-02
-1.700663801799886729e-02
-1.655746246877262337e-02
-1.612936026140909807e-02
-1.572080163008704110e-02
-1.533040072420405533e-02
-1.495689905969938352e-02
-1.459915120227754312e-02
-1.425611233906032282e-02
-1.392682745430897165e-02
-1.361042187275468204e-02
-1.330609297310120925e-02
-1.301310290616973508e-02
-1.273077217839575781e-02
-1.245847398302397241e-02
-1.219562917927786982e-02
-1.194170183470900232e-02
-1.169619525835940976e-02
-1.145864846283045635e-02
-1.122863300209347992e-02
-1.100575013929427914e-02
-1.078962830505544868e-02
-1.057992081208500301e-02
-1.037630379643350587e-02
-1.017847435959395169e-02
-9.986148888943224833e-03
-9.799061536857694987e-03
-9.616962841282231111e-03
-9.439618472624557860e-03
-9.266808093679319153e-03
-9.098324320849414393e-03
-8.933971776316395469e-03
-8.773566221990811154e-03
-8.616933767121049206e-03
-8.463910142342812720e-03
-8.314340033761503934e-03
-8.168076471329369440e-03
-8.024980266430767339e-03
-7.884919494099107765e-03
-7.747769015781369104e-03
-7.613410038987035097e-03
-7.481729710526121777e-03
-7.352620740379293279e-03
-7.225981053529320977e-03
-7.101713467353521284e-03
-6.979725392404663442e-03
-6.859928554611268749e-03
-6.742238737127715861e-03
-6.626575540219280767e-03
-6.512862157715511129e-03
-6.401025168708475432e-03
-6.290994343284617152e-03
-6.182702461190917043e-03
-6.076085142426886423e-03
-5.971080688850645933e-03
-5.867629935964163886e-03
-5.765676114103206011e-03
-5.665164718340662438e-03
-5.566043386454075891e-03
-5.468261784373985336e-03
-5.371771498564922864e-03
-5.276525934850062605e-03
-5.182480223213058006e-03
-5.089591128163999459e-03
-4.997816964276706637e-03
-4.907117516537645024e-03
-4.817453965181248479e-03
-4.728788814702566956e-03
-4.641085826760485249e-03
-4.554309956722824536e-03
-4.468427293592305491e-03
-4.383405003106479424e-03
-4.299211273789563768e-03
-4.215815265772207554e-03
-4.133187062187243174e-03
-4.051297622990641424e-03
-3.970118741030268308e-03
-3.889623000238042264e-03
-3.809783735790386698e-03
-3.730574996124868311e-03
-3.651971506686370762e-03
-3.573948635290807342e-03
-3.496482359008512564e-03
-3.419549232463135573e-03
-3.343126357457890194e-03
-3.267191353840313405e-03
-3.191722331529168403e-03
-3.116697863617944823e-03
-3.042096960493662679e-03
-2.967899044894071938e-03
-2.894083927840494525e-03
-2.820631785391506698e-03
-2.747523136144170569e-03
-2.674738819447699222e-03
-2.602259974257416925e-03
-2.530068018591220044e-03
-2.458144629532581660e-03
-2.386471723740309255e-03
-2.315031438414020745e-03
-2.243806112675533499e-03
-2.172778269325402901e-03
-2.101930596929521555e-03
