-6.027555683274034987e-03
-6.025715793947203185e-03
-6.023872717284823111e-03
-6.022026450378110442e-03
-6.020176990309712185e-03
-6.018324334153442139e-03
-6.016468478974801304e-03
-6.014609421830261447e-03
-6.012747159768483743e-03
-6.010881689828197205e-03
-6.009013009040512811e-03
-6.007141114427062140e-03
-6.005266003000988770e-03
-6.003387671766580516e-03
-6.001506117719295451e-03
-5.999621337845583227e-03
-5.997733329123330903e-03
-5.995842088521071041e-03
-5.993947612998485643e-03
-5.992049899506323753e-03
-5.990148944986633910e-03
-5.988244746371916734e-03
-5.986337300585608916e-03
-5.984426604542254086e-03
-5.982512655147464650e-03
-5.980595449296968562e-03
-5.978674983878065619e-03
-5.976751255768229278e-03
-5.974824261836104988e-03
-5.972893998940647167e-03
-5.970960463931643952e-03
-5.969023653649816949e-03
-5.967083564926022390e-03
-5.965140194581707370e-03
-5.963193539429371276e-03
-5.961243596271470317e-03
-5.959290361901135695e-03
-5.957333833102107686e-03
-5.955374006648104200e-03
-5.953410879303801771e-03
-5.951444447823741810e-03
-5.949474708953051381e-03
-5.947501659426836923e-03
-5.945525295970792261e-03
-5.943545615300797891e-03
-5.941562614122466481e-03
-5.939576289132183703e-03
-5.937586637015817605e-03
-5.935593654449836630e-03
-5.933597338100725024e-03
-5.931597684624262921e-03
-5.929594690667288823e-03
-5.927588352865554612e-03
-5.925578667845449871e-03
-5.923565632222810989e-03
-5.921549242603641947e-03
-5.919529495583093423e-03
-5.917506387747014512e-03
-5.915479915670166823e-03
-5.913450075917406693e-03
-5.911416865043287935e-03
-5.909380279591439078e-03
-5.907340316096033536e-03
-5.905296971079676722e-03
-5.903250241055407917e-03
-5.901200122525046207e-03
-5.899146611980200967e-03
-5.897089705901930982e-03
-5.895029400760398372e-03
-5.892965693015003031e-03
-5.890898579115043561e-03
-5.888828055498433571e-03
-5.886754118592285416e-03
-5.884676764813152189e-03
-5.882595990566843840e-03
-5.880511792247841707e-03
-5.878424166239970723e-03
-5.876333108915636136e-03
-5.874238616636977967e-03
-5.872140685754409506e-03
-5.870039312607329418e-03
-5.867934493524077505e-03
-5.865826224821905216e-03
-5.863714502806546304e-03
-5.861599323772945409e-03
-5.859480684004077580e-03
-5.857358579772069772e-03
-5.855233007337354301e-03
-5.853103962949161507e-03
-5.850971442844913467e-03
-5.848835443250875385e-03
-5.846695960381722776e-03
-5.844552990439918702e-03
-5.842406529617016550e-03
-5.840256574092586236e-03
-5.838103120034231555e-03
-5.835946163598181718e-03
-5.833785700928559304e-03
-5.831621728157829546e-03
-5.829454241406193185e-03
-5.827283236782261275e-03
-5.825108710382444557e-03
-5.822930658291006374e-03
-5.820749076580545786e-03
-5.818563961311040006e-03
-5.816375308530480175e-03
-5.814183114274699624e-03
-5.811987374567119738e-03
-5.809788085419044859e-03
-5.807585242828940640e-03
-5.805378842783467941e-03
-5.803168881256605058e-03
-5.800955354209587009e-03
-5.798738257591143190e-03
-5.796517587337712482e-03
-5.794293339372945384e-03
-5.792065509607653706e-03
-5.789834093940103739e-03
-5.787599088255498438e-03
-5.785360488426315693e-03
-5.783118290312311803e-03
-5.780872489760048756e-03
-5.778623082603412051e-03
-5.776370064662863027e-03
-5.774113431746075512e-03
-5.771853179647347745e-03
-5.769589304147926777e-03
-5.767321801015823715e-03
-5.765050666005811127e-03
-5.762775894859079560e-03
-5.760497483303561941e-03
-5.758215427053854640e-03
-5.755929721810932979e-03
-5.753640363262153834e-03
-5.751347347081448187e-03
-5.749050668928883980e-03
-5.746750324451094585e-03
-5.744446309280567577e-03
-5.742138619036195497e-03
-5.739827249323300150e-03
-5.737512195732548392e-03
-5.735193453841256651e-03
-5.732871019212431619e-03
-5.730544887395186589e-03
-5.728215053923908784e-03
-5.725881514319723468e-03
-5.723544264088629117e-03
-5.721203298722926829e-03
-5.718858613700075408e-03
-5.716510204483412141e-03
-5.714158066521665344e-03
-5.711802195249053235e-03
-5.709442586085048885e-03
-5.707079234434952672e-03
-5.704712135688537467e-03
-5.702341285221550898e-03
-5.699966678394571308e-03
-5.697588310553073666e-03
-5.695206177028197189e-03
-5.692820273135491133e-03
-5.690430594175482915e-03
-5.688037135433929650e-03
-5.685639892181104313e-03
-5.683238859671957931e-03
-5.680834033146442245e-03
-5.678425407828750771e-03
-5.676012978927903394e-03
-5.673596741637249377e-03
-5.671176691134678996e-03
-5.668752822582321695e-03
-5.666325131126666650e-03
-5.663893611898742318e-03
-5.661458260013210037e-03
-5.659019070569047509e-03
-5.656576038649490691e-03
-5.654129159321523782e-03
-5.651678427636161982e-03
-5.649223838628108021e-03
-5.646765387316047928e-03
-5.644303068702214744e-03
-5.641836877772538582e-03
-5.639366809496659631e-03
-5.636892858827446777e-03
-5.634415020701338470e-03
-5.631933290038391299e-03
-5.629447661741545338e-03
-5.626958130697395227e-03
-5.624464691775261233e-03
-5.621967339827952520e-03
-5.619466069690937093e-03
-5.616960876182840526e-03
-5.614451754105368765e-03
-5.611938698242471997e-03
-5.609421703361460940e-03
-5.606900764212117798e-03
-5.604375875526385747e-03
-5.601847032019223287e-03
-5.599314228387991879e-03
-5.596777459312020538e-03
-5.594236719453423747e-03
-5.591692003456238437e-03
-5.589143305946671185e-03
-5.586590621533182345e-03
-5.584033944805923133e-03
-5.581473270337400892e-03
-5.578908592681376677e-03
-5.576339906373780318e-03
-5.573767205932109343e-03
-5.571190485855520048e-03
-5.568609740624568157e-03
-5.566024964701299892e-03
-5.563436152529103659e-03
-5.560843298532904336e-03
-5.558246397118354887e-03
-5.555645442672600513e-03
-5.553040429563755633e-03
-5.550431352140665353e-03
-5.547818204733418086e-03
-5.545200981652580532e-03
-5.542579677189566310e-03
-5.539954285616396565e-03
-5.537324801185671344e-03
-5.534691218130288574e-03
-5.532053530663659166e-03
-5.529411732979293281e-03
-5.526765819251213199e-03
-5.524115783633334886e-03
-5.521461620259513967e-03
-5.518803323243704449e-03
-5.516140886679470404e-03
-5.513474304640667706e-03
-5.510803571180161210e-03
-5.508128680330652213e-03
-5.505449626104341916e-03
-5.502766402492972192e-03
-5.500079003467354608e-03
-5.497387422977321851e-03
-5.494691654952562135e-03
-5.491991693300804674e-03
-5.489287531909529255e-03
-5.486579164644519481e-03
-5.483866585350639054e-03
-5.481149787851097126e-03
-5.478428765947804778e-03
-5.475703513421165125e-03
-5.472974024029818307e-03
-5.470240291510729963e-03
-5.467502309578923213e-03
-5.464760071927646061e-03
-5.462013572227920367e-03
-5.459262804128790780e-03
-5.456507761256669010e-03
-5.453748437216339971e-03
-5.450984825589368435e-03
-5.448216919935119917e-03
-5.445444713790606288e-03
-5.442668200669388556e-03
-5.439887374062589952e-03
-5.437102227438453568e-03
-5.434312754241861845e-03
-5.431518947894659229e-03
-5.428720801795365071e-03
-5.425918309319102510e-03
-5.423111463817666122e-03
-5.420300258618774257e-03
-5.417484687026971092e-03
-5.414664742322590138e-03
-5.411840417762042200e-03
-5.409011706577896914e-03
-5.406178601978488957e-03
-5.403341097147521671e-03
-5.400499185244722784e-03
-5.397652859405148787e-03
-5.394802112739239576e-03
-5.391946938332677075e-03
-5.389087329246299365e-03
-5.386223278515927214e-03
-5.383354779152351929e-03
-5.380481824140907754e-03
-5.377604406442042587e-03
-5.374722518990266741e-03
-5.371836154694896275e-03
-5.368945306439331343e-03
-5.366049967081108242e-03
-5.363150129452032115e-03
-5.360245786357658269e-03
-5.357336930577543711e-03
-5.354423554864419683e-03
-5.351505651945309694e-03
-5.348583214520188575e-03
-5.345656235262190650e-03
-5.342724706818151835e-03
-5.339788621807516761e-03
-5.336847972822713476e-03
-5.333902752429082322e-03
-5.330952953164473478e-03
-5.327998567539321551e-03
-5.325039588036342871e-03
-5.322076007110601407e-03
-5.319107817189383004e-03
-5.316135010671511896e-03
-5.313157579928111385e-03
-5.310175517301729542e-03
-5.307188815106668803e-03
-5.304197465628292078e-03
-5.301201461123707971e-03
-5.298200793820785452e-03
-5.295195455918499938e-03
-5.292185439586850025e-03
-5.289170736966157527e-03
-5.286151340167664220e-03
-5.283127241272762495e-03
-5.280098432333345769e-03
-5.277064905371275060e-03
-5.274026652378272298e-03
-5.270983665316094670e-03
-5.267935936115930931e-03
-5.264883456678874987e-03
-5.261826218874793119e-03
-5.258764214543353542e-03
-5.255697435492823373e-03
-5.252625873500528335e-03
-5.249549520312573464e-03
-5.246468367643647088e-03
-5.243382407176646123e-03
-5.240291630563003941e-03
-5.237196029422115304e-03
-5.234095595341215802e-03
-5.230990319875464256e-03
-5.227880194547613983e-03
-5.224765210847718763e-03
-5.221645360233301975e-03
-5.218520634128626275e-03
-5.215391023925530604e-03
-5.212256520981822967e-03
-5.209117116622578869e-03
-5.205972802138725784e-03
-5.202823568788038019e-03
-5.199669407793892917e-03
-5.196510310345786934e-03
-5.193346267598699002e-03
-5.190177270673414917e-03
-5.187003310656124015e-03
-5.183824378597703605e-03
-5.180640465514738981e-03
-5.177451562387965639e-03
-5.174257660163108889e-03
-5.171058749750262820e-03
-5.167854822023813972e-03
-5.164645867822127354e-03
-5.161431877947441488e-03
-5.158212843165933467e-03
-5.154988754206800416e-03
-5.151759601762990678e-03
-5.148525376490280941e-03
-5.145286069007432364e-03
-5.142041669895969398e-03
-5.138792169699833712e-03
-5.135537558925352096e-03
-5.132277828041037840e-03
-5.129012967477108477e-03
-5.125742967625569052e-03
-5.122467818839982270e-03
-5.119187511435123288e-03
-5.115902035686888637e-03
-5.112611381831966631e-03
-5.109315540067799200e-03
-5.106014500552239280e-03
-5.102708253403278466e-03
-5.099396788699171040e-03
-5.096080096477666362e-03
-5.092758166736200548e-03
-5.089430989431501830e-03
-5.086098554479799583e-03
-5.082760851755540633e-03
-5.079417871092484736e-03
-5.076069602282524962e-03
-5.072716035075915814e-03
-5.069357159180843883e-03
-5.065992964263100855e-03
-5.062623439946195396e-03
-5.059248575811120703e-03
-5.055868361395465457e-03
-5.052482786193841433e-03
-5.049091839657546092e-03
-5.045695511194075132e-03
-5.042293790167138960e-03
-5.038886665896059013e-03
-5.035474127655995003e-03
-5.032056164677211132e-03
-5.028632766145526255e-03
-5.025203921200774304e-03
-5.021769618938213761e-03
-5.018329848407043596e-03
-5.014884598610531638e-03
-5.011433858505625130e-03
-5.007977617003347114e-03
-5.004515862967280279e-03
-5.001048585214466422e-03
-4.997575772514687396e-03
-4.994097413590098226e-03
-4.990613497114952148e-03
-4.987124011715630099e-03
-4.983628945970171482e-03
-4.980128288407592412e-03
-4.976622027508537105e-03
-4.973110151704164192e-03
-4.969592649376177070e-03
-4.966069508856579308e-03
-4.962540718427288673e-03
-4.959006266319742479e-03
-4.955466140715047638e-03
-4.951920329743010087e-03
-4.948368821482627446e-03
-4.944811603960956245e-03
-4.941248665153294070e-03
-4.937679992983055530e-03
-4.934105575321058416e-03
-4.930525399985259162e-03
-4.926939454740568089e-03
-4.923347727298566651e-03
-4.919750205317265437e-03
-4.916146876400444114e-03
-4.912537728097605451e-03
-4.908922747903618836e-03
-4.905301923258228482e-03
-4.901675241546062101e-03
-4.898042690096016810e-03
-4.894404256180906986e-03
-4.890759927017286450e-03
-4.887109689765069438e-03
-4.883453531527179314e-03
-4.879791439349070656e-03
-4.876123400218501137e-03
-4.872449401065426580e-03
-4.868769428761031241e-03
-4.865083470118022717e-03
-4.861391511889807081e-03
-4.857693540770447252e-03
-4.853989543394118290e-03
-4.850279506334756983e-03
-4.846563416105744392e-03
-4.842841259159192877e-03
-4.839113021886537643e-03
-4.835378690617017985e-03
-4.831638251617862041e-03
-4.827891691093889534e-03
-4.824138995186873398e-03
-4.820380149975622176e-03
-4.816615141475038067e-03
-4.812843955636224476e-03
-4.809066578345413956e-03
-4.805282995424368930e-03
-4.801493192629401573e-03
-4.797697155651334776e-03
-4.793894870114630453e-03
-4.790086321577396479e-03
-4.786271495530812492e-03
-4.782450377398561776e-03
-4.778622952536789627e-03
-4.774789206233243793e-03
-4.770949123706977844e-03
-4.767102690108172489e-03
-4.763249890517287297e-03
-4.759390709944928861e-03
-4.755525133331090989e-03
-4.751653145545046281e-03
-4.747774731384801425e-03
-4.743889875576262800e-03
-4.739998562773344894e-03
-4.736100777557225236e-03
-4.732196504435603676e-03
-4.728285727842742280e-03
-4.724368432138714193e-03
-4.720444601608902307e-03
-4.716514220463413794e-03
-4.712577272836929176e-03
-4.708633742787959875e-03
-4.704683614298245387e-03
-4.700726871272533844e-03
-4.696763497537947973e-03
-4.692793476843154163e-03
-4.688816792858442259e-03
-4.684833429174800959e-03
-4.680843369303495406e-03
-4.676846596675520752e-03
-4.672843094640940359e-03
-4.668832846468603907e-03
-4.664815835345512487e-03
-4.660792044375974656e-03
-4.656761456581631591e-03
-4.652724054900254057e-03
-4.648679822185556795e-03
-4.644628741206724074e-03
-4.640570794647447782e-03
-4.636505965105595234e-03
-4.632434235092765945e-03
-4.628355587033300238e-03
-4.624270003263913215e-03
-4.620177466033187352e-03
-4.616077957500860397e-03
-4.611971459736994433e-03
-4.607857954721894349e-03
-4.603737424344958584e-03
-4.599609850404158713e-03
-4.595475214605766225e-03
-4.591333498563201533e-03
-4.587184683796708719e-03
-4.583028751732728424e-03
-4.578865683702804112e-03
-4.574695460943637576e-03
-4.570518064595763610e-03
-4.566333475703131077e-03
-4.562141675212543455e-03
-4.557942643972771532e-03
-4.553736362733951451e-03
-4.549522812146781538e-03
-4.545301972762049586e-03
-4.541073825029487074e-03
-4.536838349297567068e-03
-4.532595525812510226e-03
-4.528345334717233557e-03
-4.524087756051451033e-03
-4.519822769750002182e-03
-4.515550355642661273e-03
-4.511270493453116426e-03
-4.506983162798397155e-03
-4.502688343187973181e-03
-4.498386014022919162e-03
-4.494076154595165289e-03
-4.489758744086938709e-03
-4.485433761569357532e-03
-4.481101186002318069e-03
-4.476760996233140888e-03
-4.472413170996061664e-03
-4.468057688911167800e-03
-4.463694528483659434e-03
-4.459323668103066206e-03
-4.454945086042178676e-03
-4.450558760456321469e-03
-4.446164669382410457e-03
-4.441762790738232845e-03
-4.437353102321209448e-03
-4.432935581807765854e-03
-4.428510206752336691e-03
-4.424076954586338671e-03
-4.419635802617437673e-03
-4.415186728028398615e-03
-4.410729707876294425e-03
-4.406264719091359389e-03
-4.401791738476180764e-03
-4.397310742704702187e-03
-4.392821708321012833e-03
-4.388324611738716845e-03
-4.383819429239505655e-03
-4.379306136972585528e-03
-4.374784710952976663e-03
-4.370255127061418651e-03
-4.365717361042346055e-03
-4.361171388503378397e-03
-4.356617184914273258e-03
-4.352054725605487319e-03
-4.347483985767169358e-03
-4.342904940448477635e-03
-4.338317564555878997e-03
-4.333721832852196511e-03
-4.329117719955785475e-03
-4.324505200338764864e-03
-4.319884248326424925e-03
-4.315254838095797761e-03
-4.310616943674245270e-03
-4.305970538938760916e-03
-4.301315597614141333e-03
-4.296652093272255134e-03
-4.291979999330651670e-03
-4.287299289051061356e-03
-4.282609935538379993e-03
-4.277911911739350377e-03
-4.273205190441077377e-03
-4.268489744269998373e-03
-4.263765545690201449e-03
-4.259032567002477357e-03
-4.254290780342629905e-03
-4.249540157680066488e-03
-4.244780670816824912e-03
-4.240012291385739790e-03
-4.235234990849123284e-03
-4.230448740497446715e-03
-4.225653511447890337e-03
-4.220849274642630294e-03
-4.216036000847511560e-03
-4.211213660650685309e-03
-4.206382224460807409e-03
-4.201541662505746053e-03
-4.196691944830755958e-03
-4.191833041297194674e-03
-4.186964921580682911e-03
-4.182087555169715018e-03
-4.177200911363817583e-03
-4.172304959272114810e-03
-4.167399667811282418e-03
-4.162485005704420066e-03
-4.157560941478944533e-03
-4.152627443464935661e-03
-4.147684479793316628e-03
-4.142732018394414129e-03
-4.137770026995728385e-03
-4.132798473120523688e-03
-4.127817324085599274e-03
-4.122826546999753226e-03
-4.117826108761918520e-03
-4.112815976058898336e-03
-4.107796115363831699e-03
-4.102766492934180331e-03
-4.097727074809505605e-03
-4.092677826809791065e-03
-4.087618714533256675e-03
-4.082549703354360418e-03
-4.077470758421686270e-03
-4.072381844655983962e-03
-4.067282926747949404e-03
-4.062173969156018978e-03
-4.057054936104148232e-03
-4.051925791580226338e-03
-4.046786499332772312e-03
-4.041637022869781423e-03
-4.036477325455488201e-03
-4.031307370108802579e-03
-4.026127119600550822e-03
-4.020936536451390382e-03
-4.015735582929070777e-03
-4.010524221046198393e-03
-4.005302412557817417e-03
-4.000070118958792137e-03
-3.994827301481429505e-03
-3.989573921092687964e-03
-3.984309938491953536e-03
-3.979035314107939002e-03
-3.973750008096383658e-03
-3.968453980337300312e-03
-3.963147190432125995e-03
-3.957829597700902174e-03
-3.952501161179872158e-03
-3.947161839617977820e-03
-3.941811591474561963e-03
-3.936450374916231933e-03
-3.931078147813823857e-03
-3.925694867739402440e-03
-3.920300491963446370e-03
-3.914894977451435255e-03
-3.909478280861115700e-03
-3.904050358538814144e-03
-3.898611166516712488e-03
-3.893160660509337873e-03
-3.887698795910251963e-03
-3.882225527788798775e-03
-3.876740810886663419e-03
-3.871244599614392674e-03
-3.865736848047931617e-03
-3.860217509925043585e-03
-3.854686538641866750e-03
-3.849143887248818001e-03
-3.843589508447646519e-03
-3.838023354586820278e-03
-3.832445377658335456e-03
-3.826855529293809403e-03
-3.821253760759888395e-03
-3.815640022955162428e-03
-3.810014266405757719e-03
-3.804376441260829897e-03
-3.798726497289175216e-03
-3.793064383874360755e-03
-3.787390050010751904e-03
-3.781703444298982995e-03
-3.776004514941660398e-03
-3.770293209738951115e-03
-3.764569476083706040e-03
-3.758833260957269301e-03
-3.753084510924239395e-03
-3.747323172128291975e-03
-3.741549190286780520e-03
-3.735762510686199602e-03
-3.729963078176953394e-03
-3.724150837168394793e-03
-3.718325731623609541e-03
-3.712487705054167385e-03
-3.706636700514824231e-03
-3.700772660598025676e-03
-3.694895527428379740e-03
-3.689005242657281396e-03
-3.683101747456915195e-03
-3.677184982514718897e-03
-3.671254888027308035e-03
-3.665311403694826355e-03
-3.659354468714201211e-03
-3.653384021773827504e-03
-3.647400001046538585e-03
-3.641402344183719900e-03
-3.635390988308520154e-03
-3.629365870009377756e-03
-3.623326925333130496e-03
-3.617274089778427064e-03
-3.611207298288523181e-03
-3.605126485244330992e-03
-3.599031584457132796e-03
-3.592922529161315156e-03
-3.586799252006933440e-03
-3.580661685051932022e-03
-3.574509759754488942e-03
-3.568343406965282082e-03
-3.562162556919312110e-03
-3.555967139227736700e-03
-3.549757082869586799e-03
-3.543532316183292934e-03
-3.537292766858110473e-03
-3.531038361925354502e-03
-3.524769027749118620e-03
-3.518484690017585279e-03
-3.512185273733537706e-03
-3.505870703204872710e-03
-3.499540902034955613e-03
-3.493195793112740134e-03
-3.486835298602934240e-03
-3.480459339935466478e-03
-3.474067837795349976e-03
-3.467660712111824816e-03
-3.461237882047663462e-03
-3.454799265987975286e-03
-3.448344781529124291e-03
-3.441874345466958141e-03
-3.435387873785382407e-03
-3.428885281644001963e-03
-3.422366483366238998e-03
-3.415831392426655223e-03
-3.409279921438250222e-03
-3.402711982139536469e-03
-3.396127485381065288e-03
-3.389526341112118497e-03
-3.382908458366813698e-03
-3.376273745249639725e-03
-3.369622108921499926e-03
-3.362953455584597514e-03
-3.356267690467529523e-03
-3.349564717809764506e-03
-3.342844440846030451e-03
-3.336106761790059126e-03
-3.329351581818240213e-03
-3.322578801052722929e-03
-3.315788318544356759e-03
-3.308980032254870644e-03
-3.302153839039031775e-03
-3.295309634626159521e-03
-3.288447313601364826e-03
-3.281566769386202401e-03
-3.274667894218928274e-03
-3.267750579134377428e-03
-3.260814713943233859e-03
-3.253860187210867380e-03
-3.246886886235558507e-03
-3.239894697026659588e-03
-3.232883504281320024e-03
-3.225853191361667711e-03
-3.218803640270498628e-03
-3.211734731627219255e-03
-3.204646344642463236e-03
-3.197538357092515483e-03
-3.190410645292959119e-03
-3.183263084071491500e-03
-3.176095546740455734e-03
-3.168907905068059448e-03
-3.161700029249483405e-03
-3.154471787876736780e-03
-3.147223047907966430e-03
-3.139953674635994219e-03
-3.132663531655719823e-03
-3.125352480830944149e-03
-3.118020382260320179e-03
-3.110667094241904764e-03
-3.103292473237372583e-03
-3.095896373834873972e-03
-3.088478648710821142e-03
-3.081039148590732427e-03
-3.073577722209077344e-03
-3.066094216267597691e-03
-3.058588475392975958e-03
-3.051060342092620260e-03
-3.043509656709831278e-03
-3.035936257377186333e-03
-3.028339979968702658e-03
-3.020720658050671855e-03
-3.013078122830878912e-03
-3.005412203106291608e-03
-2.997722725209272382e-03
-2.990009512952123989e-03
-2.982272387569767733e-03
-2.974511167660760704e-03
-2.966725669126633359e-03
-2.958915705108947688e-03
-2.951081085924602432e-03
-2.943221618999036261e-03
-2.935337108797295494e-03
-2.927427356752651099e-03
-2.919492161193319203e-03
-2.911531317266282878e-03
-2.903544616858798506e-03
-2.895531848517390264e-03
-2.887492797363794099e-03
-2.879427245008446198e-03
-2.871334969460703681e-03
-2.863215745035947550e-03
-2.855069342259661160e-03
-2.846895527768034465e-03
-2.838694064205056315e-03
-2.830464710115831572e-03
-2.822207219836263097e-03
-2.813921343378651078e-03
-2.805606826313007153e-03
-2.797263409644194353e-03
-2.788890829684374621e-03
-2.780488817920617750e-03
-2.772057100877846087e-03
-2.763595399976078500e-03
-2.755103431382740792e-03
-2.746580905858699018e-03
-2.738027528598762500e-03
-2.729442999065832126e-03
-2.720827010818114948e-03
-2.712179251329961075e-03
-2.703499401805127631e-03
-2.694787136982532225e-03
-2.686042124934166775e-03
-2.677264026854456105e-03
-2.668452496841114668e-03
-2.659607181666436265e-03
-2.650727720539234472e-03
-2.641813744856343071e-03
-2.632864877943624001e-03
-2.623880734785473661e-03
-2.614860921742615495e-03
-2.605805036257350955e-03
-2.596712666545563254e-03
-2.587583391275152106e-03
-2.578416779229212013e-03
-2.569212388954492717e-03
-2.559969768393053225e-03
-2.550688454496900359e-03
-2.541367972824506386e-03
-2.532007837117942854e-03
-2.522607548859876880e-03
-2.513166596809001362e-03
-2.503684456512718631e-03
-2.494160589795858026e-03
-2.484594444223660586e-03
-2.474985452538054631e-03
-2.465333032065029125e-03
-2.455636584091617277e-03
-2.445895493210720976e-03
-2.436109126631565581e-03
-2.426276833453640085e-03
-2.416397943902111236e-03
-2.406471768521779072e-03
-2.396497597327355150e-03
-2.386474698906762733e-03
-2.376402319474963960e-03
-2.366279681874345828e-03
-2.356105984518665208e-03
-2.345880400276306732e-03
-2.335602075288998550e-03
-2.325270127721389395e-03
-2.314883646436683914e-03
-2.304441689592992039e-03
-2.293943283155031650e-03
-2.283387419314954724e-03
-2.272773054815379300e-03
-2.262099109168073940e-03
-2.251364462759839185e-03
-2.240567954837701260e-03
-2.229708381363715297e-03
-2.218784492729886527e-03
-2.207794991321981003e-03
-2.196738528920220718e-03
-2.185613703924475012e-03
-2.174419058389230001e-03
-2.163153074853114716e-03
-2.151814172946096403e-03
-2.140400705755740075e-03
-2.128910955932130679e-03
-2.117343131509358788e-03
-2.105695361418870835e-03
-2.093965690667663401e-03
-2.082152075151751883e-03
-2.070252376072185402e-03
-2.058264353917128430e-03
-2.046185661970262304e-03
-2.034013839301233861e-03
-2.021746303188857313e-03
-2.009380340922837550e-03
-1.996913100923355944e-03
-1.984341583111069555e-03
-1.971662628452673476e-03
-1.958872907597750818e-03
-1.945968908513919871e-03
-1.932946923014358795e-03
-1.919803032060940582e-03
-1.906533089710194754e-03
-1.893132705553363842e-03
-1.879597225483000756e-03
-1.865921710596479648e-03
-1.852100914021943389e-03
-1.838129255423765016e-03
-1.824000792911220506e-03
-1.809709192036279514e-03
-1.795247691521359087e-03
-1.780609065307447439e-03
-1.765785580452496365e-03
-1.750768950340155731e-03
-1.735550282577554872e-03
-1.720120020864149713e-03
-1.704467880001445503e-03
-1.688582773079326353e-03
-1.672452729717058099e-03
-1.656064804049122915e-03
-1.639404970922074415e-03
-1.622458008501042551e-03
-1.605207365162205366e-03
-1.587635008160415053e-03
-1.569721251091217313e-03
-1.551444556596468915e-03
-1.532781310066313974e-03
-1.513705559236533339e-03
-1.494188713528755638e-03
-1.474199195678760343e-03
-1.453702036577379873e-03
-1.432658402220747442e-03
-1.411025039113979413e-03
-1.388753621240468739e-03
-1.365789977589360006e-03
-1.342073173949874304e-03
-1.317534415851321890e-03
-1.292095730636780076e-03
-1.265668374987732880e-03
-1.238150898769407784e-03
-1.209426775430195306e-03
-1.179361481354104443e-03
-1.147798868629415579e-03
-1.114556623415255670e-03
-1.079420529169486647e-03
-1.042137150978380460e-03
-1.002404409628811699e-03
-9.598592993732727808e-04
-9.140616858699880578e-04
-8.644726427948995831e-04
-8.104250515731156040e-04
-7.510830364992796644e-04
-6.853849546887020444e-04
-6.119615991083252916e-04
-5.290160593418600848e-04
-4.341424946790476075e-04
-3.240442256672347934e-04
-1.940792287431407446e-04
-3.749574094298428750e-05
1.559201316458566893e-04
4.023900919543326859e-04
7.293227899050330060e-04
1.186966882645388221e-03
1.878463663300932980e-03
3.054298179539337819e-03
5.521587413420467674e-03
1.412302980884733161e-02
-6.315263100438434085e-02
-1.161246111746230998e-02
-6.914314216270826298e-03
-5.143725952827169629e-03
-4.209530637187835003e-03
-3.629150978513797157e-03
-3.231349366651515252e-03
-2.940019752201696208e-03
-2.716180589780956608e-03
-2.537798470303589439e-03
-2.391480204716803920e-03
-2.268615577027154225e-03
-2.163417103906868297e-03
-2.071850812538952435e-03
-1.991018802354772681e-03
-1.918785532289332728e-03
-1.853542520056193979e-03
-1.794055122965996455e-03
-1.739359830461265511e-03
-1.688693652634765032e-03
-1.641444482358274132e-03
-1.597115505770312430e-03
-1.555299231457515701e-03
-1.515658236134941484e-03
-1.477910684033733116e-03
-1.441819293963941730e-03
-1.407182832915170739e-03
-1.373829485980643987e-03
-1.341611636848171352e-03
-1.310401720705839509e-03
-1.280088900986904414e-03
-1.250576385115771509e-03
-1.221779240339019830e-03
-1.193622604199621410e-03
-1.166040208876552905e-03
-1.138973156971032248e-03
-1.112368900114391740e-03
-1.086180382229700106e-03
-1.060365317272311900e-03
-1.034885577432587134e-03
-1.009706672563340929e-03
-9.847973053300992409e-04
-9.601289895206677498e-04
-9.356757212770637532e-04
-9.114136948656485510e-04
-8.873210560852262500e-04
-8.633776876072194514e-04
-8.395650215096346928e-04
-8.158658750521405930e-04
-7.922643063829834260e-04
-7.687454873949533217e-04
-7.452955913828725621e-04
-7.219016935144815725e-04
-6.985516824254995195e-04
-6.752341814987831590e-04
-6.519384785963201452e-04
-6.286544631873941221e-04
-6.053725699648839550e-04
-5.820837281650497992e-04
-5.587793159132429643e-04
-5.354511190071427297e-04
-5.120912936261819625e-04
-4.886923325214386502e-04
-4.652470342962324794e-04
-4.417484754367168509e-04
-4.181899847926833446e-04
-3.945651202452073333e-04
-3.708676473290875076e-04
-3.470915196047001964e-04
-3.232308605978045338e-04
-2.992799471459025662e-04
-2.752331940083534894e-04
-2.510851396122179037e-04
-2.268304328203726091e-04
-2.024638206199687904e-04
-1.779801366399813393e-04
-1.533742904163087439e-04
-1.286412573304573752e-04
-1.037760691558489387e-04
-7.877380515165164883e-05
-5.362958365000524948e-05
-2.833855408777819461e-05
-2.895889437776189013e-06
2.270322100067170444e-05
4.846357848936361668e-05
7.438998145048518170e-05
1.004872318090512450e-04
1.267601411066571334e-04
1.532135364134325781e-04
1.798522660620127385e-04
2.066812052265236638e-04
2.337052613673944830e-04
2.609293795615332673e-04
2.883585477366550293e-04
3.159978018264728841e-04
3.438522308633796968e-04
3.719269820240574120e-04
4.002272656425977237e-04
4.287583602050359412e-04
4.575256173391551318e-04
4.865344668120856779e-04
5.157904215487838558e-04
5.452990826828017518e-04
5.750661446525262305e-04
6.050974003532900948e-04
6.353987463580794155e-04
6.659761882175783314e-04
6.968358458514463177e-04
7.279839590420813990e-04
7.594268930423465642e-04
7.911711443090868340e-04
8.232233463739270334e-04
8.555902758636028341e-04
8.882788586817439228e-04
9.212961763646793133e-04
9.546494726242198310e-04
9.883461600904480324e-04
1.022393827268239068e-03
1.056800245721369134e-03
1.091573377499382210e-03
1.126721382821900064e-03
1.162252628036181774e-03
1.198175693865291503e-03
1.234499383962724909e-03
1.271232733793311448e-03
1.308385019857832409e-03
1.345965769282364555e-03
1.383984769792524425e-03
1.422452080095573668e-03
1.461378040692532833e-03
1.500773285145893827e-03
1.540648751828020344e-03
1.581015696178138859e-03
1.621885703496804207e-03
1.663270702307829627e-03
1.705182978321483035e-03
1.747635189032048682e-03
1.790640378987375797e-03
1.834211995768161158e-03
1.878363906719687261e-03
1.923110416478306713e-03
1.968466285340568327e-03
2.014446748524087363e-03
2.061067536373306208e-03
2.108344895566947701e-03
2.156295611386724147e-03
2.204937031112476874e-03
2.254287088611880638e-03
2.304364330198532297e-03
2.355187941837010631e-03
2.406777777778784221e-03
2.459154390719558124e-03
2.512339063574036812e-03
2.566353842972215853e-03
2.621221574588205976e-03
2.676965940420609775e-03
2.733611498153196585e-03
2.791183722733357568e-03
2.849709050317154272e-03
2.909214924740219105e-03
2.969729846687274924e-03
3.031283425745516600e-03
3.093906435542461038e-03
3.157630872183917348e-03
3.222490016227859064e-03
3.288518498444309088e-03
3.355752369637311251e-03
3.424229174824785712e-03
3.493988032097237149e-03
3.565069716505463171e-03
3.637516749354805130e-03
3.711373493318819404e-03
3.786686253820400506e-03
3.863503387167398738e-03
3.941875415975387882e-03
4.021855152457350958e-03
4.103497830214329796e-03
4.186861245217879043e-03
4.272005906743895839e-03
4.358995199086610969e-03
4.447895554962366313e-03
4.538776641602354153e-03
4.631711560631064303e-03
4.726777062937640925e-03
4.824053779869654987e-03
4.923626472214911662e-03
5.025584298588469528e-03
5.130021105014754071e-03
5.237035737683200243e-03
5.346732381070600296e-03
5.459220923864293966e-03
5.574617355390817063e-03
5.693044195559331284e-03
5.814630961671961133e-03
5.939514675845035223e-03
6.067840417223503702e-03
6.199761923671050917e-03
6.335442248185400339e-03
6.475054475938567256e-03
6.618782508573318145e-03
6.766821923236363348e-03
6.919380914789500375e-03
7.076681330749932247e-03
7.238959809786412944e-03
7.406469036062870298e-03
7.579479123422525749e-03
7.758279145366404547e-03
7.943178829064298507e-03
8.134510434287943459e-03
8.332630841255381920e-03
8.537923874996349027e-03
8.750802898103496319e-03
8.971713708731024473e-03
9.201137786608568070e-03
9.439595936823419464e-03
9.687652389425482902e-03
9.945919422796933862e-03
1.021506259055072335e-02
1.049580664592320370e-02
1.078894227471534698e-02
1.109533376852305658e-02
1.141592779510672284e-02
1.175176345338924122e-02
1.210398383809961273e-02
1.247384938528195257e-02
1.286275332704456785e-02
1.327223965499415431e-02
1.370402408065937890e-02
1.416001859293557902e-02
1.464236035392284772e-02
1.515344585445659031e-02
1.569597148122420932e-02
1.627298194497719952e-02
1.688792840636417145e-02
1.754473864318272652e-02
1.824790227340005594e-02
1.900257494265159691e-02
1.981470658932791423e-02
2.069120053898484274e-02
2.164011243387300998e-02
2.267090114088370773e-02
2.379474820440964297e-02
2.502496873282267914e-02
2.637754577975040884e-02
2.787183380716430278e-02
2.953149711998497018e-02
3.138578023659226168e-02
3.347125575438027190e-02
3.583427309334469985e-02
3.853445948692416079e-02
4.164984143479555367e-02
4.528453481573794376e-02
4.958064378872908962e-02
5.473732559418799382e-02
6.104261778082752110e-02
6.892924695824736991e-02
7.907852825475503167e-02
9.262881003924372525e-02
1.116359203339273437e-01
1.402307423984029966e-01
1.881209019906465441e-01
2.847958706826602127e-01
5.822432435053473965e-01
-1.517038710328906070e+01
-5.437082977528465699e-01
-2.775711204563059420e-01
-1.866871648222851454e-01
-1.408232312152876975e-01
-1.131660538780649428e-01
-9.466813321750312815e-02
-8.142473930963323170e-02
-7.147450360750193243e-02
-6.372420168302941890e-02
-5.751628405945600347e-02
-5.243150716356375501e-02
-4.818994493889543901e-02
-4.459755752097483567e-02
-4.151559858838872741e-02
-3.884222961122267559e-02
-3.650101282187820373e-02
-3.443345665503511066e-02
-3.259404093491850146e-02
-3.094680999745270597e-02
-2.946298598519168574e-02
-2.811926285656242766e-02
-2.689656488278441976e-02
-2.577912849408821316e-02
-2.475381331044004471e-02
-2.380957828011146665e-02
-2.293707853725777263e-02
-2.212835172388830096e-02
-2.137657143969676557e-02
-2.067585163715925101e-02
-2.002109008933768142e-02
-1.940784211805657994e-02
-1.883221797065334768e-02
-1.829079883456590297e-02
-1.778056765673584685e-02
-1.729885180999514785e-02
-1.684327530522462119e-02
-1.641171874513620149e-02
-1.600228559497814118e-02
-1.561327363743601239e-02
-1.524315070533135627e-02
-1.489053396242437204e-02
-1.455417214149052132e-02
-1.423293025866983856e-02
-1.392577641046582188e-02
-1.363177032969558125e-02
-1.335005343293805061e-02
-1.307984013751881287e-02
-1.282041026303305277e-02
-1.257110236258777644e-02
-1.233130785370378270e-02
-1.210046583919437667e-02
-1.187805852520923758e-02
-1.166360715762636627e-02
-1.145666840964435808e-02
-1.125683116318957309e-02
-1.106371363494299681e-02
-1.087696080469183028e-02
-1.069624210954369173e-02
-1.052124937247786614e-02
-1.035169493791390609e-02
-1.018730999055157335e-02
-1.002784303680813796e-02
-9.873058530792903215e-03
-9.722735629020004197e-03
-9.576667060006425689e-03
-9.434658096572063127e-03
-9.296525620122866179e-03
-9.162097267449922575e-03
-9.031210651678077406e-03
-8.903712649956112626e-03
-8.779458751306336989e-03
-8.658312458794593935e-03
-8.540144740806533685e-03
-8.424833526795244207e-03
-8.312263243346020708e-03
-8.202324386848865861e-03
-8.094913129451748388e-03
-7.989930955310036928e-03
-7.887284324448018413e-03
-7.786884361818098045e-03
-7.688646569380546553e-03
-7.592490559240414744e-03
-7.498339806065187386e-03
-7.406121417178191182e-03
-7.315765918872847717e-03
-7.227207057626860998e-03
-7.140381615019079399e-03
-7.055229235258417449e-03
-6.971692264335796127e-03
-6.889715599890786600e-03
-6.809246550974860056e-03
-6.730234706953184230e-03
-6.652631814861141232e-03
-6.576391664584148138e-03
-6.501469981285810593e-03
-6.427824324554349926e-03
-6.355413993785075794e-03
-6.284199939351014369e-03
-6.214144679155230756e-03
-6.145212220184948122e-03
-6.077367984725190464e-03
-6.010578740907553119e-03
-5.944812537303659737e-03
-5.880038641288755363e-03
-5.816227480924219921e-03
-5.753350590128306422e-03
-5.691380556918845465e-03
-5.630290974527886808e-03
-5.570056395206451211e-03
-5.510652286546127536e-03
-5.452054990159431458e-03
-5.394241682571562779e-03
-5.337190338187647494e-03
-5.280879694204798289e-03
-5.225289217355777623e-03
-5.170399072367969258e-03
-5.116190092040381887e-03
-5.062643748838272124e-03
-5.009742127919347178e-03
-4.957467901506573509e-03
-4.905804304528793396e-03
-4.854735111459360618e-03
-4.804244614281119943e-03
-4.754317601517247562e-03
-4.704939338264752142e-03
-4.656095547179372844e-03
-4.607772390355010898e-03
-4.559956452052289257e-03
-4.512634722227553546e-03
-4.465794580820693117e-03
-4.419423782760836632e-03
-4.373510443651806856e-03
-4.328043026101777158e-03
-4.283010326662399676e-03
-4.238401463347110827e-03
-4.194205863699694559e-03
-4.150413253380341380e-03
-4.107013645249502770e-03
-4.063997328918518039e-03
-4.021354860748390520e-03
-3.979077054270462391e-03
-3.937154971011200266e-03
-3.895579911699619587e-03
-3.854343407838593284e-03
-3.813437213625150805e-03
-3.772853298197424710e-03
-3.732583838199634088e-03
-3.692621210644960340e-03
-3.652957986062528584e-03
-3.613586921919834539e-03
-3.574500956301496744e-03
-3.535693201836414678e-03
-3.497156939862604372e-03
-3.458885614814939495e-03
-3.420872828829545076e-03
-3.383112336553582063e-03
-3.345598040150415519e-03
-3.308323984493368505e-03
-3.271284352538302541e-03
-3.234473460867166340e-03
-3.197885755395756934e-03
-3.161515807239171499e-03
-3.125358308724584915e-03
-3.089408069551882567e-03
-3.053660013086400594e-03
-3.018109172788080441e-03
-2.982750688763794854e-03
-2.947579804441550350e-03
-2.912591863359882682e-03
-2.877782306068557387e-03
-2.843146667134641321e-03
-2.808680572252802900e-03
-2.774379735450472652e-03
-2.740239956388255266e-03
-2.706257117751915964e-03
-2.672427182726768401e-03
-2.638746192558927978e-03
-2.605210264193625475e-03
-2.571815587992349120e-03
-2.538558425519602847e-03
-2.505435107404667058e-03
-2.472442031268232837e-03
-2.439575659714460828e-03
-2.406832518387057914e-03
-2.374209194083965434e-03
-2.341702332930243029e-03
-2.309308638608145031e-03
-2.277024870637603567e-03
-2.244847842711366736e-03
-2.212774421077954006e-03
-2.180801522972392829e-03
-2.148926115092754125e-03
-2.117145212121610172e-03
-2.085455875289021765e-03
-2.053855210976343430e-03
-2.022340369361220937e-03
-1.990908543097115891e-03
-1.959556966032329536e-03
-1.928282911963329852e-03
-1.897083693421064421e-03
-1.865956660490231730e-03
-1.834899199660647469e-03
-1.803908732708350924e-03
-1.772982715605359678e-03
-1.742118637458121627e-03
-1.711314019472686288e-03
-1.680566413946397867e-03
-1.649873403283363136e-03
-1.619232599035709454e-03
-1.588641640966725888e-03
-1.558098196137503322e-03
-1.527599958014543491e-03
-1.497144645597553447e-03
-1.466730002568729374e-03
-1.436353796460155879e-03
-1.406013817840222422e-03
-1.375707879517110935e-03
-1.345433815761635805e-03
-1.315189481543252133e-03
-1.284972751784365990e-03
-1.254781520630670038e-03
-1.224613700733025688e-03
-1.194467222546675804e-03
-1.164340033641793814e-03
-1.134230098028784703e-03
-1.104135395495431772e-03
-1.074053920954325114e-03
-1.043983683806246066e-03
-1.013922707309950627e-03
-9.838690279646193984e-04
-9.538206949032053709e-04
-9.237757692942399077e-04
-8.937323237530624999e-04
-8.636884417628585414e-04
-8.336422171026330701e-04
-8.035917532858360360e-04
-7.735351630026656182e-04
-7.434705675746725723e-04
-7.133960964123377876e-04
-6.833098864807882981e-04
-6.532100817723126510e-04
-6.230948327833568494e-04
-5.929622959989663778e-04
-5.628106333807783405e-04
-5.326380118609681455e-04
-5.024426028406058561e-04
-4.722225816920289695e-04
-4.419761272655941793e-04
-4.117014213999700342e-04
-3.813966484363915960e-04
-3.510599947345873720e-04
-3.206896481931487109e-04
-2.902837977723281369e-04
-2.598406330173752858e-04
-2.293583435864540829e-04
-1.988351187771912783e-04
-1.682691470586426320e-04
-1.376586156014764268e-04
-1.070017098076851908e-04
-7.629661284683166185e-05
-4.554150518648066416e-05
-1.473456412567810802e-05
1.612603667223278360e-05
4.704212764574739391e-05
7.801554380560895988e-05
1.090481252024153198e-04
1.401417173968546345e-04
1.712981719323609930e-04
2.025193468076559068e-04
2.338071069525547697e-04
2.651633247057922651e-04
2.965898802947013798e-04
3.280886623188415153e-04
3.596615682358250904e-04
3.913105048495694495e-04
4.230373888047366925e-04
4.548441470835995698e-04
4.867327175049576031e-04
5.187050492319527717e-04
5.507631032809144319e-04
5.829088530370177962e-04
6.151442847745301062e-04
6.474713981831398298e-04
6.798922068999295638e-04
7.124087390471313137e-04
7.450230377790514110e-04
7.777371618304239776e-04
8.105531860793064669e-04
8.434732021104078027e-04
8.764993187911330162e-04
9.096336628536048734e-04
9.428783794869961560e-04
9.762356329363138137e-04
1.009707607113383750e-03
1.043296506214750003e-03
1.077004555352510402e-03
1.110834001193806118e-03
1.144787112611511670e-03
1.178866181346017398e-03
1.213073522681507076e-03
1.247411476129070985e-03
1.281882406128581967e-03
1.316488702759700900e-03
1.351232782467228551e-03
1.386117088802735426e-03
1.421144093177693912e-03
1.456316295634140032e-03
1.491636225630943143e-03
1.527106442844629102e-03
1.562729537989598948e-03
1.598508133653459180e-03
1.634444885152091902e-03
1.670542481403554293e-03
1.706803645819604401e-03
1.743231137219955918e-03
1.779827750764162095e-03
1.816596318908858488e-03
1.853539712383316801e-03
1.890660841192273777e-03
1.927962655638010107e-03
1.965448147370429076e-03
2.003120350462169429e-03
2.040982342509835810e-03
2.079037245761157678e-03
2.117288228274085988e-03
2.155738505100629650e-03
2.194391339506028289e-03
2.233250044215447701e-03
2.272317982693727867e-03
2.311598570461675939e-03
2.351095276444908292e-03
2.390811624359104846e-03
2.430751194131215535e-03
2.470917623365369731e-03
2.511314608840256590e-03
2.551945908055955423e-03
2.592815340818744371e-03
2.633926790873747977e-03
2.675284207582160224e-03
2.716891607648187334e-03
2.758753076892521937e-03
2.800872772081724332e-03
2.843254922808841414e-03
2.885903833430384161e-03
2.928823885058567771e-03
2.972019537618310336e-03
3.015495331962190356e-03
3.059255892050746946e-03
3.103305927201742247e-03
3.147650234404567905e-03
3.192293700714925447e-03
3.237241305714345842e-03
3.282498124055031451e-03
3.328069328084108398e-03
3.373960190551199018e-03
3.420176087402477649e-03
3.466722500671378694e-03
3.513605021455486633e-03
3.560829353000262865e-03
3.608401313881114906e-03
3.656326841292504085e-03
3.704611994452019445e-03
3.753262958114089200e-03
3.802286046210584611e-03
3.851687705615157355e-03
3.901474520038066256e-03
3.951653214058350322e-03
4.002230657300671207e-03
4.053213868758185137e-03
4.104610021273680590e-03
4.156426446181469767e-03
4.208670638119904432e-03
4.261350260019857762e-03
4.314473148280711587e-03
4.368047318136787649e-03
4.422080969229366144e-03
4.476582491387032410e-03
4.531560470632044202e-03
4.587023695414889704e-03
4.642981163092301834e-03
4.699442086662782708e-03
4.756415901763435573e-03
4.813912273953294130e-03
4.871941106282464892e-03
4.930512547174673368e-03
4.989636998630085293e-03
5.049325124765611378e-03
5.109587860716083112e-03
5.170436421904901249e-03
5.231882313710527373e-03
5.293937341545833578e-03
5.356613621374390830e-03
5.419923590682673015e-03
5.483880019937943662e-03
5.548496024552054817e-03
5.613785077385394576e-03
5.679761021812543276e-03
5.746438085387457935e-03
5.813830894138253755e-03
5.881954487531101429e-03
5.950824334130047806e-03
6.020456348012216685e-03
6.090866905962174539e-03
6.162072865504023694e-03
6.234091583817601666e-03
6.306940937589341697e-03
6.380639343858692837e-03
6.455205781916714854e-03
6.530659816327047049e-03
6.607021621135041219e-03
6.684312005340762967e-03
6.762552439723232452e-03
6.841765085094251610e-03
6.921972822079711790e-03
7.003199282533310865e-03
7.085468882686935845e-03
7.168806858157837983e-03
7.253239300938811931e-03
7.338793198514293251e-03
7.425496475247253189e-03
7.513378036197337038e-03
7.602467813554966355e-03
7.692796815873031470e-03
7.784397180310816816e-03
7.877302228110512339e-03
7.971546523560165201e-03
8.067165936703150214e-03
8.164197710097307117e-03
8.262680529936183155e-03
8.362654601888411254e-03
8.464161732041832961e-03
8.567245413369431808e-03
8.671950918184692658e-03
8.778325397101103753e-03
8.886417985045445139e-03
8.996279914963840191e-03
9.107964639887944358e-03
9.221527964132883101e-03
9.337028184456929586e-03
9.454526242126630800e-03
9.574085886905730688e-03
9.695773854142093404e-03
9.819660056215977206e-03
9.945817789804191691e-03
1.007432396055067680e-02
1.020525932695066570e-02
1.033870876546932188e-02
1.047476155916141766e-02
1.061351171235979871e-02
1.075505829432198308e-02
1.089950581511128086e-02
1.104696463742115518e-02
1.119755142857225931e-02
1.135138965747973377e-02
1.150861014209049460e-02
1.166935165357445812e-02
1.183376158447669614e-02
1.200199668914577605e-02
1.217422390599356280e-02
1.235062127268473503e-02
1.253137894709724885e-02
1.271670034902074378e-02
1.290680344004928835e-02
1.310192216212801609e-02
1.330230805878352199e-02
1.350823210737953431e-02
1.371998679594418555e-02
