-2.254726953325037701e-03
-2.259656068840731370e-03
-2.264839877823094424e-03
-2.270288415076956393e-03
-2.276012213454023120e-03
-2.282022334821815976e-03
-2.288330403367988194e-03
-2.294948641448058078e-03
-2.301889908205978410e-03
-2.309167741220929677e-03
-2.316796401460676641e-03
-2.324790921851618668e-03
-2.333167159809607961e-03
-2.341941854113522258e-03
-2.351132686546055384e-03
-2.360758348774485548e-03
-2.370838614998456353e-03
-2.381394420953272025e-03
-2.392447949926803253e-03
-2.404022726527258944e-03
-2.416143719028852888e-03
-2.428837451224993664e-03
-2.442132124835297551e-03
-2.456057753646769762e-03
-2.470646310722497165e-03
-2.485931890187319509e-03
-2.501950885302726274e-03
-2.518742184776614178e-03
-2.536347389524176796e-03
-2.554811052409100645e-03
-2.574180943858435117e-03
-2.594508346668233326e-03
-2.615848383812326150e-03
-2.638260383646156854e-03
-2.661808287578876827e-03
-2.686561106088765014e-03
-2.712593429904527897e-03
-2.739986004298461571e-03
-2.768826375772508435e-03
-2.799209622011806196e-03
-2.831239177888068143e-03
-2.865027772587981462e-03
-2.900698495707713757e-03
-2.938386013505527288e-03
-2.978237960579128291e-03
-3.020416537213844749e-03
-3.065100348757444221e-03
-3.112486530912667807e-03
-3.162793214176719877e-03
-3.216262392292270830e-03
-3.273163274150197276e-03
-3.333796216952602566e-03
-3.398497361732005784e-03
-3.467644122039290327e-03
-3.541661714794054009e-03
-3.621030971700226701e-03
-3.706297734063570236e-03
-3.798084218557359459e-03
-3.897102853814154739e-03
-4.004173238061561543e-03
-4.120243071212371933e-03
-4.246414192351657610e-03
-4.383975236933717462e-03
-4.534442964041582314e-03
-4.699615063451754136e-03
-4.881638343409280822e-03
-5.083097792224050213e-03
-5.307134369427848365e-03
-5.557602953022225400e-03
-5.839287376109006215e-03
-6.158198169933917776e-03
-6.521992667104311789e-03
-6.940580444481695387e-03
-7.427017072236468710e-03
-7.998860146921164468e-03
-8.680292890462000185e-03
-9.505574998552162105e-03
-1.052490105772613260e-02
-1.181488402858779825e-02
-1.349856916838457904e-02
-1.578689144211220530e-02
-1.907420781774270616e-02
-2.419305005359052851e-02
-3.325676853358820045e-02
-5.366209048505678203e-02
-1.421172603749831509e-01
2.117519256347147882e-01
6.010766147366448930e-02
3.484181847831952644e-02
2.444406686072326390e-02
1.877710426364607998e-02
1.521274147718735398e-02
1.276540779609232346e-02
1.098227365497693453e-02
9.626142809872565570e-03
8.560753765640808505e-03
7.702253456846497315e-03
6.996211096632983309e-03
6.405754356825650239e-03
5.905017706233920555e-03
5.475320608028785840e-03
5.102834731162077600e-03
4.777104621054177602e-03
4.490078483868371363e-03
4.235455019420590952e-03
4.008232264558183114e-03
3.804389129690428570e-03
3.620656224169124110e-03
3.454348067754640754e-03
3.303238324808668684e-03
3.165465718629048748e-03
3.039462170769690642e-03
2.923897272357849769e-03
2.817634915001141979e-03
2.719699084202839047e-03
2.629246633736384564e-03
2.545545433521973280e-03
2.467956693091268722e-03
2.395920558507390677e-03
2.328944296687368576e-03
2.266592540621174129e-03
2.208479187965951135e-03
2.154260635059081566e-03
2.103630096406109221e-03
2.056312811770820079e-03
2.012061983172256166e-03
1.970655315320187905e-03
1.931892057458764467e-03
1.895590463839478927e-03
1.861585605302730484e-03
1.829727476613975026e-03
1.799879353953618474e-03
1.771916364822862574e-03
1.745724238996368416e-03
1.721198214337774698e-03
1.698242075534761152e-03
1.676767307292774140e-03
1.656692346400419607e-03
1.637941919459210555e-03
1.620446455048214166e-03
1.604141560746975229e-03
1.588967556821372154e-03
1.574869059540995840e-03
1.561794608075548277e-03
1.549696329747638629e-03
1.538529639122287063e-03
1.528252967012390211e-03
1.518827515989923469e-03
1.510217039430376829e-03
1.502387641492598618e-03
1.495307595758993760e-03
1.488947180539662227e-03
1.483278529084204600e-03
1.478275493153675263e-03
1.473913518585983056e-03
1.470169531645932476e-03
1.467021835087886639e-03
1.464450012979970784e-03
1.462434843443065693e-03
1.460958218550742656e-03
1.460003070716948438e-03
1.459553304969952656e-03
1.459593736574155750e-03
1.460110033516608032e-03
1.461088663424829105e-03
1.462516844526107543e-03
1.464382500297116852e-03
1.466674217487488364e-03
1.469381207231288625e-03
1.472493268988554153e-03
1.476000757082539337e-03
1.479894549621170886e-03
1.484166019610350540e-03
1.488807008084529118e-03
1.493809799095675069e-03
1.499167096416260860e-03
1.504872001824423839e-03
1.510917994851286930e-03
1.517298913880471990e-03
1.524008938499898111e-03
1.531042573013746732e-03
1.538394631030800099e-03
1.546060221052040747e-03
1.554034732986983754e-03
1.562313825533715025e-03
1.570893414363066067e-03
1.579769661052393562e-03
1.588938962717950524e-03
1.598397942300099810e-03
1.608143439457853166e-03
1.618172502033738986e-03
1.628482378052395702e-03
1.639070508219143919e-03
1.649934518887555572e-03
1.661072215467272045e-03
1.672481576245289083e-03
1.684160746596504105e-03
1.696108033560178065e-03
1.708321900761738477e-03
1.720800963659977530e-03
1.733543985101872187e-03
1.746549871167742130e-03
1.759817667291774679e-03
1.773346554642880966e-03
1.787135846752900244e-03
1.801184986379506881e-03
1.815493542592338085e-03
1.830061208071707881e-03
1.844887796609977985e-03
1.859973240806271850e-03
1.875317589946250965e-03
1.890921008058958500e-03
1.906783772143407375e-03
1.922906270558265079e-03
1.939289001568533788e-03
1.955932572043125178e-03
1.972837696298661379e-03
1.990005195084037018e-03
2.007435994701859197e-03
2.025131126262417515e-03
2.043091725066585249e-03
2.061319030114307574e-03
2.079814383736040481e-03
2.098579231343511778e-03
2.117615121298811482e-03
2.136923704898339993e-03
2.156506736470772262e-03
2.176366073587072091e-03
2.196503677381181352e-03
2.216921612980655119e-03
2.237622050046190157e-03
2.258607263419472148e-03
2.279879633879164282e-03
2.301441649004786101e-03
2.323295904148631359e-03
2.345445103515958647e-03
2.367892061354110074e-03
2.390639703251404551e-03
2.413691067546266250e-03
2.437049306848505965e-03
2.460717689673559867e-03
2.484699602191497124e-03
2.508998550092669463e-03
2.533618160571995872e-03
2.558562184434125426e-03
2.583834498322054758e-03
2.609439107071769709e-03
2.635380146196137762e-03
2.661661884500932194e-03
2.688288726836824283e-03
2.715265216990700274e-03
2.742596040720642492e-03
2.770286028938374976e-03
2.798340161044514818e-03
2.826763568420400958e-03
2.855561538082782708e-03
2.884739516505951604e-03
2.914303113617721167e-03
2.944258106975221161e-03
2.974610446127026308e-03
3.005366257168587407e-03
3.036531847498467104e-03
3.068113710782792783e-03
3.100118532136559874e-03
3.132553193530219788e-03
3.165424779430786421e-03
3.198740582687066829e-03
3.232508110669788260e-03
3.266735091676554147e-03
3.301429481614106490e-03
3.336599470969010307e-03
3.372253492080665681e-03
3.408400226728963960e-03
3.445048614051927395e-03
3.482207858807792860e-03
3.519887439997784490e-03
3.558097119866466661e-03
3.596846953297471675e-03
3.636147297623568315e-03
3.676008822870971155e-03
3.716442522459565117e-03
3.757459724380305191e-03
3.799072102875356363e-03
3.841291690644110194e-03
3.884130891603445983e-03
3.927602494229450424e-03
3.971719685511300793e-03
4.016496065548158523e-03
4.061945662824264190e-03
4.108082950196665153e-03
4.154922861634508663e-03
4.202480809750304760e-03
4.250772704165466272e-03
4.299814970757093527e-03
4.349624571833511817e-03
4.400219027290950234e-03
4.451616436806565130e-03
4.503835503126253637e-03
4.556895556510439337e-03
4.610816580403904845e-03
4.665619238401798492e-03
4.721324902587351047e-03
4.777955683322950703e-03
4.835534460581137305e-03
4.894084916908892496e-03
4.953631572123968867e-03
5.014199819850550729e-03
5.075815966007249033e-03
5.138507269370350301e-03
5.202301984342888770e-03
5.267229406070014427e-03
5.333319918052159894e-03
5.400605042416992824e-03
5.469117493025879573e-03
5.538891231600735765e-03
5.609961527074580276e-03
5.682365018381976482e-03
5.756139780924335141e-03
5.831325396962802957e-03
5.907963030211091891e-03
5.986095504923606703e-03
6.065767389797194209e-03
6.147025087031373833e-03
6.229916926919844972e-03
6.314493268378892042e-03
6.400806605849936395e-03
6.488911683053281455e-03
6.578865614110209446e-03
6.670728012595193886e-03
6.764561129130805539e-03
6.860429998191606982e-03
6.958402594843656787e-03
7.058550002212529012e-03
7.160946590546314605e-03
7.265670208820209502e-03
7.372802389919272566e-03
7.482428570535099369e-03
7.594638327021575527e-03
7.709525628576992598e-03
7.827189109255632340e-03
7.947732360462752416e-03
8.071264245754300459e-03
8.197899239951435268e-03
8.327757794789046944e-03
8.460966733551105595e-03
8.597659677410567428e-03
8.737977506484185392e-03
8.882068858945470213e-03
9.030090671911602043e-03
9.182208768240343599e-03
9.338598493848396243e-03
9.499445410698871203e-03
9.664946051214595713e-03
9.835308740564608840e-03
1.001075449405494297e-02
1.019151799775137521e-02
1.037784868148004629e-02
1.057001189452121126e-02
1.076829019564724300e-02
1.097298477069307346e-02
1.118441699261330663e-02
1.140293014102035721e-02
1.162889130055209941e-02
1.186269346015078954e-02
1.210475783850289630e-02
1.235553646458765337e-02
1.261551504658953334e-02
1.288521616748475491e-02
1.316520285153499961e-02
1.345608255290595134e-02
1.375851162587225437e-02
1.407320034583790097e-02
1.440091856201780596e-02
1.474250207647108228e-02
1.509885986076128610e-02
1.547098224143240303e-02
1.585995020950988973e-02
1.626694603832141983e-02
1.669326542929001900e-02
1.714033144853673724e-02
1.760971057010168178e-02
1.810313120688700553e-02
1.862250519130664167e-02
1.916995276835431819e-02
1.974783178991769070e-02
2.035877195800298370e-02
2.100571516579745335e-02
2.169196324216506044e-02
2.242123473472170878e-02
2.319773279281703987e-02
2.402622676711142075e-02
2.491215087197611033e-02
2.586172422358550688e-02
2.688209785911684427e-02
2.798153608776036971e-02
2.916964190564536735e-02
3.045763949273549639e-02
3.185873139885976590e-02
3.338855451901802385e-02
3.506576827494913007e-02
3.691282199455586666e-02
3.895696859079747498e-02
4.123162198066152029e-02
4.377820238027533423e-02
4.664868708626938865e-02
4.990920283064298468e-02
5.364519214034895594e-02
5.796902168597468930e-02
6.303149441138897191e-02
6.903982079689621743e-02
7.628671346031140610e-02
8.519956127531982948e-02
9.642795178836066627e-02
1.110096443410062694e-01
1.307114415255192230e-01
1.588057890997826849e-01
2.021088358350350278e-01
2.775579140588988469e-01
4.420884275666334684e-01
1.080881276996188189e+00
-2.452883149660979534e+00
-5.758220336774293457e-01
-3.266056608745699918e-01
-2.281436279306217063e-01
-1.754095440789168459e-01
-1.425498243826853195e-01
-1.201097586501480019e-01
-1.038109140657356988e-01
-9.143521776706406423e-02
-8.171797265597427473e-02
-7.388533137390090877e-02
-6.743722496617157725e-02
-6.203612678307128536e-02
-5.744597475375379930e-02
-5.349670959856677593e-02
-5.006271400523794324e-02
-4.704918529423468554e-02
-4.438323263822301079e-02
-4.200789223974436826e-02
-3.987800247935037457e-02
-3.795729786043025578e-02
-3.621632132348565070e-02
-3.463089811382293048e-02
-3.318100254039040020e-02
-3.184990447604777591e-02
-3.062351821936682567e-02
-2.948989987014431768e-02
-2.843885514681205456e-02
-2.746163033393209107e-02
-2.655066650353687593e-02
-2.569940239557751832e-02
-2.490211507740269781e-02
-2.415379019642890923e-02
-2.345001560636556653e-02
-2.278689359774382223e-02
-2.216096804415427710e-02
-2.156916358837780018e-02
-2.100873460928530390e-02
-2.047722218218901019e-02
-1.997241760909705677e-02
-1.949233137787393863e-02
-1.903516663029031220e-02
-1.859929639291925396e-02
-1.818324396265399295e-02
-1.778566594844298646e-02
-1.740533755884621919e-02
-1.704113979591634354e-02
-1.669204827332220267e-02
-1.635712342334596364e-02
-1.603550189557829617e-02
-1.572638898148598016e-02
-1.542905192488867872e-02
-1.514281399978437831e-02
-1.486704925475883753e-02
-1.460117783805652512e-02
-1.434466182981988629e-02
-1.409700151844528460e-02
-1.385773206680777567e-02
-1.362642052154647634e-02
-1.340266312492048931e-02
-1.318608289411343261e-02
-1.297632743745012925e-02
-1.277306698090698023e-02
-1.257599258166573405e-02
-1.238481450834689329e-02
-1.219926077005996368e-02
-1.201907577855747776e-02
-1.184401912965117078e-02
-1.167386449166689377e-02
-1.150839859012917597e-02
-1.134742027909220984e-02
-1.119073969061282203e-02
-1.103817745480023885e-02
-1.088956398370272832e-02
-1.074473881301704625e-02
-1.060354999624792474e-02
-1.046585354650311252e-02
-1.033151292161240721e-02
-1.020039854869829454e-02
-1.007238738471365885e-02
-9.947362509814417636e-03
-9.825212750737177120e-03
-9.705832331632843757e-03
-9.589120550046575583e-03
-9.474981475958408478e-03
-9.363323671990195912e-03
-9.254059933063865998e-03
-9.147107043950166230e-03
-9.042385553290602576e-03
-8.939819562800202166e-03
-8.839336530476422926e-03
-8.740867086737691069e-03
-8.644344862513420047e-03
-8.549706328387196574e-03
-8.456890643974293922e-03
-8.365839516780083918e-03
-8.276497069851375399e-03
-8.188809717587775677e-03
-8.102726049132093558e-03
-8.018196718805579298e-03
-7.935174343095766775e-03
-7.853613403745197605e-03
-7.773470156522709062e-03
-7.694702545292623000e-03
-7.617270121026068277e-03
-7.541133965425943393e-03
-7.466256618862193370e-03
-7.392602012335188280e-03
-7.320135403208092965e-03
-7.248823314465349318e-03
-7.178633477275479791e-03
-7.109534776648310586e-03
-7.041497199995012599e-03
-6.974491788411096155e-03
-6.908490590516427193e-03
-6.843466618695523938e-03
-6.779393807594650753e-03
-6.716246974741706122e-03
-6.654001783160930737e-03
-6.592634705868582329e-03
-6.532122992136873106e-03
-6.472444635427055531e-03
-6.413578342893629797e-03
-6.355503506372437231e-03
-6.298200174767024963e-03
-6.241649027758320971e-03
-6.185831350759543081e-03
-6.130729011053399208e-03
-6.076324435041854238e-03
-6.022600586552342636e-03
-5.969540946140752292e-03
-5.917129491339905532e-03
-5.865350677802726349e-03
-5.814189421292195563e-03
-5.763631080476632265e-03
-5.713661440485225639e-03
-5.664266697187407031e-03
-5.615433442157710155e-03
-5.567148648292045109e-03
-5.519399656042437742e-03
-5.472174160239279966e-03
-5.425460197472010970e-03
-5.379246134001066174e-03
-5.333520654174191827e-03
-5.288272749324297167e-03
-5.243491707123573535e-03
-5.199167101373799310e-03
-5.155288782211021707e-03
-5.111846866705616749e-03
-5.068831729838144118e-03
-5.026233995836120773e-03
-4.984044529850314639e-03
-4.942254429960751122e-03
-4.900855019492214235e-03
-4.859837839627841743e-03
-4.819194642307872423e-03
-4.778917383397726475e-03
-4.738998216117710008e-03
-4.699429484718587076e-03
-4.660203718394772404e-03
-4.621313625424459774e-03
-4.582752087525507508e-03
-4.544512154418678049e-03
-4.506587038591041219e-03
-4.468970110245691109e-03
-4.431654892437292617e-03
-4.394635056378864285e-03
-4.357904416916885681e-03
-4.321456928165441636e-03
-4.285286679294356138e-03
-4.249387890463647566e-03
-4.213754908898973556e-03
-4.178382205102524824e-03
-4.143264369193420428e-03
-4.108396107371964888e-03
-4.073772238504077409e-03
-4.039387690820055860e-03
-4.005237498723324824e-03
-3.971316799705117140e-03
-3.937620831360418190e-03
-3.904144928501698721e-03
-3.870884520366721284e-03
-3.837835127915982438e-03
-3.804992361216892865e-03
-3.772351916912242489e-03
-3.739909575767146662e-03
-3.707661200294706718e-03
-3.675602732455257940e-03
-3.643730191426665724e-03
-3.612039671443799480e-03
-3.580527339704546192e-03
-3.549189434338562415e-03
-3.518022262438251242e-03
-3.487022198148342998e-03
-3.456185680812437749e-03
-3.425509213175014292e-03
-3.394989359635295235e-03
-3.364622744552873187e-03
-3.334406050601620812e-03
-3.304336017172133239e-03
-3.274409438818546431e-03
-3.244623163749750169e-03
-3.214974092364076240e-03
-3.185459175822584650e-03
-3.156075414664818481e-03
-3.126819857459333003e-03
-3.097689599494378443e-03
-3.068681781500930995e-03
-3.039793588412451411e-03
-3.011022248155656965e-03
-2.982365030474341643e-03
-2.953819245783980731e-03
-2.925382244055096254e-03
-2.897051413726130925e-03
-2.868824180644028235e-03
-2.840698007030273940e-03
-2.812670390474858798e-03
-2.784738862952581065e-03
-2.756900989866036857e-03
-2.729154369109035999e-03
-2.701496630155565161e-03
-2.673925433167017619e-03
-2.646438468122917255e-03
-2.619033453970819048e-03
-2.591708137795231681e-03
-2.564460294006299518e-03
-2.537287723545554249e-03
-2.510188253110563761e-03
-2.483159734394654872e-03
-2.456200043344881900e-03
-2.429307079433860872e-03
-2.402478764948468709e-03
-2.375713044291892853e-03
-2.349007883300458996e-03
-2.322361268574000062e-03
-2.295771206819216537e-03
-2.269235724205514657e-03
-2.242752865733641660e-03
-2.216320694615241116e-03
-2.189937291664228666e-03
-2.163600754699129478e-03
-2.137309197955522197e-03
-2.111060751508658795e-03
-2.084853560705604569e-03
-2.058685785607389240e-03
-2.032555600438988586e-03
-2.006461193048758584e-03
-1.980400764375497141e-03
-1.954372527923759623e-03
-1.928374709246449825e-03
-1.902405545434748824e-03
-1.876463284614649646e-03
-1.850546185450732684e-03
-1.824652516655443646e-03
-1.798780556504273043e-03
-1.772928592357329858e-03
-1.747094920186313682e-03
-1.721277844105112420e-03
-1.695475675906915614e-03
-1.669686734605088652e-03
-1.643909345978439296e-03
-1.618141842120168761e-03
-1.592382560990923679e-03
-1.566629845976608149e-03
-1.540882045444086357e-03
-1.515137512308958878e-03
-1.489394603597329891e-03
-1.463651680014887990e-03
-1.437907105517131912e-03
-1.412159246880657915e-03
-1.386406473277784768e-03
-1.360647155851553436e-03
-1.334879667291795358e-03
-1.309102381413955463e-03
-1.283313672736610678e-03
-1.257511916060698870e-03
-1.231695486049323718e-03
-1.205862756806633240e-03
-1.180012101457763446e-03
-1.154141891727418490e-03
-1.128250497518721446e-03
-1.102336286490816081e-03
-1.076397623635240441e-03
-1.050432870851370631e-03
-1.024440386520270377e-03
-9.984185250768214809e-04
-9.723656365797170992e-04
-9.462800662789257883e-04
-9.201601541821632924e-04
-8.940042346162538345e-04
-8.678106357875199628e-04
-8.415776793385971316e-04
-8.153036799005124874e-04
-7.889869446428519895e-04
-7.626257728184371310e-04
-7.362184553052087549e-04
-7.097632741419265812e-04
-6.832585020604443893e-04
-6.567024020124843930e-04
-6.300932266909992779e-04
-6.034292180456006169e-04
-5.767086067927848503e-04
-5.499296119198309948e-04
-5.230904401812399088e-04
-4.961892855893318757e-04
-4.692243288980241234e-04
-4.421937370775331361e-04
-4.150956627827729825e-04
-3.879282438135215130e-04
-3.606896025646361831e-04
-3.333778454699511465e-04
-3.059910624338378626e-04
-2.785273262565068214e-04
-2.509846920466110923e-04
-2.233611966250357433e-04
-1.956548579173864044e-04
-1.678636743355325922e-04
-1.399856241472629756e-04
-1.120186648340638566e-04
-8.396073243639029515e-05
-5.580974088641166286e-05
-2.756358132598949601e-05
7.798785874148575492e-07
2.922279539108087881e-05
5.776735054073903197e-05
8.641575115172790006e-05
1.151702307535316765e-04
1.440330500638458723e-04
1.730064977778548140e-04
2.020928913762584656e-04
2.312945779516678048e-04
2.606139350543471359e-04
2.900533715566818750e-04
3.196153285406067024e-04
3.493022802028063895e-04
3.791167347857202045e-04
4.090612355286426562e-04
4.391383616433766450e-04
4.693507293142538429e-04
4.997009927236225474e-04
5.301918451035662894e-04
5.608260198141034290e-04
5.916062914502529836e-04
6.225354769782303656e-04
6.536164369007509134e-04
6.848520764551522221e-04
7.162453468418095159e-04
7.477992464884181643e-04
7.795168223465424873e-04
8.114011712262753518e-04
8.434554411659645531e-04
8.756828328427012937e-04
9.080866010214225237e-04
9.406700560453163957e-04
9.734365653701435462e-04
1.006389555142259314e-03
1.039532511822579674e-03
1.072868983860294926e-03
1.106402583413459940e-03
1.140136988122828062e-03
1.174075942938632242e-03
1.208223262003164629e-03
1.242582830589706927e-03
1.277158607102614951e-03
1.311954625137891697e-03
1.346974995609574732e-03
1.382223908940891869e-03
1.417705637326940795e-03
1.453424537067614158e-03
1.489385050975673089e-03
1.525591710864113854e-03
1.562049140111200669e-03
1.598762056311891014e-03
1.635735274016464390e-03
1.672973707558422134e-03
1.710482373977271825e-03
1.748266396040441383e-03
1.786331005366102037e-03
1.824681545652145518e-03
1.863323476017056564e-03
1.902262374455129064e-03
1.941503941410149510e-03
1.981054003477339832e-03
2.020918517231691525e-03
2.061103573194415436e-03
2.101615399938808453e-03
2.142460368345071135e-03
2.183644996007849757e-03
2.225175951802457405e-03
2.267060060621772354e-03
2.309304308283233881e-03
2.351915846620899683e-03
2.394901998765311835e-03
2.438270264624162187e-03
2.482028326566991169e-03
2.526184055328737146e-03
2.570745516138818465e-03
2.615720975086473568e-03
2.661118905732584496e-03
2.706947995983225060e-03
2.753217155229260513e-03
2.799935521772566049e-03
2.847112470547653092e-03
2.894757621154088207e-03
2.942880846212827389e-03
2.991492280065426689e-03
3.040602327827876279e-03
3.090221674820942815e-03
3.140361296393338192e-03
3.191032468154473417e-03
3.242246776642609442e-03
3.294016130444611581e-03
3.346352771794423864e-03
3.399269288670533559e-03
3.452778627421288632e-03
3.506894105942274902e-03
3.561629427436954071e-03
3.616998694787657703e-03
3.673016425573071876e-03
3.729697567762225822e-03
3.787057516123599078e-03
3.845112129386440286e-03
3.903877748196801431e-03
3.963371213907984462e-03
4.023609888255732896e-03
4.084611673962929013e-03
4.146395036328171142e-03
4.208979025853419077e-03
4.272383301967504210e-03
4.336628157911118567e-03
4.401734546846971380e-03
4.467724109269665539e-03
4.534619201787498319e-03
4.602442927361176557e-03
4.671219167082567292e-03
4.740972613588515482e-03
4.811728806208549931e-03
4.883514167949442805e-03
4.956356044435224900e-03
5.030282744916787611e-03
5.105323585490276206e-03
5.181508934654729080e-03
5.258870261365630218e-03
5.337440185739477337e-03
5.417252532587340554e-03
5.498342387958850622e-03
5.580746158898567191e-03
5.664501636627778877e-03
5.749648063386210775e-03
5.836226203179968423e-03
5.924278416707491265e-03
6.013848740752330592e-03
6.104982972357579987e-03
6.197728758122026532e-03
6.292135688984215082e-03
6.388255400892582821e-03
6.486141681793337888e-03
6.585850585401007914e-03
6.687440552264499981e-03
6.790972538672170392e-03
6.896510154001796351e-03
7.004119807165668128e-03
7.113870862860150086e-03
7.225835808394686158e-03
7.340090431948729892e-03
7.456714013175401445e-03
7.575789527164839866e-03
7.697403862871948603e-03
7.821648057220603745e-03
7.948617546208828002e-03
8.078412434480158541e-03
8.211137784957840344e-03
8.346903930311610001e-03
8.485826808198615803e-03
8.628028322423115376e-03
8.773636732384676798e-03
8.922787073433923605e-03
9.075621611035766118e-03
9.232290331954011789e-03
9.392951476030310734e-03
9.557772112523161764e-03
9.726928765425702991e-03
9.900608092689687501e-03
1.007900762485471405e-02
1.026233656923510040e-02
1.045081668655344770e-02
1.064468324775446825e-02
1.084418607968239308e-02
1.104959070940899832e-02
1.126117961823645992e-02
1.147925361784419077e-02
1.170413336268359174e-02
1.193616101462846232e-02
1.217570207806079573e-02
1.242314742611489928e-02
1.267891554171009932e-02
1.294345500042225032e-02
1.321724722619611880e-02
1.350080955552759865e-02
1.379469865117217975e-02
1.409951431279276614e-02
1.441590373945862008e-02
1.474456630776745103e-02
1.508625893985333574e-02
1.544180214803178575e-02
1.581208685772081401e-02
1.619808212810741957e-02
1.660084391146661106e-02
1.702152501788178202e-02
1.746138648344224692e-02
1.792181057807501476e-02
1.840431573570669443e-02
1.891057374656134049e-02
1.944242962182305551e-02
2.000192462817636935e-02
2.059132309848258832e-02
2.121314376108884847e-02
2.187019650194042819e-02
2.256562569132184934e-02
2.330296148480718449e-02
2.408618086485165774e-02
2.491978065125869529e-02
2.580886531099125386e-02
2.675925318952588824e-02
2.777760583585181173e-02
2.887158649836226582e-02
3.005005576800270223e-02
3.132331493897776153e-02
3.270341124043350117e-02
3.420452410258525977e-02
3.584345871825690005e-02
3.764028335919682861e-02
3.961916178777611514e-02
4.180945418649394812e-02
4.424719340126012646e-02
4.697709476192692135e-02
5.005533890352988069e-02
5.355349820134812366e-02
5.756419543825876811e-02
6.220945704461115777e-02
6.765338692546482569e-02
7.412201405425036804e-02
8.193554462530752702e-02
9.156311532919765572e-02
1.037207720742044786e-01
1.195585183180923605e-01
1.410477671433461033e-01
1.718741496920386802e-01
2.198182777924799214e-01
3.046302681361490738e-01
4.954310591627392180e-01
1.322036630376729249e+00
-1.985816020266582660e+00
-5.676568120638550985e-01
-3.313570819199568307e-01
-2.340551935755869062e-01
-1.809767533025340436e-01
-1.475525048810317486e-01
-1.245693245987457565e-01
-1.077942529501370039e-01
-9.501006006282999850e-02
-8.494303256180776862e-02
-7.680935355024444411e-02
-7.010023300226961296e-02
-6.447100853497067519e-02
-5.967990308785697112e-02
-5.555230049256378033e-02
-5.195893978264711638e-02
-4.880208726536396785e-02
-4.600647688424587545e-02
-4.351320483451007193e-02
-4.127551245583960943e-02
-3.925580945960450985e-02
-3.742353177091876232e-02
-3.575357316669657004e-02
-3.422511906028758571e-02
-3.282076706206629030e-02
-3.152585528279003985e-02
-3.032794329612209169e-02
-2.921640675958056543e-02
-2.818211767937978118e-02
-2.721718992765760278e-02
-2.631477498679862803e-02
-2.546889672367613419e-02
-2.467431676138233387e-02
-2.392642403578023463e-02
-2.322114361551557218e-02
-2.255486097632459705e-02
-2.192435875763679848e-02
-2.132676366521195702e-02
-2.075950167026195670e-02
-2.022026003106038375e-02
-1.970695495491997518e-02
-1.921770394684861605e-02
-1.875080207113703074e-02
-1.830470149476032260e-02
-1.787799379518482251e-02
-1.746939460635042046e-02
-1.707773025008685330e-02
-1.670192605975210146e-02
-1.634099615135312794e-02
-1.599403443703385080e-02
-1.566020670838498552e-02
-1.533874364387624069e-02
-1.502893461695678848e-02
-1.473012219987302265e-02
-1.444169727367521430e-02
-1.416309466782149709e-02
-1.389378926364754144e-02
-1.363329250513329802e-02
-1.338114926814448075e-02
-1.313693504591047223e-02
-1.290025341407791820e-02
-1.267073374347759372e-02
-1.244802913280626706e-02
-1.223181453695127568e-02
-1.202178506968582146e-02
-1.181765446207098946e-02
-1.161915366015699516e-02
-1.142602954750478184e-02
-1.123804377976554345e-02
-1.105497172000577399e-02
-1.087660146476633442e-02
-1.070273295195634661e-02
-1.053317714267261104e-02
-1.036775526989037848e-02
-1.020629814773836401e-02
-1.004864553572952512e-02
-9.894645552912308475e-03
-9.744154137432009880e-03
-9.597034547438673333e-03
-9.453156899709956595e-03
-9.312397742686643123e-03
-9.174639660979160352e-03
-9.039770908662519283e-03
-8.907685068940785628e-03
-8.778280738001438890e-03
-8.651461231070300961e-03
-8.527134308871834809e-03
-8.405211922858960363e-03
-8.285609977723255859e-03
-8.168248109841744556e-03
-8.053049480410613692e-03
-7.939940582154931398e-03
-7.828851058580976394e-03
-7.719713534825829032e-03
-7.612463459251497810e-03
-7.507038954991953304e-03
-7.403380680728302923e-03
-7.301431700032147420e-03
-7.201137358663949051e-03
-7.102445169268419359e-03
-7.005304702950944373e-03
-6.909667487257624419e-03
-6.815486910121138983e-03
-6.722718129374563936e-03
-6.631317987445595197e-03
-6.541244930906308513e-03
-6.452458934538794766e-03
-6.364921429634642913e-03
-6.278595236254624901e-03
-6.193444499187444191e-03
-6.109434627375554677e-03
-6.026532236595889824e-03
-5.944705095184917021e-03
-5.863922072621860493e-03
-5.784153090796162466e-03
-5.705369077798089217e-03
-5.627541924073026225e-03
-5.550644440806662416e-03
-5.474650320403062764e-03
-5.399534098935232507e-03
-5.325271120452779172e-03
-5.251837503038550570e-03
-5.179210106512358025e-03
-5.107366501693667848e-03
-5.036284941129162696e-03
-4.965944331201413431e-03
-4.896324205552894659e-03
-4.827404699739142047e-03
-4.759166527050304879e-03
-4.691590955441780203e-03
-4.624659785499106446e-03
-4.558355329402644096e-03
-4.492660390816929916e-03
-4.427558245674804993e-03
-4.363032623794095566e-03
-4.299067691292846050e-03
-4.235648033756056821e-03
-4.172758640122195203e-03
-4.110384887240005336e-03
-4.048512525077279170e-03
-3.987127662533628686e-03
-3.926216753838205134e-03
-3.865766585495330684e-03
-3.805764263752731136e-03
-3.746197202571558207e-03
-3.687053112064332672e-03
-3.628319987383121087e-03
-3.569986098038518962e-03
-3.512039977618747894e-03
-3.454470413902451659e-03
-3.397266439333853499e-03
-3.340417321849489807e-03
-3.283912556039773195e-03
-3.227741854624218733e-03
-3.171895140232531413e-03
-3.116362537469457954e-03
-3.061134365254787430e-03
-3.006201129423007913e-03
-2.951553515572677422e-03
-2.897182382147861848e-03
-2.843078753749321390e-03
-2.789233814655519596e-03
-2.735638902548928261e-03
-2.682285502434046155e-03
-2.629165240743908463e-03
-2.576269879616541886e-03
-2.523591311341294267e-03
-2.471121552961937258e-03
-2.418852741032204330e-03
-2.366777126511521341e-03
-2.314887069796771508e-03
-2.263175035885554159e-03
-2.211633589656420221e-03
-2.160255391267357737e-03
-2.109033191663949210e-03
-2.057959828188216621e-03
-2.007028220286433302e-03
-1.956231365306316562e-03
-1.905562334383862147e-03
-1.855014268408497133e-03
-1.804580374064107019e-03
-1.754253919939332065e-03
-1.704028232709937918e-03
-1.653896693374260103e-03
-1.603852733550284113e-03
-1.553889831825072503e-03
-1.504001510147232219e-03
-1.454181330269091292e-03
-1.404422890223099019e-03
-1.354719820835905645e-03
-1.305065782272137043e-03
-1.255454460604841192e-03
-1.205879564410366079e-03
-1.156334821378930330e-03
-1.106813974945281085e-03
-1.057310780923064169e-03
-1.007819004154053913e-03
-9.583324151527044220e-04
-9.088447867586172541e-04
-8.593498907734854926e-04
-8.098414946009083529e-04
-7.603133578648162139e-04
-7.107592290150040529e-04
-6.611728419096212471e-04
-6.115479123759556476e-04
-5.618781347412954083e-04
-5.121571783251836762e-04
-4.623786839027732229e-04
-4.125362601176334014e-04
-3.626234798544728487e-04
-3.126338765574859790e-04
-2.625609404893159901e-04
-2.123981149375333763e-04
-1.621387923459714255e-04
-1.117763103807042739e-04
-6.130394791732099100e-05
-1.071492094524778907e-05
3.999762161390092718e-05
9.084060218332232206e-05
1.418210189064318498e-04
1.929459501334327906e-04
2.442225590144121196e-04
2.956580982168208194e-04
3.472599147703856783e-04
3.990354550457418138e-04
4.509922698752804292e-04
5.031380198291580431e-04
5.554804806453153380e-04
6.080275488336396930e-04
6.607872474566297595e-04
7.137677320977163509e-04
7.669772970296704576e-04
8.204243815934444961e-04
8.741175767965276341e-04
9.280656321494933948e-04
9.822774627426639985e-04
1.036762156588770046e-03
1.091528982238381155e-03
1.146587396682160554e-03
1.201947053562318077e-03
1.257617811706228644e-03
1.313609743994776030e-03
1.369933146596668226e-03
1.426598548577268522e-03
1.483616721906798330e-03
1.540998691893036374e-03
1.598755748056963910e-03
1.656899455484055726e-03
1.715441666663975817e-03
1.774394533866919524e-03
1.833770522067320555e-03
1.893582422458457313e-03
1.953843366590071913e-03
2.014566841160991308e-03
2.075766703510372943e-03
2.137457197844710825e-03
2.199652972248753151e-03
2.262369096520111100e-03
2.325621080887250395e-03
2.389424895653650873e-03
2.453796991833229104e-03
2.518754322832178309e-03
2.584314367249708824e-03
2.650495152854884240e-03
2.717315281829293071e-03
2.784793957348027493e-03
2.852951011576532105e-03
2.921806935199365747e-03
2.991382908551533382e-03
3.061700834479120885e-03
3.132783373038247089e-03
3.204653978151915383e-03
3.277336936359184251e-03
3.350857407808827994e-03
3.425241469635075930e-03
3.500516161898257345e-03
3.576709536260713751e-03
3.653850707598617874e-03
3.731969908756333984e-03
3.811098548674258547e-03
3.891269274136018724e-03
3.972516035406213272e-03
4.054874156043555659e-03
4.138380407219017718e-03
4.223073086862783390e-03
4.308992104038485496e-03
4.396179068932572383e-03
4.484677388915064497e-03
4.574532371159043681e-03
4.665791332338696355e-03
4.758503715999124438e-03
4.852721218223267526e-03
4.948497922301954913e-03
5.045890443162624577e-03
5.144958082399417841e-03
5.245762994832783160e-03
5.348370367601366741e-03
5.452848612922058316e-03
5.559269575740362866e-03
5.667708757638050855e-03
5.778245558517051614e-03
5.890963537717749596e-03
6.005950696435819955e-03
6.123299783489461259e-03
6.243108626738226238e-03
6.365480492683713888e-03
6.490524477123082482e-03
6.618355930009272095e-03
6.749096918083336352e-03
6.882876729268287697e-03
7.019832423278975393e-03
7.160109433488687225e-03
7.303862225715521302e-03
7.451255020302090248e-03
7.602462584725572584e-03
7.757671104912185547e-03
7.917079144532705726e-03
8.080898702842080963e-03
8.249356383082691660e-03
8.422694685192792796e-03
8.601173438535666266e-03
8.785071392687441791e-03
8.974687987025923089e-03
9.170345323029318457e-03
9.372390366917849810e-03
9.581197414688094258e-03
9.797170856735776950e-03
1.002074828547993082e-02
1.025240399669380929e-02
1.049265294402781760e-02
1.074205521669310825e-02
1.100122112291744385e-02
1.127081697701521126e-02
1.155157170643801579e-02
1.184428441765430010e-02
1.214983308729275339e-02
1.246918457881121024e-02
1.280340622675544410e-02
1.315367928256585932e-02
1.352131458060951835e-02
1.390777086433511375e-02
1.431467631497425862e-02
1.474385395542123639e-02
1.519735176834113161e-02
1.567747858188026089e-02
1.618684705414492192e-02
1.672842545079727961e-02
1.730560038856248511e-02
1.792225335356110311e-02
1.858285465686341717e-02
1.929257964650091944e-02
2.005745357995072919e-02
2.088453375729742642e-02
2.178214059676145467e-02
2.276015371610699833e-02
2.383039540531004669e-02
2.500713314158612213e-02
2.630774661362720451e-02
2.775362571367573708e-02
2.937139851879037172e-02
3.119463996567515759e-02
3.326629607162953639e-02
3.564219952736021046e-02
3.839629638147434160e-02
4.162864121073217571e-02
4.547803725975363420e-02
5.014280745321296473e-02
5.591653099218706763e-02
6.325304222483124628e-02
7.289306408961412909e-02
8.613345998994985375e-02
1.054697979426407195e-01
1.363975556581049353e-01
1.938565917764814572e-01
3.378030364628337723e-01
1.360467773543104109e+00
-6.581150177672894230e-01
-2.627717418798167781e-01
-1.632471331297759010e-01
-1.178912202389045538e-01
-9.192424571494731134e-02
-7.509163503195454004e-02
-6.328617259876978540e-02
-5.454189905131497790e-02
-4.779960070061704119e-02
-4.243808525711621760e-02
-3.806897097848220557e-02
-3.443696011704247550e-02
-3.136732951574856820e-02
-2.873646426539738785e-02
-2.645444096476977369e-02
-2.445427871878806322e-02
-2.268505840197280327e-02
-2.110737798211716892e-02
-1.969026815334910113e-02
-1.840904865974218527e-02
-1.724380677654729910e-02
-1.617829699655044112e-02
-1.519913187503824439e-02
-1.429517793531904883e-02
-1.345709845360855070e-02
-1.267700307225479509e-02
-1.194817620271905814e-02
-1.126486428539494669e-02
-1.062210753465326132e-02
-1.001560567200687757e-02
-9.441609887908625209e-03
-8.896835232319842690e-03
-8.378389054071677666e-03
-7.883712149287560797e-03
-7.410530049406900688e-03
-6.956812455208002087e-03
-6.520739257714741263e-03
-6.100671917552055387e-03
-5.695129227934188181e-03
-5.302766682545235165e-03
-4.922358822165203915e-03
-4.552784053463295247e-03
-4.193011527692361989e-03
-3.842089741736716239e-03
-3.499136583610808898e-03
-3.163330592220827721e-03
-2.833903239649226274e-03
-2.510132075212401399e-03
-2.191334595713088744e-03
-1.876862726659218883e-03
-1.566097815843964236e-03
-1.258446054086037602e-03
-9.533342488503493070e-04
-6.502058852182607263e-04
-3.485174156324282249e-04
-4.773472529100326878e-05
2.526702758323109629e-04
5.532229804438093881e-04
8.544493751236649504e-04
1.156879338669428853e-03
1.461049991189068177e-03
1.767509138641213534e-03
2.076818859747774949e-03
2.389559285430395766e-03
2.706332625471298547e-03
3.027767502951181355e-03
3.354523664520713509e-03
3.687297143941238239e-03
4.026825967931358698e-03
4.373896507728960818e-03
4.729350597391733524e-03
5.094093561620116790e-03
5.469103322639633225e-03
5.855440788755619796e-03
6.254261768185262471e-03
6.666830702766831165e-03
7.094536579865752882e-03
7.538911460843539247e-03
8.001652165541738027e-03
8.484645780605934787e-03
8.989999823642486065e-03
9.520078106399102597e-03
1.007754361398965036e-02
1.066541007480685012e-02
1.128710436676299070e-02
1.194654253111942024e-02
1.264822300403250013e-02
1.339734181187357195e-02
1.419993603110513390e-02
1.506306396577598329e-02
1.599503351222676673e-02
1.700569446483614008e-02
1.810681668947165812e-02
1.931258512571696478e-02
2.064025602837956525e-02
2.211103925873942472e-02
2.375130302018073347e-02
2.559424745653339148e-02
2.768227478574654746e-02
3.007041940538316901e-02
3.283143558355140768e-02
3.606355914708631039e-02
3.990274024988134383e-02
4.454267117410142668e-02
5.026909285282736561e-02
5.752185828633760850e-02
6.701503731860512791e-02
7.999008244507312126e-02
9.881298749760490663e-02
1.286203894089678890e-01
1.830540543983917856e-01
3.142979232354101149e-01
1.076577873316904910e+00
-7.704754499486452524e-01
-2.856508365159382001e-01
-1.760001355486087993e-01
-1.275029549968895171e-01
-1.001396490181320209e-01
-8.255676604516744288e-02
-7.029820971306757760e-02
-6.125806804098283403e-02
-5.431171668543591236e-02
-4.880389070313454619e-02
-4.432695884285289822e-02
-4.061403969969608341e-02
-3.748307872756034831e-02
-3.480562579971030468e-02
-3.248845778084710062e-02
-3.046227648998563187e-02
-2.867449561808859543e-02
-2.708448885306782503e-02
-2.566037216531188297e-02
-2.437677189813282352e-02
-2.321324342434392951e-02
-2.215312938341273963e-02
-2.118272125093368513e-02
-2.029063420890226538e-02
-1.946733458260936633e-02
-1.870477810107207955e-02
-1.799612979969487936e-02
-1.733554484703021120e-02
-1.671799537599098773e-02
-1.613913243432292879e-02
-1.559517501645173512e-02
-1.508282017470944508e-02
-1.459916968154518352e-02
-1.414166979303172443e-02
-1.370806146194247441e-02
-1.329633894481378059e-02
-1.290471519696138533e-02
-1.253159279120283354e-02
-1.217553935821729001e-02
-1.183526674895426026e-02
-1.150961327714074799e-02
-1.119752852342867019e-02
-1.089806028011198330e-02
-1.061034329264824543e-02
-1.033358951586847360e-02
-1.006707965233314545e-02
-9.810155780142746501e-03
-9.562214909979011718e-03
-9.322703337498280951e-03
-9.091111678793461354e-03
-8.866970494428444427e-03
-8.649846422174629554e-03
-8.439338750740699863e-03
-8.235076376901117115e-03
-8.036715096846154191e-03
-7.843935189705057015e-03
-7.656439257056993873e-03
-7.473950287364310337e-03
-7.296209918417321041e-03
-7.122976874576362333e-03
-6.954025558578191477e-03
-6.789144780368659010e-03
-6.628136607630319074e-03
-6.470815324613374796e-03
-6.317006487537023783e-03
-6.166546066249048962e-03
-6.019279663089975932e-03
-5.875061800953835373e-03
-5.733755273504873365e-03
-5.595230551278368956e-03
-5.459365238136349059e-03
-5.326043573159112976e-03
-5.195155973585880230e-03
-5.066598614899093730e-03
-4.940273044584130024e-03
-4.816085826415595142e-03
-4.693948212513798096e-03
-4.573775840643543034e-03
-4.455488454520754003e-03
-4.339009645101946262e-03
-4.224266611020066967e-03
-4.111189936542535700e-03
-3.999713385560649606e-03
-3.889773710260043503e-03
-3.781310473267036204e-03
-3.674265882166356800e-03
-3.568584635372350732e-03
-3.464213778491755276e-03
-3.361102570278002698e-03
-3.259202357503577195e-03
-3.158466458000706335e-03
-3.058850051272652033e-03
-2.960310076098106834e-03
-2.862805134611053591e-03
-2.766295402355304668e-03
-2.670742543899361134e-03
-2.576109633587493272e-03
-2.482361081074415613e-03
-2.389462561286945924e-03
-2.297380948503431088e-03
-2.206084254275879515e-03
-2.115541568915969318e-03
-2.025723006286969316e-03
-1.936599651715641525e-03
-1.848143512766210793e-03
-1.760327472722573875e-03
-1.673125246572054140e-03
-1.586511339342398883e-03
-1.500461006636865996e-03
-1.414950217199910289e-03
-1.329955617430969919e-03
-1.245454497660794958e-03
-1.161424760141770585e-03
-1.077844888576480736e-03
-9.946939191527895234e-04
-9.119514129429965666e-04
-8.295974296025721093e-04
-7.476125022842080789e-04
-6.659776136970156201e-04
-5.846741732239866748e-04
-5.036839950561945549e-04
-4.229892772599113445e-04
-3.425725817282673086e-04
-2.624168149670215097e-04
-1.825052096554489415e-04
-1.028213069365899787e-04
-2.334893940428273661e-05
5.592778529247850045e-05
1.350245002055766932e-04
2.139565943187124713e-04
2.927392272100896951e-04
3.713873432528863334e-04
4.499156853262783161e-04
5.283388081140196531e-04
6.066710909781026888e-04
6.849267504728455240e-04
7.631198524949360084e-04
8.412643241191102277e-04
9.193739651142879884e-04
9.974624591971631080e-04
1.075543385013761526e-03
1.153630226895059055e-03
1.231736385377373661e-03
1.309875187548871240e-03
1.388059897189778931e-03
1.466303724765823926e-03
1.544619837277936983e-03
1.623021367975461616e-03
1.701521425960084372e-03
1.780133105698234386e-03
1.858869496447945659e-03
1.937743691626788627e-03
2.016768798119078152e-03
2.095957945565190238e-03
2.175324295610109055e-03
2.254881051168832438e-03
2.334641465670464142e-03
2.414618852356931883e-03
2.494826593601529811e-03
2.575278150269206222e-03
2.655987071169222703e-03
2.736967002560788259e-03
2.818231697771374569e-03
2.899795026912499289e-03
2.981670986730518974e-03
3.063873710583332570e-03
3.146417478585466707e-03
3.229316727914073072e-03
3.312586063302569959e-03
3.396240267745213176e-03
3.480294313407634142e-03
3.564763372788022112e-03
3.649662830133349779e-03
3.735008293113748282e-03
3.820815604813899459e-03
3.907100856013953454e-03
3.993880397835799893e-03
4.081170854703603315e-03
4.168989137725589295e-03
4.257352458447537583e-03
4.346278343044799458e-03
4.435784646966443000e-03
4.525889570059930637e-03
4.616611672191583277e-03
4.707969889418997869e-03
4.799983550720378876e-03
4.892672395325095396e-03
4.986056590682593978e-03
5.080156751098890283e-03
5.174993957074902097e-03
5.270589775405818550e-03
5.366966280053959114e-03
5.464146073872689670e-03
5.562152311193244679e-03
5.661008721365087815e-03
5.760739633254508690e-03
5.861370000803659518e-03
5.962925429673710670e-03
6.065432205059295007e-03
6.168917320717717465e-03
6.273408509308828901e-03
6.378934274096180815e-03
6.485523922108354933e-03
6.593207598823029592e-03
6.702016324500039562e-03
6.811982032206093107e-03
6.923137607693703732e-03
7.035516931186403498e-03
7.149154921227578174e-03
7.264087580698984359e-03
7.380352045138535017e-03
7.497986633511603306e-03
7.617030901563648718e-03
7.737525697955970234e-03
7.859513223302031643e-03
7.983037092339606566e-03
8.108142399424327421e-03
8.234875787521803853e-03
8.363285520983608501e-03
8.493421562314064366e-03
8.625335653204200398e-03
8.759081400111494442e-03
8.894714364705361143e-03
9.032292159483479299e-03
9.171874548925472784e-03
9.313523556595796130e-03
9.457303578533967497e-03
9.603281503464022179e-03
9.751526840241615812e-03
9.902111853098818917e-03
1.005511170522054715e-02
1.021060461128549257e-02
1.036867199964006982e-02
1.052939868478417786e-02
1.069287305101961072e-02
1.085918724802448915e-02
1.102843739936635800e-02
1.120072382488705373e-02
1.137615127811441099e-02
