8.077601073559759204e-05
1.127913549608190909e-04
1.454976271138251360e-04
1.789196391322519369e-04
2.130834183743078331e-04
2.480162830118411675e-04
2.837469231062722790e-04
3.203054878734602762e-04
3.577236796958227407e-04
3.960348554983017261e-04
4.352741361699679137e-04
4.754785247862976325e-04
5.166870344690431202e-04
5.589408268130418179e-04
6.022833619129146828e-04
6.467605611399581973e-04
6.924209839514060445e-04
7.393160201640579850e-04
7.875000992935128705e-04
8.370309187528096172e-04
8.879696929227980876e-04
9.403814253559101156e-04
9.943352066595324227e-04
1.049904540930415853e-03
1.107167703984595925e-03
1.166208137055519886e-03
1.227114880126229345e-03
1.289983049629929478e-03
1.354914365910917266e-03
1.422017736600138986e-03
1.491409902944780541e-03
1.563216157163104013e-03
1.637571140099989327e-03
1.714619729869937834e-03
1.794518033830382444e-03
1.877434498180325425e-03
1.963551151784522896e-03
2.053065003556103080e-03
2.146189615979769531e-03
2.243156881234531150e-03
2.344219031016594925e-03
2.449650916742037148e-03
2.559752603538678877e-03
2.674852329588818176e-03
2.795309892300209143e-03
2.921520534896198448e-03
3.053919421883120877e-03
3.192986810186097119e-03
3.339254045465873087e-03
3.493310541438364968e-03
3.655811935483934804e-03
3.827489658523914543e-03
4.009162213803631192e-03
4.201748531524849249e-03
4.406283859167870083e-03
4.623938767562780008e-03
4.856042009542634562e-03
5.104108174118144811e-03
5.369871352429218640e-03
5.655326397519994802e-03
5.962779854373526436e-03
6.294913311905890943e-03
6.654862861399217684e-03
7.046319650093823064e-03
7.473658366333359691e-03
7.942103147567668858e-03
8.457944276519351046e-03
9.028824779339349529e-03
9.664124727678982674e-03
1.037548444512484749e-02
1.117752894687777145e-02
1.208889009436784137e-02
1.313367970043453556e-02
1.434366411316359211e-02
1.576156358446658551e-02
1.744621920578037777e-02
1.948098917857872189e-02
2.198800294802970637e-02
2.515366860006744767e-02
2.927736880125446362e-02
3.487233095992465365e-02
4.289806716272907827e-02
5.538021400542022382e-02
7.746077203314791215e-02
1.271367430818496347e-01
3.423851410339819878e-01
-5.185871587518312564e-01
-1.495929247208830082e-01
-8.809031118968257967e-02
-6.276317324506772155e-02
-4.894640677658738254e-02
-4.024535514061745867e-02
-3.426202207677711553e-02
-2.989462550292466825e-02
-2.656604145658311711e-02
-2.394473062694413290e-02
-2.182666881071577275e-02
-2.007941923331166625e-02
-1.861326665011081571e-02
-1.736527647700253016e-02
-1.628999594987075999e-02
-1.535377820895430893e-02
-1.453118293770881871e-02
-1.380261816068141349e-02
-1.315275102033908010e-02
-1.256941006621738709e-02
-1.204281040020203225e-02
-1.156499607079609915e-02
-1.112943182606560347e-02
-1.073069954531655559e-02
-1.036426931871999545e-02
-1.002632460261569138e-02
-9.713627112246808054e-03
-9.423411300026432111e-03
-9.153301127128150860e-03
-8.901243820465786979e-03
-8.665456703953263937e-03
-8.444384189396070967e-03
-8.236662732032107304e-03
-8.041092081484265200e-03
-7.856611547081282509e-03
-7.682280286005473309e-03
-7.517260840646547600e-03
-7.360805317021469618e-03
-7.212243722815944377e-03
-7.070974081358417235e-03
-6.936454013815615202e-03
-6.808193541359356359e-03
-6.685748905894636253e-03
-6.568717245064567556e-03
-6.456731986849047200e-03
-6.349458852806600176e-03
-6.246592378138212179e-03
-6.147852872249026136e-03
-6.052983756099942700e-03
-5.961749222957420449e-03
-5.873932177625291323e-03
-5.789332416233040554e-03
-5.707765014444882851e-03
-5.629058896769020305e-03
-5.553055563663191092e-03
-5.479607956498831582e-03
-5.408579443273398187e-03
-5.339842910345704227e-03
-5.273279947485844631e-03
-5.208780115243185314e-03
-5.146240285092050504e-03
-5.085564044058283814e-03
-5.026661156592928704e-03
-4.969447077372493929e-03
-4.913842509490428875e-03
-4.859773003181189210e-03
-4.807168590804027780e-03
-4.755963454320629065e-03
-4.706095621941222031e-03
-4.657506690996975410e-03
-4.610141574431155312e-03
-4.563948268593265647e-03
-4.518877640276655616e-03
-4.474883231164262024e-03
-4.431921078044714045e-03
-4.389949547334670403e-03
-4.348929182596571186e-03
-4.308822563876519608e-03
-4.269594177807056225e-03
-4.231210297525518985e-03
-4.193638871553662974e-03
-4.156849420867664291e-03
-4.120812943463020989e-03
-4.085501825784908399e-03
-4.050889760454944033e-03
-4.016951669777999931e-03
-3.983663634560940386e-03
-3.951002827817624678e-03
-3.918947452973601218e-03
-3.887476686217731028e-03
-3.856570622680076908e-03
-3.826210226142589925e-03
-3.796377282015323505e-03
-3.767054353333138504e-03
-3.738224739549146809e-03
-3.709872437919531710e-03
-3.681982107291650701e-03
-3.654539034122618844e-03
-3.627529100569807687e-03
-3.600938754507332189e-03
-3.574754981334010880e-03
-3.548965277449620849e-03
-3.523557625284706035e-03
-3.498520469779563963e-03
-3.473842696214531761e-03
-3.449513609302266165e-03
-3.425522913458788066e-03
-3.401860694176569999e-03
-3.378517400428372036e-03
-3.355483828036137303e-03
-3.332751103943223936e-03
-3.310310671333947102e-03
-3.288154275546999877e-03
-3.266273950734090506e-03
-3.244662007218089561e-03
-3.223311019508422193e-03
-3.202213814933721828e-03
-3.181363462855643989e-03
-3.160753264428800557e-03
-3.140376742875152297e-03
-3.120227634242973835e-03
-3.100299878622238270e-03
-3.080587611790412683e-03
-3.061085157264421819e-03
-3.041787018735614412e-03
-3.022687872866493958e-03
-3.003782562429366948e-03
-2.985066089767684366e-03
-2.966533610562850642e-03
-2.948180427890086108e-03
-2.930001986546908188e-03
-2.911993867641446410e-03
-2.894151783424579738e-03
-2.876471572355557282e-03
-2.858949194386395387e-03
-2.841580726456571782e-03
-2.824362358183951649e-03
-2.807290387745187132e-03
-2.790361217933412519e-03
-2.773571352386650091e-03
-2.756917391975657883e-03
-2.740396031346042927e-03
-2.724004055605321051e-03
-2.707738337148456187e-03
-2.691595832615217843e-03
-2.675573579972771732e-03
-2.659668695717747749e-03
-2.643878372191672127e-03
-2.628199875005111236e-03
-2.612630540564892662e-03
-2.597167773699657345e-03
-2.581809045379274137e-03
-2.566551890524234464e-03
-2.551393905899850684e-03
-2.536332748092562372e-03
-2.521366131564018939e-03
-2.506491826779453508e-03
-2.491707658407341791e-03
-2.477011503586954572e-03
-2.462401290260882517e-03
-2.447874995569728276e-03
-2.433430644306185109e-03
-2.419066307426132392e-03
-2.404780100613988086e-03
-2.390570182900265961e-03
-2.376434755329070309e-03
-2.362372059673436067e-03
-2.348380377196156860e-03
-2.334458027455068793e-03
-2.320603367149835783e-03
-2.306814789009478325e-03
-2.293090720718492931e-03
-2.279429623879889941e-03
-2.265829993014225122e-03
-2.252290354592513880e-03
-2.238809266102022820e-03
-2.225385315143762512e-03
-2.212017118559991835e-03
-2.198703321590911655e-03
-2.185442597059298817e-03
-2.172233644582124631e-03
-2.159075189807556708e-03
-2.145965983677344986e-03
-2.132904801712578839e-03
-2.119890443322833447e-03
-2.106921731136898734e-03
-2.093997510355304244e-03
-2.081116648122856641e-03
-2.068278032921115270e-03
-2.055480573979752770e-03
-2.042723200706138102e-03
-2.030004862132610277e-03
-2.017324526380510387e-03
-2.004681180140887795e-03
-1.992073828170302756e-03
-1.979501492802712530e-03
-1.966963213474972466e-03
-1.954458046267244439e-03
-1.941985063456578772e-03
-1.929543353083746846e-03
-1.917132018532484352e-03
-1.904750178121565433e-03
-1.892396964707852413e-03
-1.880071525301303843e-03
-1.867773020690704448e-03
-1.855500625080001593e-03
-1.843253525735118626e-03
-1.831030922640209443e-03
-1.818832028163846082e-03
-1.806656066734302780e-03
-1.794502274523672360e-03
-1.782369899140761205e-03
-1.770258199332035067e-03
-1.758166444691003447e-03
-1.746093915375003438e-03
-1.734039901829743414e-03
-1.722003704520930906e-03
-1.709984633673215359e-03
-1.697982009015456140e-03
-1.685995159533250354e-03
-1.674023423227052540e-03
-1.662066146877115309e-03
-1.650122685813933815e-03
-1.638192403694652480e-03
-1.626274672285198900e-03
-1.614368871247305343e-03
-1.602474387931475137e-03
-1.590590617174264185e-03
-1.578716961101172146e-03
-1.566852828933660517e-03
-1.554997636801128992e-03
-1.543150807557365674e-03
-1.531311770600903878e-03
-1.519479961700064864e-03
-1.507654822821816957e-03
-1.495835801964331361e-03
-1.484022352993660549e-03
-1.472213935484096431e-03
-1.460410014561644952e-03
-1.448610060751510074e-03
-1.436813549828580561e-03
-1.425019962671153755e-03
-1.413228785118041640e-03
-1.401439507828354438e-03
-1.389651626144602740e-03
-1.377864639958279423e-03
-1.366078053578544550e-03
-1.354291375603323706e-03
-1.342504118793157609e-03
-1.330715799947505048e-03
-1.318925939783476171e-03
-1.307134062816914591e-03
-1.295339697245796642e-03
-1.283542374835908335e-03
-1.271741630808388875e-03
-1.259937003729727067e-03
-1.248128035403551009e-03
-1.236314270764287586e-03
-1.224495257772939202e-03
-1.212670547314517819e-03
-1.200839693097261428e-03
-1.189002251553661349e-03
-1.177157781742967958e-03
-1.165305845255483605e-03
-1.153446006118266512e-03
-1.141577830702348445e-03
-1.129700887631599274e-03
-1.117814747692581637e-03
-1.105918983746196488e-03
-1.094013170640357980e-03
-1.082096885123977207e-03
-1.070169705762258469e-03
-1.058231212853101870e-03
-1.046280988344583385e-03
-1.034318615753639266e-03
-1.022343680085813396e-03
-1.010355767755918410e-03
-9.983544665096049427e-04
-9.863393653462241163e-04
-9.743100544419938148e-04
-9.622661250749261434e-04
-9.502071695495462825e-04
-9.381327811232604164e-04
-9.260425539329530768e-04
-9.139360829226632690e-04
-9.018129637718640644e-04
-8.896727928241719707e-04
-8.775151670170578885e-04
-8.653396838121587154e-04
-8.531459411256323185e-04
-8.409335372599503755e-04
-8.287020708353444887e-04
-8.164511407223306455e-04
-8.041803459745463633e-04
-7.918892857618595356e-04
-7.795775593042071627e-04
-7.672447658054640067e-04
-7.548905043880489371e-04
-7.425143740276086892e-04
-7.301159734880724190e-04
-7.176949012569096547e-04
-7.052507554813015802e-04
-6.927831339031231654e-04
-6.802916337959243488e-04
-6.677758519006327283e-04
-6.552353843622229276e-04
-6.426698266664265108e-04
-6.300787735762205036e-04
-6.174618190687628221e-04
-6.048185562724846948e-04
-5.921485774037667498e-04
-5.794514737040709022e-04
-5.667268353770661682e-04
-5.539742515253433513e-04
-5.411933100876594686e-04
-5.283835977757229095e-04
-5.155447000111483807e-04
-5.026762008620013714e-04
-4.897776829796544364e-04
-4.768487275351037617e-04
-4.638889141553475311e-04
-4.508978208594487894e-04
-4.378750239947299273e-04
-4.248200981721308132e-04
-4.117326162018722369e-04
-3.986121490286141135e-04
-3.854582656662435425e-04
-3.722705331327636966e-04
-3.590485163841358046e-04
-3.457917782484164725e-04
-3.324998793590742616e-04
-3.191723780884723680e-04
-3.058088304801428493e-04
-2.924087901812204467e-04
-2.789718083742336908e-04
-2.654974337081502950e-04
-2.519852122294880328e-04
-2.384346873122293077e-04
-2.248453995877979558e-04
-2.112168868737820601e-04
-1.975486841025622230e-04
-1.838403232492552726e-04
-1.700913332586841391e-04
-1.563012399721879202e-04
-1.424695660528453242e-04
-1.285958309113644643e-04
-1.146795506295117308e-04
-1.007202378841614773e-04
-8.671740186992431786e-05
-7.267054822101062794e-05
-5.857917893216076435e-05
-4.444279227865371301e-05
-3.026088273590569165e-05
-1.603294089744505130e-05
-1.758453392080965016e-06
1.256309719953200080e-05
2.693223242977217137e-05
4.134947806992477978e-05
5.581536419694307742e-05
7.033042528171670228e-05
8.489520027808749626e-05
9.951023271322469513e-05
1.141760707792840307e-04
1.288932674263143160e-04
1.436623804562822768e-04
1.584839726187082902e-04
1.733586117073316821e-04
1.882868706584507916e-04
2.032693276505264561e-04
2.183065662053816592e-04
2.333991752907292171e-04
2.485477494245422843e-04
2.637528887805999167e-04
2.790151992962038594e-04
2.943352927807140135e-04
3.097137870270349948e-04
3.251513059237421538e-04
3.406484795694310775e-04
3.562059443890574703e-04
3.718243432519783643e-04
3.875043255920111382e-04
4.032465475291663283e-04
4.190516719944267212e-04
4.349203688551215663e-04
4.508533150437127714e-04
4.668511946879912123e-04
4.829146992441802223e-04
4.990445276316300390e-04
5.152413863705281776e-04
5.315059897214928454e-04
5.478390598282510205e-04
5.642413268621950190e-04
5.807135291700437837e-04
5.972564134239684557e-04
6.138707347746318477e-04
6.305572570066116447e-04
6.473167526974200111e-04
6.641500033785266953e-04
6.810577997006756834e-04
6.980409416008844263e-04
7.151002384736815376e-04
7.322365093450314711e-04
7.494505830501214504e-04
7.667432984138184641e-04
7.841155044353918368e-04
8.015680604765375219e-04
8.191018364528475544e-04
8.367177130292611283e-04
8.544165818199175345e-04
8.721993455907946311e-04
8.900669184675758785e-04
9.080202261472909405e-04
9.260602061137829764e-04
9.441878078585246286e-04
9.624039931048788445e-04
9.807097360380293179e-04
9.991060235387376216e-04
1.017593855422802051e-03
1.036174244684555336e-03
1.054848217746640103e-03
1.073616814713942470e-03
1.092481089633681951e-03
1.111442110760554403e-03
1.130500960828255928e-03
1.149658737325665384e-03
1.168916552780206036e-03
1.188275535046622814e-03
1.207736827602600002e-03
1.227301589850097237e-03
1.246970997424076515e-03
1.266746242507710545e-03
1.286628534154797814e-03
1.306619098619038032e-03
1.326719179690885294e-03
1.346930039042296178e-03
1.367252956578789928e-03
1.387689230799761574e-03
1.408240179167045188e-03
1.428907138481841539e-03
1.449691465270634867e-03
1.470594536179519601e-03
1.491617748378208565e-03
1.512762519973135256e-03
1.534030290430764320e-03
1.555422521010089553e-03
1.576940695206038336e-03
1.598586319203338822e-03
1.620360922341229377e-03
1.642266057588802515e-03
1.664303302032570618e-03
1.686474257375762502e-03
1.708780550448875521e-03
1.731223833734344200e-03
1.753805785902258626e-03
1.776528112361008393e-03
1.799392545820129898e-03
1.822400846868291267e-03
1.845554804564879465e-03
1.868856237047614296e-03
1.892306992153524117e-03
1.915908948058362739e-03
1.939664013929559994e-03
1.963574130598207210e-03
1.987641271246612037e-03
2.011867442114800581e-03
2.036254683224624808e-03
2.060805069122819636e-03
2.085520709644447801e-03
2.110403750694750998e-03
2.135456375053312178e-03
2.160680803198579587e-03
2.186079294154857217e-03
2.211654146361811089e-03
2.237407698567383044e-03
2.263342330744986305e-03
2.289460465035647249e-03
2.315764566715624619e-03
2.342257145191276903e-03
2.368940755020299688e-03
2.395817996962347051e-03
2.422891519058167908e-03
2.450164017739358928e-03
2.477638238968927868e-03
2.505316979415069499e-03
2.533203087656173483e-03
2.561299465423291875e-03
2.589609068874988707e-03
2.618134909911223451e-03
2.646880057524754817e-03
2.675847639190702398e-03
2.705040842298949040e-03
2.734462915626116163e-03
2.764117170853075140e-03
2.794006984126662894e-03
2.824135797667620511e-03
2.854507121427627553e-03
2.885124534796227463e-03
2.915991688357661826e-03
2.947112305704831237e-03
2.978490185304733234e-03
3.010129202424329312e-03
3.042033311114356042e-03
3.074206546255822594e-03
3.106653025669641778e-03
3.139376952293147262e-03
3.172382616425370883e-03
3.205674398043215079e-03
3.239256769191811193e-03
3.273134296452194416e-03
3.307311643487794578e-03
3.341793573674050992e-03
3.376584952813821948e-03
3.411690751941810242e-03
3.447116050221805082e-03
3.482866037939951788e-03
3.518946019597589403e-03
3.555361417108461423e-03
3.592117773103763005e-03
3.629220754348522725e-03
3.666676155276274700e-03
3.704489901643546329e-03
3.742668054311153875e-03
3.781216813157310154e-03
3.820142521126975235e-03
3.859451668423141343e-03
3.899150896847426717e-03
3.939247004294016419e-03
3.979746949405062531e-03
4.020657856393532875e-03
4.061987020040166985e-03
4.103741910873469692e-03
4.145930180538837280e-03
4.188559667366506360e-03
4.231638402144954729e-03
4.275174614111287505e-03
4.319176737166253478e-03
4.363653416323351117e-03
4.408613514405738953e-03
4.454066118996664533e-03
4.500020549661226665e-03
4.546486365444849485e-03
4.593473372667883359e-03
4.640991633024040865e-03
4.689051472001340426e-03
4.737663487637375388e-03
4.786838559625638222e-03
4.836587858790525503e-03
4.886922856946588484e-03
4.937855337161319372e-03
4.989397404442087042e-03
5.041561496864417624e-03
5.094360397167887154e-03
5.147807244837216377e-03
5.201915548698192449e-03
5.256699200048017308e-03
5.312172486353517777e-03
5.368350105539684662e-03
5.425247180902484194e-03
5.482879276677281311e-03
5.541262414295242134e-03
5.600413089365640154e-03
5.660348289419642707e-03
5.721085512459032560e-03
5.782642786348888946e-03
5.845038689103299046e-03
5.908292370108843630e-03
5.972423572339859675e-03
6.037452655618035999e-03
6.103400620974738788e-03
6.170289136177699134e-03
6.238140562487528434e-03
6.306977982713031679e-03
6.376825230640696673e-03
6.447706921916604786e-03
6.519648486464953673e-03
6.592676202534375127e-03
6.666817232467013750e-03
6.742099660293442848e-03
6.818552531262547269e-03
6.896205893425095060e-03
6.975090841394398361e-03
7.055239562420158664e-03
7.136685384918221679e-03
7.219462829610973076e-03
7.303607663443374177e-03
7.389156956452379993e-03
7.476149141779328371e-03
7.564624079031592729e-03
7.654623121212130767e-03
7.746189185453513336e-03
7.839366827811748359e-03
7.934202322395691315e-03
8.030743745124864497e-03
8.129041062437628029e-03
8.229146225293020034e-03
8.331113268838997304e-03
8.434998418149805555e-03
8.540860200467483704e-03
8.648759564419383414e-03
8.758760006723254748e-03
8.870927706934020676e-03
8.985331670834014253e-03
9.102043883120358725e-03
9.221139470101790553e-03
9.342696873176637926e-03
9.466798033936751205e-03
9.593528591816726306e-03
9.722978095288943579e-03
9.855240227704377409e-03
9.990413048974629978e-03
1.012859925440759770e-02
1.026990645213616236e-02
1.041444746071376430e-02
1.056234062861119080e-02
1.071371017751623911e-02
1.086868657153279225e-02
1.102740691458713868e-02
1.119001537858796066e-02
1.135666366515370763e-02
1.152751150401782471e-02
1.170272719155656879e-02
1.188248817325974864e-02
1.206698167438306074e-02
1.225640538350160173e-02
1.245096819420931158e-02
1.265089101082160494e-02
1.285640762461942761e-02
1.306776566794317848e-02
1.328522765433129242e-02
1.350907211389127185e-02
1.373959483423742821e-02
1.397711021862343625e-02
1.422195277439030833e-02
1.447447874655583694e-02
1.473506791332938708e-02
1.500412556259209280e-02
1.528208467098465112e-02
1.556940831025655989e-02
1.586659230901584297e-02
1.617416820207421765e-02
1.649270650430775809e-02
1.682282035146539373e-02
1.716516955682492046e-02
1.752046514018706924e-02
1.788947439463575012e-02
1.827302656707043352e-02
1.867201924103503025e-02
1.908742552527765632e-02
1.952030216924868083e-02
1.997179874805006874e-02
2.044316808494689788e-02
2.093577811044801743e-02
2.145112539439555585e-02
2.199085063304882445e-02
2.255675642880576592e-02
2.315082776853754493e-02
2.377525569079753584e-02
2.443246473667507607e-02
2.512514490931400460e-02
2.585628903035698187e-02
2.662923658736453605e-02
2.744772542729199960e-02
2.831595298434207847e-02
2.923864915887369048e-02
3.022116351868518389e-02
3.126957021765523759e-02
3.239079497868100482e-02
3.359276975099783485e-02
3.488462234360670267e-02
3.627691062452249177e-02
3.778191400294717700e-02
3.941399923504691760e-02
4.119008364462729832e-02
4.313022742983560476e-02
4.525839906794567463e-02
4.760347585804379500e-02
5.020056842488067328e-02
5.309279854078773758e-02
5.633372222420972297e-02
5.999068895240158156e-02
6.414958794791966734e-02
6.892169912580586866e-02
7.445382441558232034e-02
8.094369087637066917e-02
8.866412985857924367e-02
9.800247788299470963e-02
1.095276895272168788e-01
1.241109211161294246e-01
1.431568976873376087e-01
1.690862752318774698e-01
2.064567821271980075e-01
2.649895578141430175e-01
3.697703430145646286e-01
6.114347302340952250e-01
1.763644302799725061e+00
-1.995358697609958210e+00
-6.373120129860149197e-01
-3.792404724115695513e-01
-2.699407324264977981e-01
-2.095483060369748574e-01
-1.712362821358682230e-01
-1.447651875289085455e-01
-1.253791120435794604e-01
-1.105683569464393362e-01
-9.888337449273629232e-02
-8.942844947283923318e-02
-8.162025604951982094e-02
-7.506259347156828132e-02
-6.947692206350779276e-02
-6.466170410648527933e-02
-6.046751505851633013e-02
-5.678122215958467112e-02
-5.351559707531894361e-02
-5.060230302896642079e-02
-4.798704315123535069e-02
-4.562613096117106026e-02
-4.348401929464462690e-02
-4.153148908816831075e-02
-3.974430120753019713e-02
-3.810217885626642625e-02
-3.658802970686611533e-02
-3.518734435806208927e-02
-3.388772618490124705e-02
-3.267852027477505250e-02
-3.155051791293451285e-02
-3.049571926073290154e-02
-2.950714128222924060e-02
-2.857866116411090715e-02
-2.770488780560083353e-02
-2.688105567789740580e-02
-2.610293663842847001e-02
-2.536676625361975954e-02
-2.466918191970230920e-02
-2.400717063473467930e-02
-2.337802471017362896e-02
-2.277930404867329131e-02
-2.220880387973865611e-02
-2.166452705363900583e-02
-2.114466015954997655e-02
-2.064755286593910125e-02
-2.017169998713685269e-02
-1.971572586542063785e-02
-1.927837072715818736e-02
-1.885847872791834856e-02
-1.845498744754891715e-02
-1.806691863412023674e-02
-1.769337002687858956e-02
-1.733350811426070254e-02
-1.698656170455163303e-02
-1.665181620475368607e-02
-1.632860851828826093e-02
-1.601632248482416990e-02
-1.571438479619428202e-02
-1.542226133140605325e-02
-1.513945386141311335e-02
-1.486549708084422550e-02
-1.459995592945536116e-02
-1.434242317084222056e-02
-1.409251720003600050e-02
-1.384988005513380048e-02
-1.361417561114628208e-02
-1.338508793687258856e-02
-1.316231979788940951e-02
-1.294559129071395226e-02
-1.273463859492561870e-02
-1.252921283152546791e-02
-1.232907901713200909e-02
-1.213401510475161510e-02
-1.194381110287871806e-02
-1.175826826556012478e-02
-1.157719834684084806e-02
-1.140042291370112898e-02
-1.122777271219388764e-02
-1.105908708204368998e-02
-1.089421341542911800e-02
-1.073300665611427555e-02
-1.057532883545469690e-02
-1.042104864215389649e-02
-1.027004102293371801e-02
-1.012218681156138757e-02
-9.977372383907565437e-03
-9.835489336930661533e-03
-9.696434189668366385e-03
-9.560108104499072043e-03
-9.426416627083824065e-03
-9.295269443545590982e-03
-9.166580153565025840e-03
-9.040266058187397535e-03
-8.916247961239711500e-03
-8.794449983348663971e-03
-8.674799387634719861e-03
-8.557226416237222882e-03
-8.441664136887155889e-03
-8.328048298820283843e-03
-8.216317197367139016e-03
-8.106411546616627828e-03
-7.998274359597318597e-03
-7.891850835462541763e-03
-7.787088253201565786e-03
-7.683935871444546976e-03
-7.582344833952924489e-03
-7.482268080422271525e-03
-7.383660262249901705e-03
-7.286477662950404180e-03
-7.190678122915355672e-03
-7.096220968248079242e-03
-7.003066943412065114e-03
-6.911178147458010672e-03
-6.820517973608488868e-03
-6.731051051992977680e-03
-6.642743195342620983e-03
-6.555561347466315816e-03
-6.469473534343479944e-03
-6.384448817675337194e-03
-6.300457250752881759e-03
-6.217469836506200886e-03
-6.135458487607332000e-03
-6.054395988510630731e-03
-5.974255959319138380e-03
-5.895012821375392870e-03
-5.816641764477047637e-03
-5.739118715630999422e-03
-5.662420309256092563e-03
-5.586523858760435515e-03
-5.511407329413006706e-03
-5.437049312444834116e-03
-5.363429000307652628e-03
-5.290526163036624388e-03
-5.218321125648190360e-03
-5.146794746528762961e-03
-5.075928396755788330e-03
-5.005703940303977278e-03
-4.936103715094409747e-03
-4.867110514838379406e-03
-4.798707571638020919e-03
-4.730878539306636668e-03
-4.663607477368410595e-03
-4.596878835707640665e-03
-4.530677439832503199e-03
-4.464988476722799721e-03
-4.399797481235639442e-03
-4.335090323036587708e-03
-4.270853194036047448e-03
-4.207072596301968809e-03
-4.143735330427662615e-03
-4.080828484333224454e-03
-4.018339422477050851e-03
-3.956255775461302478e-03
-3.894565430008918236e-03
-3.833256519296887772e-03
-3.772317413627341437e-03
-3.711736711420457469e-03
-3.651503230514792104e-03
-3.591605999760039830e-03
-3.532034250884803252e-03
-3.472777410634233022e-03
-3.413825093155938798e-03
-3.355167092627068821e-03
-3.296793376110263279e-03
-3.238694076627428656e-03
-3.180859486439375182e-03
-3.123280050522341499e-03
-3.065946360234737822e-03
-3.008849147156397383e-03
-2.951979277103099555e-03
-2.895327744296330354e-03
-2.838885665690210613e-03
-2.782644275439609405e-03
-2.726594919507586978e-03
-2.670729050401166038e-03
-2.615038222031680452e-03
-2.559514084689587521e-03
-2.504148380130931384e-03
-2.448932936765718833e-03
-2.393859664943512929e-03
-2.338920552331382428e-03
-2.284107659377975896e-03
-2.229413114856667114e-03
-2.174829111483867362e-03
-2.120347901607210622e-03
-2.065961792958184631e-03
-2.011663144464883105e-03
-1.957444362117133178e-03
-1.903297894884963416e-03
-1.849216230680000806e-03
-1.795191892356140387e-03
-1.741217433751566113e-03
-1.687285435755458583e-03
-1.633388502407668794e-03
-1.579519257018492575e-03
-1.525670338307401862e-03
-1.471834396556517864e-03
-1.418004089773882825e-03
-1.364172079863260837e-03
-1.310331028793982906e-03
-1.256473594769876283e-03
-1.202592428390318819e-03
-1.148680168800581816e-03
-1.094729439827454203e-03
-1.040732846092731409e-03
-9.866829691063489990e-04
-9.325723633279981144e-04
-8.783935521974403247e-04
-8.241390241270759795e-04
-7.698012284523313500e-04
-7.153725713353553629e-04
-6.608454116178250765e-04
-6.062120566174751014e-04
-5.514647578609212534e-04
-4.965957067545214007e-04
-4.415970301801190991e-04
-3.864607860130332348e-04
-3.311789585619896639e-04
-2.757434539158807457e-04
-2.201460951984067233e-04
-1.643786177222316194e-04
-1.084326640366567104e-04
-5.229977886233509558e-05
4.028596096536819077e-06
6.056112746176639354e-05
1.173065956309553293e-04
1.742739003644533120e-04
2.314720665249701392e-04
2.889102499732314287e-04
3.465977436316344893e-04
4.045439837228640648e-04
4.627585561929317345e-04
5.212512033284343038e-04
5.800318305805914499e-04
6.391105136020075201e-04
6.984975055118493575e-04
7.582032443989941434e-04
8.182383610749698315e-04
8.786136870916486444e-04
9.393402630338179137e-04
1.000429347105789802e-03
1.061892424021513908e-03
1.123741214216901095e-03
1.185987683402480114e-03
1.248644052468466346e-03
1.311722807765958263e-03
1.375236711780672980e-03
1.439198814219806851e-03
1.503622463533877979e-03
1.568521318898091332e-03
1.633909362670491307e-03
1.699800913362515403e-03
1.766210639137765544e-03
1.833153571877352240e-03
1.900645121831324611e-03
1.968701092895965444e-03
2.037337698549521355e-03
2.106571578474240522e-03
2.176419815914450336e-03
2.246899955797783052e-03
2.318030023672323220e-03
2.389828545497837964e-03
2.462314568342915868e-03
2.535507682034810351e-03
2.609428041820805507e-03
2.684096392092550666e-03
2.759534091238968322e-03
2.835763137692267569e-03
2.912806197231896602e-03
2.990686631628614641e-03
3.069428528694122249e-03
3.149056733839040653e-03
3.229596883209757442e-03
3.311075438510392190e-03
3.393519723613851354e-03
3.476957963064083914e-03
3.561419322593089958e-03
3.646933951775032257e-03
3.733533028952824764e-03
3.821248808584383656e-03
3.910114671153881727e-03
4.000165175829832435e-03
4.091436116033730745e-03
4.183964578116762881e-03
4.277789003355228145e-03
4.372949253480257724e-03
4.469486679983312657e-03
4.567444197458067623e-03
4.666866361252692240e-03
4.767799449737119589e-03
4.870291551506679417e-03
4.974392657873116450e-03
5.080154761024736204e-03
5.187631958266572703e-03
5.296880562779052865e-03
5.407959221392756068e-03
5.520929039883419424e-03
5.635853716377064136e-03
5.752799683471558276e-03
5.871836259748223000e-03
5.993035811415433831e-03
6.116473924881051828e-03
6.242229591120924091e-03
6.370385402805379439e-03
6.501027765223718093e-03
6.634247122147855433e-03
6.770138197883152770e-03
6.908800256886135291e-03
7.050337382445889464e-03
7.194858776091829847e-03
7.342479079547293078e-03
7.493318721233066873e-03
7.647504289542805811e-03
7.805168935329013374e-03
7.966452806304265277e-03
8.131503516354186833e-03
8.300476653083969925e-03
8.473536327271324886e-03
8.650855768336691842e-03
8.832617970382899975e-03
9.019016393885141009e-03
9.210255728721562785e-03
9.406552724872722926e-03
9.608137097921062852e-03
9.815252517308886704e-03
1.002815768633447124e-02
1.024712752396639281e-02
1.047245445986699774e-02
1.070444985546618877e-02
1.094344556566372723e-02
1.118979565764229717e-02
1.144387830556728089e-02
1.170609788252665109e-02
1.197688727409687570e-02
1.225671044142041116e-02
1.254606526575969758e-02
1.284548671127628064e-02
1.315555034835208872e-02
1.347687628633196556e-02
1.381013357230209508e-02
1.415604512161922762e-02
1.451539325674402331e-02
1.488902594376840735e-02
1.527786383137002754e-02
1.568290821529403495e-02
1.610525007351234703e-02
1.654608034384357287e-02
1.700670164803626261e-02
1.748854170552864573e-02
1.799316872798062059e-02
1.852230914443895454e-02
1.907786807943723587e-02
1.966195309612348702e-02
2.027690182832930788e-02
2.092531426558544641e-02
2.161009063156875062e-02
2.233447602019296777e-02
2.310211323895590418e-02
2.391710567579828639e-02
2.478409248006436388e-02
2.570833896658517026e-02
2.669584596470674087e-02
2.775348291164731612e-02
2.888915093128343464e-02
3.011198408740314164e-02
3.143259966013173951e-02
3.286341196688900845e-02
3.441902938231572451e-02
3.611676148044341839e-02
3.797727366196994997e-02
4.002544185515521935e-02
4.229148245917521698e-02
4.481246680525271392e-02
4.763438197359816384e-02
5.081498263040577779e-02
5.442781232225431254e-02
5.856799475959562074e-02
6.336077595741729240e-02
6.897447272470624835e-02
7.564072870953154892e-02
8.368738894927851835e-02
9.359422621261892505e-02
1.060924797114792262e-01
1.223544524953020518e-01
1.443851094053665851e-01
1.759209711511778018e-01
2.248141331467173043e-01
3.108518241423412487e-01
5.023315635765801535e-01
1.300094147624391905e+00
-2.232885127508647205e+00
-6.022097806149742105e-01
-3.485399374300712227e-01
-2.454759791165620209e-01
-1.895894932556740076e-01
-1.545165351849790425e-01
-1.304523608735834728e-01
-1.129148093998127711e-01
-9.956413897112516287e-02
-8.905959961507541045e-02
-8.057768533287792967e-02
-7.358464231143914402e-02
-6.771933495374010681e-02
-6.272868389238125952e-02
-5.843006397446778855e-02
-5.468838249597125778e-02
-5.140155963239288056e-02
-4.849102472385381085e-02
-4.589531692736855545e-02
-4.356566827686002286e-02
-4.146288785795747278e-02
-3.955512087008726529e-02
-3.781620878747695563e-02
-3.622447056006689037e-02
-3.476178390760162329e-02
-3.341288390107603062e-02
-3.216482114843954160e-02
-3.100653876267368825e-02
-2.992853880231508348e-02
-2.892261685851951758e-02
-2.798164908072495183e-02
-2.709941993900004051e-02
-2.627048191335138588e-02
-2.549004041237659668e-02
-2.475385878266413847e-02
-2.405817943264491887e-02
-2.339965796927415825e-02
-2.277530790991830895e-02
-2.218245404009385607e-02
-2.161869287976320164e-02
-2.108185902553151927e-02
-2.056999637448334722e-02
-2.008133342312769590e-02
-1.961426198368832266e-02
-1.916731877859188110e-02
-1.873916946906697967e-02
-1.832859475038513958e-02
-1.793447820834460221e-02
-1.755579568209695435e-02
-1.719160591974215613e-02
-1.684104234701024397e-02
-1.650330579736471528e-02
-1.617765807500518016e-02
-1.586341624152329266e-02
-1.555994753304383929e-02
-1.526666482813646489e-02
-1.498302259810373009e-02
-1.470851328078147564e-02
-1.444266402706726425e-02
-1.418503377621760028e-02
-1.393521062180246538e-02
-1.369280943515234147e-02
-1.345746971740423639e-02
-1.322885365488517956e-02
-1.300664435573164503e-02
-1.279054424832242777e-02
-1.258027362446312823e-02
-1.237556931229002143e-02
-1.217618346558711415e-02
-1.198188245779492622e-02
-1.179244587027687349e-02
-1.160766556560171095e-02
-1.142734483762176088e-02
-1.125129763101602107e-02
-1.107934782375103941e-02
-1.091132856663016258e-02
-1.074708167468190964e-02
-1.058645706570498710e-02
-1.042931224175126792e-02
-1.027551180976176912e-02
-1.012492703794205112e-02
-9.977435444801636272e-03
-9.832920418077619601e-03
-9.691270861037692627e-03
-9.552380863876868550e-03
-9.416149398167563550e-03
-9.282480032470806497e-03
-9.151280667429775861e-03
-9.022463288790919661e-03
-8.895943736943913785e-03
-8.771641491710021818e-03
-8.649479471196323127e-03
-8.529383843657247985e-03
-8.411283851377050758e-03
-8.295111645687396756e-03
-8.180802132297087387e-03
-8.068292826177252824e-03
-7.957523715324949648e-03
-7.848437132754812126e-03
-7.740977636149270862e-03
-7.635091894627719228e-03
-7.530728582130918544e-03
-7.427838276978907667e-03
-7.326373367170698966e-03
-7.226287961045022717e-03
-7.127537802931553472e-03
-7.030080193479901554e-03
-6.933873914332196013e-03
-6.838879156877910800e-03
-6.745057454815151302e-03
-6.652371620267608782e-03
-6.560785683244899427e-03
-6.470264834221041081e-03
-6.380775369632609231e-03
-6.292284640127163500e-03
-6.204761001376121049e-03
-6.118173767296493024e-03
-6.032493165538329455e-03
-5.947690295089550286e-03
-5.863737085876138608e-03
-5.780606260228514717e-03
-5.698271296106916309e-03
-5.616706391974677498e-03
-5.535886433218676489e-03
-5.455786960024574389e-03
-5.376384136623557630e-03
-5.297654721808126889e-03
-5.219576040667334160e-03
-5.142125957441786438e-03
-5.065282849443098270e-03
-4.989025581964828988e-03
-4.913333484128445429e-03
-4.838186325596276899e-03
-4.763564294109015433e-03
-4.689447973774986227e-03
-4.615818324081225228e-03
-4.542656659562305764e-03
-4.469944630084770817e-03
-4.397664201710622944e-03
-4.325797638086490912e-03
-4.254327482318881470e-03
-4.183236539305189815e-03
-4.112507858475258384e-03
-4.042124716900335341e-03
-3.972070602754328508e-03
-3.902329199063578509e-03
-3.832884367740646905e-03
-3.763720133843793166e-03
-3.694820670050608449e-03
-3.626170281291320706e-03
-3.557753389530190092e-03
-3.489554518655332838e-03
-3.421558279437122638e-03
-3.353749354535919772e-03
-3.286112483523559620e-03
-3.218632447880844308e-03
-3.151294055947728885e-03
-3.084082127784059518e-03
-3.016981479916918882e-03
-2.949976909926742448e-03
-2.883053180858725136e-03
-2.816195005395427664e-03
-2.749387029777494110e-03
-2.682613817422724485e-03
-2.615859832199432956e-03
-2.549109421324236274e-03
-2.482346797825761911e-03
-2.415556022544510656e-03
-2.348720985601649661e-03
-2.281825387309060604e-03
-2.214852718441990588e-03
-2.147786239836771156e-03
-2.080608961243595421e-03
-2.013303619376274368e-03
-1.945852655084680380e-03
-1.878238189582708863e-03
-1.810441999657130168e-03
-1.742445491759178535e-03
-1.674229674916359947e-03
-1.605775132344562867e-03
-1.537061991675493398e-03
-1.468069893680201687e-03
-1.398777959379258681e-03
-1.329164755405664537e-03
-1.259208257489285478e-03
-1.188885811909025890e-03
-1.118174094761543221e-03
-1.047049068862368048e-03
-9.754859381054296029e-04
-9.034590990631111325e-04
-8.309420896157968667e-04
-7.579075343685714658e-04
-6.843270865906953167e-04
-6.101713663946707437e-04
-5.354098948418292529e-04
-4.600110236380717220e-04
-3.839418600442602580e-04
-3.071681865933887680e-04
-2.296543751770544969e-04
-1.513632949930710479e-04
-7.225621384517912082e-05
7.707307830429575846e-06
8.856953083408733787e-05
1.703746597050831424e-04
2.531689746384712877e-04
3.370009736994661678e-04
4.219215263066532218e-04
5.079840390467896261e-04
5.952446350379224024e-04
6.837623481408764553e-04
7.735993335160583351e-04
8.648210961625917709e-04
9.574967392712947431e-04
1.051699234460967691e-03
1.147505716181755446e-03
1.244997802877478334e-03
1.344261947799556961e-03
1.445389822734951396e-03
1.548478738337357233e-03
1.653632105199740777e-03
1.760959940392146407e-03
1.870579424781180534e-03
1.982615517206398441e-03
2.097201632400400202e-03
2.214480390543943980e-03
2.334604447442222702e-03
2.457737415666679665e-03
2.584054888501006834e-03
2.713745580370660430e-03
2.847012599521160474e-03
2.984074871208810577e-03
3.125168732614246395e-03
3.270549724163195754e-03
3.420494606081290676e-03
3.575303633950791329e-03
3.735303132954647873e-03
3.900848417576696474e-03
4.072327112120121065e-03
4.250162937738690555e-03
4.434820044330341389e-03
4.626807980990487769e-03
4.826687417654292739e-03
5.035076753806426442e-03
5.252659778991555090e-03
5.480194585773385391e-03
5.718523980741130330e-03
5.968587695820761277e-03
6.231436773875023011e-03
6.508250594116445423e-03
6.800357120334490565e-03
7.109257106887322680e-03
7.436653195405693029e-03
7.784485095258204812e-03
8.154972385429084397e-03
8.550666936265950355e-03
8.974517571757266096e-03
9.429950441918823895e-03
9.920969746292375088e-03
1.045228508543548547e-02
1.102947403183845293e-02
1.165919183274843202e-02
1.234944499604162700e-02
1.310995267822150090e-02
1.395263060720871098e-02
1.489224891537670181e-02
1.594734144423910413e-02
1.714148630511017415e-02
1.850514744968905986e-02
2.007838657605452021e-02
2.191496627991885646e-02
2.408875498693420492e-02
2.670409550077387784e-02
2.991332790069720082e-02
3.394797447025020565e-02
3.917786982334862944e-02
4.623258146672869912e-02
5.627798092963678250e-02
7.174184387320375889e-02
9.865453316296804442e-02
1.572724051778769949e-01
3.843363531658113286e-01
-8.802086381741408561e-01
-2.058268576141110973e-01
-1.167127747985203801e-01
-8.151499383480635685e-02
-6.265602123665922618e-02
-5.089515366051008266e-02
-4.285469540176149034e-02
-3.700662451401261210e-02
-3.255892329834692012e-02
-2.906006466630684654e-02
-2.623379618142888947e-02
-2.390161516146052309e-02
-2.194304724821788399e-02
-2.027383847902654995e-02
-1.883329471652265413e-02
-1.757658457698765483e-02
-1.646987487003939363e-02
-1.548715273892318361e-02
-1.460808947084527368e-02
-1.381656825588911675e-02
-1.309964699644501455e-02
-1.244681322240647967e-02
-1.184943943788274202e-02
-1.130037869532496408e-02
-1.079366000969400781e-02
-1.032425599372696796e-02
-9.887903495206207607e-03
-9.480963648150885631e-03
-9.100311590428291145e-03
-8.743248761310282516e-03
-8.407432563244068846e-03
-8.090819505012496193e-03
-7.791618905013671798e-03
-7.508254935122634505e-03
-7.239335303173872679e-03
-6.983625257799419214e-03
-6.740025889393683883e-03
-6.507555921063107665e-03
-6.285336351758638584e-03
-6.072577443642377185e-03
-5.868567646537518716e-03
-5.672664131172328213e-03
-5.484284665023425077e-03
-5.302900613727896777e-03
-5.128030890210118729e-03
-4.959236705119869290e-03
-4.796116997415364284e-03
-4.638304444465143721e-03
-4.485461967667267111e-03
-4.337279663247367925e-03
-4.193472099066715073e-03
-4.053775927495903778e-03
-3.917947772061937568e-03
-3.785762351892802031e-03
-3.657010813343236112e-03
-3.531499242536447099e-03
-3.409047336354559775e-03
-3.289487212515811165e-03
-3.172662342024036401e-03
-3.058426589565277180e-03
-2.946643349306847862e-03
-2.837184765204918933e-03
-2.729931026331196449e-03
-2.624769728902963915e-03
-2.521595297789553172e-03
-2.420308461070174583e-03
-2.320815772086032638e-03
-2.223029174005105961e-03
-2.126865602582863300e-03
-2.032246623217951777e-03
-1.939098098911934409e-03
-1.847349886088221760e-03
-1.756935555572788563e-03
-1.667792136333545554e-03
-1.579859879824701240e-03
-1.493082043029052286e-03
-1.407404688467296314e-03
-1.322776499654926274e-03
-1.239148610601252965e-03
-1.156474448119881697e-03
-1.074709585835115309e-03
-9.938116088673053586e-04
-9.137399882844904862e-04
-8.344559645138260179e-04
-7.559224389345744685e-04
-6.781038730108092556e-04
-6.009661943275072978e-04
-5.244767089854118942e-04
-4.486040198459647320e-04
-3.733179501514759073e-04
-2.985894721171862033e-04
-2.243906401064189177e-04
-1.506945280289172934e-04
-7.747517065244489270e-05
-4.707508531182069689e-06
6.763266373578831481e-05
1.395687461164603523e-04
2.111233789273770159e-04
2.823184859137134982e-04
3.531753148834060850e-04
4.237144760416760789e-04
4.939559781948067545e-04
5.639192629663131867e-04
6.336232371862635104e-04
7.030863035560348112e-04
7.723263897291433172e-04
8.413609758999665046e-04
9.102071210183686201e-04
9.788814877223894068e-04
1.047400366061919256e-03
1.115779696110750325e-03
1.184035089553847359e-03
1.252181850282359492e-03
1.320234994110729056e-03
1.388209267638805490e-03
1.456119166344208666e-03
1.523978951942747554e-03
1.591802669068275843e-03
1.659604161345677124e-03
1.727397086851480308e-03
1.795194933067388501e-03
1.863011031300704570e-03
1.930858570678537119e-03
1.998750611684341726e-03
2.066700099320344791e-03
2.134719875906314693e-03
2.202822693549181740e-03
2.271021226307069676e-03
2.339328082092915692e-03
2.407755814318792657e-03
2.476316933330039230e-03
2.545023917642962909e-03
2.613889225007169897e-03
2.682925303322614488e-03
2.752144601432071451e-03
2.821559579797699394e-03
2.891182721120386448e-03
2.961026540859452126e-03
3.031103597750580206e-03
3.101426504262173259e-03
3.172007937083378901e-03
3.242860647602615817e-03
3.313997472444288502e-03
3.385431344040591966e-03
3.457175301296631139e-03
3.529242500337732760e-03
3.601646225382843913e-03
3.674399899736145465e-03
3.747517096950338071e-03
3.821011552151503364e-03
3.894897173571140129e-03
3.969188054278307773e-03
4.043898484174986326e-03
4.119042962226308023e-03
4.194636208990860926e-03
4.270693179460240824e-03
4.347229076222884972e-03
4.424259362988681478e-03
4.501799778503276506e-03
4.579866350869093473e-03
4.658475412314677655e-03
4.737643614424179653e-03
4.817387943888281135e-03
4.897725738770774932e-03
4.978674705369546399e-03
5.060252935656071177e-03
5.142478925392711051e-03
5.225371592920477828e-03
5.308950298666636342e-03
5.393234865454358574e-03
5.478245599608124947e-03
5.564003312950458607e-03
5.650529345714290150e-03
5.737845590449579952e-03
5.825974516961295209e-03
5.914939198368822371e-03
6.004763338332993333e-03
6.095471299532799481e-03
6.187088133476774214e-03
6.279639611709005552e-03
6.373152258525107555e-03
6.467653385278571490e-03
6.563171126362319502e-03
6.659734477012214937e-03
6.757373333000251184e-03
6.856118532395713040e-03
6.956001899453048351e-03
7.057056290853366484e-03
7.159315644377870803e-03
7.262815030219709270e-03
7.367590705097510143e-03
7.473680169361346035e-03
7.581122227282371777e-03
7.689957050772426930e-03
7.800226246744581746e-03
7.911972928382107056e-03
8.025241790596153446e-03
8.140079189964051151e-03
8.256533229468177026e-03
8.374653848406988024e-03
8.494492917827294390e-03
8.616104341925915830e-03
8.739544165833310757e-03
8.864870690309346532e-03
8.992144593834586197e-03
9.121429062723051054e-03
9.252789929854425208e-03
9.386295822738583219e-03
9.522018321647257588e-03
9.660032128661882184e-03
9.800415248520408934e-03
9.943249182274243800e-03
1.008861913482530029e-02
1.023661423757719555e-02
1.038732778746840821e-02
1.054085750390374408e-02
1.069730580513324723e-02
1.085678010589574000e-02
1.101939313827467529e-02
1.118526329794162881e-02
1.135451501821909195e-02
1.152727917462626275e-02
1.170369352294131811e-02
1.188390317406167775e-02
1.206806110943976947e-02
1.225632874125132110e-02
1.244887652193569366e-02
1.264588460841144756e-02
1.284754358683290465e-02
1.305405526455265600e-02
1.326563353679744567e-02
1.348250533657232089e-02
1.370491167740529870e-02
1.393310879989975194e-02
1.416736943459136547e-02
1.440798419527550625e-02
1.465526311917779261e-02
1.490953737259122225e-02
1.517116114350430638e-02
1.544051374596699250e-02
1.571800196486357673e-02
1.600406267431578669e-02
1.629916576831186986e-02
1.660381744870204068e-02
1.691856392323035779e-02
1.724399557564126537e-02
1.758075168079651501e-02
1.792952575121210465e-02
