-1.538003344150930436e-03
-1.531924779106541264e-03
-1.525823834825239473e-03
-1.519700380560675334e-03
-1.513554284256301945e-03
-1.507385412523656485e-03
-1.501193630619765667e-03
-1.494978802423814783e-03
-1.488740790412814959e-03
-1.482479455636322597e-03
-1.476194657690145517e-03
-1.469886254688823526e-03
-1.463554103236968393e-03
-1.457198058399216930e-03
-1.450817973668789770e-03
-1.444413700934427764e-03
-1.437985090445679723e-03
-1.431531990776287611e-03
-1.425054248785588736e-03
-1.418551709577653679e-03
-1.412024216458003870e-03
-1.405471610887671545e-03
-1.398893732434277302e-03
-1.392290418719871080e-03
-1.385661505365173374e-03
-1.379006825929825295e-03
-1.372326211848233285e-03
-1.365619492360420437e-03
-1.358886494437488469e-03
-1.352127042700796518e-03
-1.345340959334347629e-03
-1.338528063989408677e-03
-1.331688173680414377e-03
-1.324821102670979038e-03
-1.317926662348859433e-03
-1.311004661088182189e-03
-1.304054904097346054e-03
-1.297077193250466623e-03
-1.290071326900059812e-03
-1.283037099668131930e-03
-1.275974302212465805e-03
-1.268882720964204392e-03
-1.261762137832186026e-03
-1.254612329868729772e-03
-1.247433068890217147e-03
-1.240224121044974231e-03
-1.232985246319027702e-03
-1.225716197968621272e-03
-1.218416721865918763e-03
-1.211086555741308548e-03
-1.203725428302107429e-03
-1.196333058202740099e-03
-1.188909152835477927e-03
-1.181453406903338341e-03
-1.173965500726966739e-03
-1.166445098224766757e-03
-1.158891844489107984e-03
-1.151305362859740989e-03
-1.143685251367239711e-03
-1.136031078380614302e-03
-1.128342377241678927e-03
-1.120618639597980790e-03
-1.112859307048518886e-03
-1.105063760579636694e-03
-1.097231307075221965e-03
-1.089361161907172193e-03
-1.081452426206597033e-03
-1.073504056813711803e-03
-1.065514825995227339e-03
-1.057483266614039777e-03
-1.049407596224291106e-03
-1.041285609987203844e-03
-1.033114526360366875e-03
-1.024890759323423889e-03
-1.016609572809344794e-03
-1.008264539553177779e-03
-9.998466617457610339e-04
-9.913428782185439853e-04
-9.827333931232361784e-04
-9.739865761763100410e-04
-9.650483989265165293e-04
-9.558180922981745174e-04
-9.460832334484228258e-04
-9.353050331701966147e-04
-9.215984512309672314e-04
-8.905134655831656657e-04
-9.720973026963964855e-04
-9.248328233932922400e-04
-9.097309439690052634e-04
-8.983776081846627957e-04
-8.881894337432691151e-04
-8.784964181759502338e-04
-8.690471079088215971e-04
-8.597257923647712210e-04
-8.504717022369300602e-04
-8.412497832949387532e-04
-8.320383314221158847e-04
-8.228231354955105152e-04
-8.135944543258910935e-04
-8.043453471781145288e-04
-7.950706998805980724e-04
-7.857666303468514553e-04
-7.764301115639688292e-04
-7.670587245611334634e-04
-7.576504919086582412e-04
-7.482037626894816849e-04
-7.387171312809420179e-04
-7.291893788864470521e-04
-7.196194307076743965e-04
-7.100063240776930719e-04
-7.003491844104181010e-04
-6.906472068115441978e-04
-6.808996418495435674e-04
-6.711057844235323883e-04
-6.612649649642192646e-04
-6.513765424120434005e-04
-6.414398985628828962e-04
-6.314544334760628132e-04
-6.214195617147771303e-04
-6.113347092439954007e-04
-6.011993108517223617e-04
-5.910128079896959010e-04
-5.807746469525499559e-04
-5.704842773315062926e-04
-5.601411506924135197e-04
-5.497447194376402268e-04
-5.392944358196954946e-04
-5.287897510805437832e-04
-5.182301146953536414e-04
-5.076149737035396542e-04
-4.969437721129446681e-04
-4.862159503652991178e-04
-4.754309448535959642e-04
-4.645881874830112574e-04
-4.536871052689570526e-04
-4.427271199662652932e-04
-4.317076477250657816e-04
-4.206280987691625927e-04
-4.094878770933255857e-04
-3.982863801770395091e-04
-3.870229987115884136e-04
-3.756971163388501522e-04
-3.643081093995877325e-04
-3.528553466897906541e-04
-3.413381892236042915e-04
-3.297559900016530741e-04
-3.181080937835229915e-04
-3.063938368637852657e-04
-2.946125468503162548e-04
-2.827635424444140968e-04
-2.708461332220419475e-04
-2.588596194154194107e-04
-2.468032916945985715e-04
-2.346764309484588988e-04
-2.224783080646551862e-04
-2.102081837080624111e-04
-1.978653080975636600e-04
-1.854489207804361681e-04
-1.729582504043700023e-04
-1.603925144865966956e-04
-1.477509191799441677e-04
-1.350326590354574362e-04
-1.222369167613170473e-04
-1.093628629778783945e-04
-9.640965596854249656e-05
-8.337644142617482452e-05
-7.026235219486482407e-05
-5.706650800677828470e-05
-4.378801521401278363e-05
-3.042596651486265819e-05
-1.697944067479036090e-05
-3.447502241387540023e-06
1.017079874659316489e-05
2.387642705650283147e-05
3.767036256550144926e-05
5.155360057107689128e-05
6.552715210835966496e-05
7.959204427479852836e-05
9.374932056215598900e-05
1.080000411962358988e-04
1.223452834845754900e-04
1.367861421722182946e-04
1.513237298060683082e-04
1.659591771079468262e-04
1.806936333566135739e-04
1.955282667790490900e-04
2.104642649515179155e-04
2.255028352101903256e-04
2.406452050723319972e-04
2.558926226677420970e-04
2.712463571810712305e-04
2.867076993054588950e-04
3.022779617076093743e-04
3.179584795047468021e-04
3.337506107538825350e-04
3.496557369536853989e-04
3.656752635595462422e-04
3.818106205118617334e-04
3.980632627784171226e-04
4.144346709109827855e-04
4.309263516167932857e-04
4.475398383450995572e-04
4.642766918896827112e-04
4.811385010074205413e-04
4.981268830537147804e-04
5.152434846352313327e-04
5.324899822804077601e-04
5.498680831285400906e-04
5.673795256378390446e-04
5.850260803131274515e-04
6.028095504539026685e-04
6.207317729234297036e-04
6.387946189393783024e-04
6.569999948869873711e-04
6.753498431554053050e-04
6.938461429977515766e-04
7.124909114162713154e-04
7.312862040726548704e-04
7.502341162251647058e-04
7.693367836929035624e-04
7.885963838484509863e-04
8.080151366396631611e-04
8.275953056421060054e-04
8.473391991421750941e-04
8.672491712534528829e-04
8.873276230659432780e-04
9.075770038305028785e-04
9.279998121791649488e-04
9.485985973826346115e-04
9.693759606465713729e-04
9.903345564478507369e-04
1.011477093912211984e-03
1.032806338234981951e-03
1.054325112146351938e-03
1.076036297422847902e-03
1.097942836446654099e-03
1.120047733814651721e-03
1.142354057999215178e-03
1.164864943062064034e-03
1.187583590424111379e-03
1.210513270692637876e-03
1.233657325548376000e-03
1.257019169694727732e-03
1.280602292871556910e-03
1.304410261935955769e-03
1.328446723012725265e-03
1.352715403717170799e-03
1.377220115453315057e-03
1.401964755790134371e-03
1.426953310919401238e-03
1.452189858198041708e-03
1.477678568778586794e-03
1.503423710331251544e-03
1.529429649861592175e-03
1.555700856627150429e-03
1.582241905157904215e-03
1.609057478384243352e-03
1.636152370877149830e-03
1.663531492205672264e-03
1.691199870415956326e-03
1.719162655637678904e-03
1.747425123823045066e-03
1.775992680623991737e-03
1.804870865413875196e-03
1.834065355459720860e-03
1.863581970251769124e-03
1.893426675997112590e-03
1.923605590285269555e-03
1.954124986932445282e-03
1.984991301013619598e-03
2.016211134089994708e-03
2.047791259641800442e-03
2.079738628714622277e-03
2.112060375790502688e-03
2.144763824893070568e-03
2.177856495938646636e-03
2.211346111344297816e-03
2.245240602905385248e-03
2.279548118955497527e-03
2.314277031822038928e-03
2.349435945592748612e-03
2.385033704206774435e-03
2.421079399888241904e-03
2.457582381937495342e-03
2.494552265899086310e-03
2.531998943124922491e-03
2.569932590752933149e-03
2.608363682121679281e-03
2.647302997644674152e-03
2.686761636166790437e-03
2.726751026829024593e-03
2.767282941467479745e-03
2.808369507575615015e-03
2.850023221859319250e-03
2.892256964416792253e-03
2.935084013577268780e-03
2.978518061434558273e-03
3.022573230113179132e-03
3.067264088808648037e-03
3.112605671644216865e-03
3.158613496390842712e-03
3.205303584099074288e-03
3.252692479695479255e-03
3.300797273598526926e-03
3.349635624414537549e-03
3.399225782776238436e-03
3.449586616391275840e-03
3.500737636375095274e-03
3.552699024942596040e-03
3.605491664543242214e-03
3.659137168527351602e-03
3.713657913439458169e-03
3.769077073037571668e-03
3.825418654150758435e-03
3.882707534488355483e-03
3.940969502528379048e-03
4.000231299618708242e-03
4.060520664435622595e-03
4.121866379955509835e-03
4.184298323106655504e-03
4.247847517281362617e-03
4.312546187902967926e-03
4.378427821256393460e-03
4.445527226808210566e-03
4.513880603261011953e-03
4.583525608604277837e-03
4.654501434448014147e-03
4.726848884947220178e-03
4.800610460651170280e-03
4.875830447640642704e-03
4.952555012345241994e-03
5.030832302468594280e-03
5.110712554484704573e-03
5.192248208210556437e-03
5.275494029004229937e-03
5.360507238187315823e-03
5.447347652344879457e-03
5.536077832215822656e-03
5.626763241953081605e-03
5.719472419606046708e-03
5.814277159759041573e-03
5.911252709348665396e-03
6.010477977783595591e-03
6.112035762600411676e-03
6.216012992012055760e-03
6.322500985843373077e-03
6.431595736500521181e-03
6.543398211791945709e-03
6.658014681609970148e-03
6.775557070695053738e-03
6.896143339945803689e-03
7.019897899005859108e-03
7.146952053162338066e-03
7.277444487932192146e-03
7.411521795096413963e-03
7.549339044378763214e-03
7.691060405457045973e-03
7.836859825554176942e-03
7.986921768490660989e-03
8.141442021802395429e-03
8.300628579351227582e-03
8.464702607796754930e-03
8.633899506375096802e-03
8.808470070666209531e-03
8.988681772451420637e-03
9.174820169401149555e-03
9.367190460220697554e-03
9.566119203073016400e-03
9.771956217632606426e-03
9.985076694080335588e-03
1.020588353579100251e-02
1.043480996649299997e-02
1.067232243740174127e-02
1.091892387537973970e-02
1.117515731972700856e-02
1.144161000295387115e-02
1.171891794008337456e-02
1.200777110198626187e-02
1.230891926133679745e-02
1.262317861547755660e-02
1.295143930937868275e-02
1.329467400471620944e-02
1.365394766881184406e-02
1.403042879095431177e-02
1.442540227497552709e-02
1.484028430781138969e-02
1.527663956663405029e-02
1.573620120522749993e-02
1.622089415780754787e-02
1.673286242098128221e-02
1.727450112933377399e-02
1.784849443693580992e-02
1.845786046897995511e-02
1.910600493245045994e-02
1.979678539636296405e-02
2.053458880392835736e-02
2.132442550725428126e-02
2.217204408488237383e-02
2.308407250591566068e-02
2.406819297442471667e-02
2.513336021742418325e-02
2.629007635395633202e-02
2.755074022822343038e-02
2.893009585465208464e-02
3.044581440960078197e-02
3.211925859133965555e-02
3.397649969171822465e-02
3.604969054041655407e-02
3.837894859102002065e-02
4.101498489233162265e-02
4.402284799159521950e-02
4.748737636905626947e-02
5.152134392159728876e-02
5.627798953335266807e-02
6.197095489862636253e-02
6.890729947879642436e-02
7.754482752744151774e-02
8.859753655199481548e-02
1.032439792260228389e-01
1.235784810364207592e-01
1.537150676368156665e-01
2.029955840804601175e-01
2.981598973846593115e-01
5.591348047205308980e-01
4.351613519114353679e+00
-7.562813674182902179e-01
-3.486957606823304356e-01
-2.269096876708098509e-01
-1.683496904193784449e-01
-1.339246211817196608e-01
-1.112622498953997896e-01
-9.521268121886919400e-02
-8.324943328710156243e-02
-7.398765243970417682e-02
-6.660473623148799316e-02
-6.058128414158013564e-02
-5.557318807556499429e-02
-5.134343689889672713e-02
-4.772345942947479880e-02
-4.459008410399753486e-02
-4.185121932384001930e-02
-3.943663212031028875e-02
-3.729182604533293199e-02
-3.537386751618788738e-02
-3.364847357837721931e-02
-3.208793763370986624e-02
-3.066962470502188412e-02
-2.937486177925158898e-02
-2.818810728367777962e-02
-2.709632107323891453e-02
-2.608848063656051680e-02
-2.515520540348697986e-02
-2.428846198533580678e-02
-2.348133071231774116e-02
-2.272781909464169359e-02
-2.202271156087438203e-02
-2.136144750108540102e-02
-2.074002158371929250e-02
-2.015490174040905635e-02
-1.960296127015546952e-02
-1.908142230612456733e-02
-1.858780848675585518e-02
-1.811990512903120798e-02
-1.767572555224032269e-02
-1.725348247191331452e-02
-1.685156359515150096e-02
-1.646851071464996291e-02
-1.610300172989352629e-02
-1.575383512826848340e-02
-1.541991654217839472e-02
-1.510024706522902424e-02
-1.479391306466895650e-02
-1.450007727120663711e-02
-1.421797096317085375e-02
-1.394688709135079654e-02
-1.368617421502888593e-02
-1.343523113969486218e-02
-1.319350216350833119e-02
-1.296047285338036703e-02
-1.273566628308693896e-02
-1.251863967550697308e-02
-1.230898139922764062e-02
-1.210630827663736891e-02
-1.191026316645985884e-02
-1.172051278862937772e-02
-1.153674576363271712e-02
-1.135867084204376584e-02
-1.118601530307004530e-02
-1.101852350358125884e-02
-1.085595556137906523e-02
-1.069808615843626139e-02
-1.054470345154506078e-02
-1.039560807929325488e-02
-1.025061225557441155e-02
-1.010953894096021204e-02
-9.972221084243941547e-03
-9.838500927316608941e-03
-9.708229367291806855e-03
-9.581265370453357494e-03
-9.457475433177660318e-03
-9.336733085497879447e-03
-9.218918433423777328e-03
-9.103917736534641869e-03
-8.991623017711915938e-03
-8.881931702196099038e-03
-8.774746283426958920e-03
-8.669974013378638905e-03
-8.567526615318406258e-03
-8.467320017118286357e-03
-8.369274103422797567e-03
-8.273312485137310213e-03
-8.179362284838521610e-03
-8.087353936840426666e-03
-7.997221000759807685e-03
-7.908899987530909961e-03
-7.822330196908453687e-03
-7.737453565584742274e-03
-7.654214525119983417e-03
-7.572559868954350723e-03
-7.492438627831282325e-03
-7.413801953017300737e-03
-7.336603006755922779e-03
-7.260796859437089121e-03
-7.186340393007174809e-03
-7.113192210181767776e-03
-7.041312549058376113e-03
-6.970663202758536729e-03
-6.901207443756082575e-03
-6.832909952576477625e-03
-6.765736750574631586e-03
-6.699655136522596720e-03
-6.634633626756243283e-03
-6.570641898650584831e-03
-6.507650737209550590e-03
-6.445631984572318049e-03
-6.384558492250705722e-03
-6.324404075927509555e-03
-6.265143472657688090e-03
-6.206752300322260392e-03
-6.149207019200839987e-03
-6.092484895531408151e-03
-6.036563966941339496e-03
-5.981423009635930543e-03
-5.927041507242866714e-03
-5.873399621213976594e-03
-5.820478162696996957e-03
-5.768258565788374551e-03
-5.716722862093751023e-03
-5.665853656517139472e-03
-5.615634104213894882e-03
-5.566047888639861531e-03
-5.517079200638031616e-03
-5.468712718505158721e-03
-5.420933588984145485e-03
-5.373727409134876169e-03
-5.327080209033262584e-03
-5.280978435256930732e-03
-5.235408935114807191e-03
-5.190358941582236610e-03
-5.145816058904790873e-03
-5.101768248836204694e-03
-5.058203817477995717e-03
-5.015111402690560632e-03
-4.972479962045879727e-03
-4.930298761296421362e-03
-4.888557363332518557e-03
-4.847245617605765167e-03
-4.806353649994528007e-03
-4.765871853090707967e-03
-4.725790876886104205e-03
-4.686101619842094994e-03
-4.646795220319396846e-03
-4.607863048356802306e-03
-4.569296697777206276e-03
-4.531087978608253075e-03
-4.493228909803636227e-03
-4.455711712247845124e-03
-4.418528802035901794e-03
-4.381672784011215842e-03
-4.345136445552475433e-03
-4.308912750598047937e-03
-4.272994833895938857e-03
-4.237375995470204354e-03
-4.202049695295913094e-03
-4.167009548168246202e-03
-4.132249318764607757e-03
-4.097762916884586069e-03
-4.063544392864490602e-03
-4.029587933156468169e-03
-3.995887856066910118e-03
-3.962438607645999908e-03
-3.929234757722595804e-03
-3.896270996078692907e-03
-3.863542128757057291e-03
-3.831043074496112092e-03
-3.798768861288158525e-03
-3.766714623054638264e-03
-3.734875596434039657e-03
-3.703247117677981731e-03
-3.671824619650689882e-03
-3.640603628928053368e-03
-3.609579762992483776e-03
-3.578748727518844732e-03
-3.548106313748419262e-03
-3.517648395948243766e-03
-3.487370928949956074e-03
-3.457269945768079097e-03
-3.427341555292656890e-03
-3.397581940053373030e-03
-3.367987354053319452e-03
-3.338554120669596365e-03
-3.309278630616752960e-03
-3.280157339972635238e-03
-3.251186768262677093e-03
-3.222363496601129799e-03
-3.193684165887443992e-03
-3.165145475054248828e-03
-3.136744179366676363e-03
-3.108477088769508786e-03
-3.080341066282249116e-03
-3.052333026437975463e-03
-3.024449933765892100e-03
-2.996688801316572514e-03
-2.969046689224916213e-03
-2.941520703314736297e-03
-2.914107993737092162e-03
-2.886805753647799216e-03
-2.859611217916109387e-03
-2.832521661869034577e-03
-2.805534400065460947e-03
-2.778646785101991732e-03
-2.751856206448303772e-03
-2.725160089309837646e-03
-2.698555893518576020e-03
-2.672041112450008939e-03
-2.645613271964006655e-03
-2.619269929372028578e-03
-2.593008672424958107e-03
-2.566827118325936546e-03
-2.540722912761797601e-03
-2.514693728958241128e-03
-2.488737266751348421e-03
-2.462851251680650121e-03
-2.437033434099315429e-03
-2.411281588301279147e-03
-2.385593511666017803e-03
-2.359967023818140743e-03
-2.334399965803580362e-03
-2.308890199278565945e-03
-2.283435605714373082e-03
-2.258034085613460241e-03
-2.232683557739890360e-03
-2.207381958360493841e-03
-2.182127240498067059e-03
-2.156917373195298832e-03
-2.131750340788815968e-03
-2.106624142192765892e-03
-2.081536790192041290e-03
-2.056486310743448932e-03
-2.031470742285202552e-03
-2.006488135054306128e-03
-1.981536550410405509e-03
-1.956614060166273188e-03
-1.931718745924330136e-03
-1.906848698419181696e-03
-1.882002016864206019e-03
-1.857176808303618362e-03
-1.832371186967955831e-03
-1.807583273633544835e-03
-1.782811194984899785e-03
-1.758053082979879134e-03
-1.733307074216761112e-03
-1.708571309303760213e-03
-1.683843932228888240e-03
-1.659123089730823878e-03
-1.634406930670651795e-03
-1.609693605403456247e-03
-1.584981265148034668e-03
-1.560268061357129735e-03
-1.535552145085205926e-03
-1.510831666354581562e-03
-1.486104773518918867e-03
-1.461369612623486134e-03
-1.436624326762218039e-03
-1.411867055430900348e-03
-1.387095933875705797e-03
-1.362309092436637904e-03
-1.337504655885503671e-03
-1.312680742758422356e-03
-1.287835464680495666e-03
-1.262966925684783949e-03
-1.238073221522791338e-03
-1.213152438966254732e-03
-1.188202655101809569e-03
-1.163221936614323949e-03
-1.138208339061025495e-03
-1.113159906135492878e-03
-1.088074668918998606e-03
-1.062950645121278886e-03
-1.037785838307572284e-03
-1.012578237113173803e-03
-9.873258144433637133e-04
-9.620265266585710778e-04
-9.366783127440689565e-04
-9.112790934634096198e-04
-8.858267704946025129e-04
-8.603192255481767210e-04
-8.347543194659880032e-04
-8.091298913017893300e-04
-7.834437573786133709e-04
-7.576937103264524270e-04
-7.318775180969183669e-04
-7.059929229528056661e-04
-6.800376404347500264e-04
-6.540093583003504275e-04
-6.279057354376563031e-04
-6.017244007486669856e-04
-5.754629520046124040e-04
-5.491189546699085794e-04
-5.226899406937843794e-04
-4.961734072678925141e-04
-4.695668155495647672e-04
-4.428675893481870060e-04
-4.160731137723638028e-04
-3.891807338381007841e-04
-3.621877530355400998e-04
-3.350914318506208363e-04
-3.078889862426501325e-04
-2.805775860744322107e-04
-2.531543534913388571e-04
-2.256163612511887830e-04
-1.979606309969652450e-04
-1.701841314765500067e-04
-1.422837767007367055e-04
-1.142564240413715404e-04
-8.609887226466951191e-05
-5.780785949769133222e-05
-2.938006112437191453e-05
-8.120876085113658271e-07
2.789951775989058316e-05
5.675828119786280671e-05
8.576780084776705615e-05
1.149317492812494332e-04
1.442538760965026388e-04
1.737380106098234539e-04
2.033880646492222666e-04
2.332080354503118964e-04
2.632020086648948973e-04
2.933741614825078128e-04
3.237287658733154112e-04
3.542701919571184487e-04
3.850029115047334111e-04
4.159315015769562106e-04
4.470606483112878927e-04
4.783951508575967626e-04
5.099399254775358048e-04
5.417000098090767220e-04
5.736805673082043429e-04
6.058868918755368899e-04
6.383244126774126510e-04
6.709986991711982748e-04
7.039154663446055629e-04
7.370805801813606201e-04
7.705000633642013902e-04
8.041801012266302021e-04
8.381270479689969730e-04
8.723474331492229658e-04
9.068479684674335406e-04
9.416355548550478863e-04
9.767172898898744682e-04
1.012100475550131544e-03
1.047792626330739524e-03
1.083801477738038053e-03
1.120134995185434988e-03
1.156801383313529191e-03
1.193809095756923760e-03
1.231166845383809515e-03
1.268883615037591332e-03
1.306968668805001330e-03
1.345431563846010911e-03
1.384282162816334767e-03
1.423530646918702743e-03
1.463187529618863864e-03
1.503263671069302899e-03
1.543770293280610599e-03
1.584718996089740789e-03
1.626121773970670877e-03
1.667991033744728110e-03
1.710339613243092548e-03
1.753180800984377799e-03
1.796528356933717319e-03
1.840396534408716284e-03
1.884800103213057736e-03
1.929754374076230600e-03
1.975275224485022879e-03
2.021379126002647783e-03
2.068083173176975438e-03
2.115405114144783792e-03
2.163363383050674257e-03
2.211977134409220253e-03
2.261266279545591160e-03
2.311251525262384213e-03
2.361954414898581080e-03
2.413397371947486117e-03
2.465603746428773196e-03
2.518597864215427543e-03
2.572405079541293521e-03
2.627051830928928133e-03
2.682565700800104182e-03
2.738975479060754871e-03
2.796311230964757845e-03
2.854604369604616179e-03
2.913887733395912130e-03
2.974195668966707340e-03
3.035564119891248983e-03
3.098030721760854089e-03
3.161634904123059378e-03
3.226417999876175433e-03
3.292423362762626413e-03
3.359696493673982459e-03
3.428285176540524920e-03
3.498239624673844111e-03
3.569612638508013608e-03
3.642459775790803794e-03
3.716839535385145499e-03
3.792813555972305434e-03
3.870446831080259775e-03
3.949807942029908564e-03
4.030969310563358582e-03
4.114007473119797934e-03
4.199003378961393279e-03
4.286042714598188239e-03
4.375216257264735037e-03
4.466620260525940370e-03
4.560356875475332639e-03
4.656534611416490721e-03
4.755268840417364168e-03
4.856682350687733379e-03
4.960905954387057060e-03
5.068079156209014113e-03
5.178350889956478270e-03
5.291880331312018293e-03
5.408837796163482037e-03
5.529405735176060044e-03
5.653779836865678587e-03
5.782170253235532908e-03
5.914802964166451793e-03
6.051921299240960173e-03
6.193787638608616586e-03
6.340685317963438983e-03
6.492920766790429010e-03
6.650825913905838993e-03
6.814760900099942065e-03
6.985117144622104979e-03
7.162320820551265621e-03
7.346836804108580754e-03
7.539173175072466648e-03
7.739886360151548850e-03
7.949587029097204827e-03
8.168946875299482047e-03
8.398706439633793486e-03
8.639684169747009757e-03
8.892786948544686987e-03
9.159022377576417351e-03
9.439513166340202099e-03
9.735514061115273232e-03
1.004843185206981057e-02
1.037984913208511023e-02
1.073155265455562335e-02
1.110556736337635700e-02
1.150419746443046357e-02
1.193007629916478969e-02
1.238622730256561458e-02
1.287613903018892600e-02
1.340385819411608025e-02
1.397410596118752943e-02
1.459242459439027972e-02
1.526536409353486737e-02
1.600072217049361076e-02
1.680785622927661802e-02
1.769809388382345000e-02
1.868528034100433444e-02
1.978651901641968053e-02
2.102318994040458522e-02
2.242237561920668032e-02
2.401889812865062174e-02
2.585829665199780927e-02
2.800129421069572425e-02
3.053070155067364247e-02
3.356246477615403012e-02
3.726408086973392875e-02
4.188683075382586968e-02
4.782565418256749801e-02
5.573893364126425443e-02
6.681211721752759736e-02
8.341711384334665746e-02
1.110919827288780332e-01
1.664698546347800345e-01
3.329444852155464818e-01
-9.693524258601620147e+01
-3.294367352802242133e-01
-1.646594088424348790e-01
-1.095955572913717840e-01
-8.203025035045483082e-02
-6.547558667943269295e-02
-5.442934272916025162e-02
-4.653188829961771300e-02
-4.060290419792621924e-02
-3.598645808632150445e-02
-3.228890060412380886e-02
-2.925968284784952883e-02
-2.673174814859814036e-02
-2.458942810782430849e-02
-2.275009411775830159e-02
-2.115314660215342202e-02
-1.975313241011975376e-02
-1.851529087686529934e-02
-1.741258424901588261e-02
-1.642366570168423551e-02
-1.553145684621750483e-02
-1.472213159811489730e-02
-1.398437712877612440e-02
-1.330884758373836532e-02
-1.268775435184891533e-02
-1.211455465632979220e-02
-1.158371199993510348e-02
-1.109050983771813631e-02
-1.063090517212502903e-02
-1.020141243512755896e-02
-9.799010591220281424e-03
-9.421068218438527139e-03
-9.065282635123839833e-03
-8.729630093339714805e-03
-8.412324760740885754e-03
-8.111784733371887879e-03
-7.826603712400320711e-03
-7.555527273325092844e-03
-7.297432881751587941e-03
-7.051312983332465485e-03
-6.816260629937511209e-03
-6.591457209069544014e-03
-6.376161926019171047e-03
-6.169702753442341502e-03
-5.971468614926919022e-03
-5.780902610606917548e-03
-5.597496126261562385e-03
-5.420783694323053244e-03
-5.250338497145999941e-03
-5.085768420794514744e-03
-4.926712582269445091e-03
-4.772838265207156316e-03
-4.623838209054158439e-03
-4.479428205042001315e-03
-4.339344959185105662e-03
-4.203344188321932184e-03
-4.071198920065137623e-03
-3.942697971621245481e-03
-3.817644585888205818e-03
-3.695855206172886549e-03
-3.577158373351306889e-03
-3.461393731420339768e-03
-3.348411129202364441e-03
-3.238069807516715491e-03
-3.130237662466433830e-03
-3.024790576642166166e-03
-2.921611811037701581e-03
-2.820591451331097392e-03
-2.721625902933215695e-03
-2.624617429850328171e-03
-2.529473732982356633e-03
-2.436107563960264628e-03
-2.344436371065058110e-03
-2.254381974155224115e-03
-2.165870265843845496e-03
-2.078830936483862940e-03
-1.993197220757169860e-03
-1.908905663902860442e-03
-1.825895905818467665e-03
-1.744110481446047630e-03
-1.663494636015122249e-03
-1.583996153852191679e-03
-1.505565199597626996e-03
-1.428154170776598647e-03
-1.351717560774594405e-03
-1.276211831356380624e-03
-1.201595293943585364e-03
-1.127827998947306901e-03
-1.054871632503206254e-03
-9.826894200259702998e-04
-9.112460360454930838e-04
-8.405075198358960033e-04
-7.704411963908464750e-04
-7.010156023372167075e-04
-6.322004164125583775e-04
-5.639663941609178270e-04
-4.962853065394613045e-04
-4.291298821387707664e-04
-3.624737527540308583e-04
-2.962914020675851308e-04
-2.305581172081872313e-04
-1.652499429857659866e-04
-1.003436386075202968e-04
-3.581663669809456718e-05
2.835299554059976176e-05
9.218659318484126799e-05
1.557049285934191708e-04
2.189282447032153342e-04
2.818762867275374610e-04
3.445683323782845753e-04
4.070232207132613161e-04
4.692593797110092453e-04
5.312948526635919398e-04
5.931473234742691038e-04
6.548341409415461660e-04
7.163723421080895291e-04
7.777786747421595176e-04
8.390696190236817190e-04
9.002614084971550124e-04
9.613700503517709495e-04
1.022411345088482726e-03
1.083400905625847305e-03
1.144354175901891564e-03
1.205286449017007678e-03
1.266212884969042992e-03
1.327148528028841137e-03
1.388108323795729689e-03
1.449107135982204272e-03
1.510159762967104710e-03
1.571280954159319032e-03
1.632485426212823207e-03
1.693787879135476640e-03
1.755203012324081961e-03
1.816745540576025384e-03
1.878430210105556594e-03
1.940271814614437243e-03
2.002285211446290080e-03
2.064485337872805706e-03
2.126887227551741387e-03
2.189506027190400890e-03
2.252357013469539256e-03
2.315455610258074226e-03
2.378817406174545037e-03
2.442458172534640003e-03
2.506393881737870640e-03
2.570640726139213333e-03
2.635215137463982685e-03
2.700133806814753422e-03
2.765413705333541559e-03
2.831072105579537750e-03
2.897126603683073016e-03
2.963595142352796943e-03
3.030496034795357278e-03
3.097847989644232376e-03
3.165670136960875569e-03
3.233982055406991324e-03
3.302803800684079791e-03
3.372155935333632538e-03
3.442059560013446991e-03
3.512536346363366070e-03
3.583608571587229216e-03
3.655299154889846483e-03
3.727631695905701901e-03
3.800630515294128701e-03
3.874320697657260629e-03
3.948728136972595032e-03
4.023879584746506595e-03
4.099802701101340659e-03
4.176526109037094307e-03
4.254079452130641106e-03
4.332493455951746605e-03
4.411799993510094609e-03
4.492032155069031370e-03
4.573224322697059044e-03
4.655412249965721130e-03
4.738633147239788845e-03
4.822925773043241007e-03
4.908330532054234682e-03
4.994889580303278273e-03
5.082646938249554130e-03
5.171648612445628110e-03
5.261942726590415793e-03
5.353579662863236326e-03
5.446612214518121997e-03
5.541095750822453911e-03
5.637088395560027609e-03
5.734651220446963099e-03
5.833848454965109842e-03
5.934747714294031674e-03
6.037420247231487826e-03
6.141941206203531400e-03
6.248389941740661174e-03
6.356850324081751713e-03
6.467411094904904414e-03
6.580166252580911188e-03
6.695215474776031878e-03
6.812664582745330683e-03
6.932626052250753096e-03
7.055219576714942889e-03
7.180572688995242453e-03
7.308821449100293480e-03
7.440111206212541954e-03
7.574597444623130602e-03
7.712446724653802647e-03
7.853837731305329459e-03
7.998962445418080977e-03
8.148027454449997126e-03
8.301255422807279211e-03
8.458886744961809784e-03
8.621181408560194687e-03
8.788421099449416837e-03
8.960911586245488142e-03
9.138985428886135451e-03
9.323005063916365784e-03
9.513366329285200332e-03
9.710502503713712430e-03
9.914888950712595628e-03
1.012704847582484441e-02
1.034755752857300856e-02
1.057705340903944240e-02
1.081624267460706487e-02
1.106591098716140989e-02
1.132693469766307345e-02
1.160029453713658579e-02
1.188709187552212075e-02
1.218856812916365231e-02
1.250612805288990430e-02
1.284136785608342921e-02
1.319610935113434136e-02
1.357244170152957681e-02
1.397277282021960193e-02
1.439989312675602970e-02
1.485705527690083134e-02
1.534807473878501902e-02
1.587745786722804045e-02
1.645056666941979370e-02
1.707383314419120765e-02
1.775504151940156261e-02
1.850370488515535455e-02
1.933157523698539326e-02
2.025334552833321644e-02
2.128763371817508909e-02
2.245839045574700432e-02
2.379695963892697330e-02
2.534517472509469765e-02
2.716015375728849518e-02
2.932198984906984190e-02
3.194660524936262375e-02
3.520832349080219026e-02
3.938196722187010945e-02
4.492750688170533968e-02
5.267760251528386811e-02
6.431102474208963415e-02
8.379352277730253706e-02
1.232839528934076279e-01
2.468960112280108865e-01
-3.494857995006094065e+00
-2.023207242620736479e-01
-1.002624817308811617e-01
-6.473774935067551362e-02
-4.662885814355633568e-02
-3.561637258325951738e-02
-2.818791117880070640e-02
-2.281994141520177211e-02
-1.874459447077340968e-02
-1.553280755944134311e-02
-1.292599257723497583e-02
-1.075899129171448143e-02
-8.921348604915252389e-03
-7.336371969773160598e-03
-5.949124258449595137e-03
-4.719198791831301018e-03
-3.616192625257566920e-03
-2.616771171035519455e-03
-1.702707458367265503e-03
-8.595381197681536967e-04
-7.562089691827249271e-05
6.585398111041643882e-04
1.350784443158493248e-03
2.007662393754971672e-03
2.634705861479498187e-03
3.236638699433455613e-03
3.817537790414078994e-03
4.380959299072926388e-03
4.930038642370807023e-03
5.467570597593355598e-03
5.996074272151965569e-03
6.517846457597465011e-03
7.035006028424889944e-03
7.549531421931997104e-03
8.063292779525058768e-03
8.578079995101333538e-03
9.095627669741784826e-03
9.617637791112833290e-03
1.014580082470649923e-02
1.068181581121579841e-02
1.122741000216354382e-02
1.178435852924271561e-02
1.235450458845664505e-02
1.293978062644396583e-02
1.354223104306834582e-02
1.416403697261619903e-02
1.480754377813889300e-02
1.547529199375657742e-02
1.617005258399632425e-02
1.689486756588562399e-02
1.765309727012410318e-02
1.844847581813777171e-02
1.928517678396389143e-02
2.016789152385026207e-02
2.110192333385763064e-02
2.209330149508837576e-02
2.314892046993027169e-02
2.427671113873031486e-02
2.548585318489075824e-02
2.678704079671573313e-02
2.819281812602915036e-02
2.971800698336173052e-02
3.138025790891747074e-02
3.320076836348435922e-02
3.520523043742022906e-02
3.742509858531858219e-02
3.989931110194007424e-02
4.267666694371765462e-02
4.581916879530952003e-02
4.940682408197723252e-02
5.354470399154423466e-02
5.837360499902254779e-02
6.408665735050357581e-02
7.095614737250854898e-02
7.937871879260285923e-02
8.995553997288610604e-02
1.036436641342919490e-01
1.220651572533326956e-01
1.482061847400564791e-01
1.882327564244584139e-01
2.572590217127649903e-01
4.048214781372049265e-01
9.424455184442733779e-01
-2.931895647461595811e+00
-5.757306088030068603e-01
-3.197794715583600067e-01
-2.216101913250083377e-01
-1.696820628696424915e-01
-1.375400852216748793e-01
-1.156775647498351767e-01
-9.983743979381864975e-02
-8.782824926462586002e-02
-7.840682959861280943e-02
-7.081544586244506445e-02
-6.456592487267157066e-02
-5.932957353675481771e-02
-5.487696924086943318e-02
-5.104311287657488372e-02
-4.770629781826872529e-02
-4.477478414606880786e-02
-4.217810960910606949e-02
-3.986125823858287232e-02
-3.778064712480952436e-02
-3.590130266155466127e-02
-3.419483431713506161e-02
-3.263795495410540953e-02
-3.121138310091490023e-02
-2.989901689292627854e-02
-2.868730434994248152e-02
-2.756475762146028130e-02
-2.652157420876435912e-02
-2.554933865057461978e-02
-2.464078541201585038e-02
-2.378960881135677025e-02
-2.299030944604835494e-02
-2.223806919431117746e-02
-2.152864877533075538e-02
-2.085830325677788533e-02
-2.022371194510731371e-02
-1.962191988086101416e-02
-1.905028875787332515e-02
-1.850645554151456387e-02
-1.798829741275193017e-02
-1.749390193774310459e-02
-1.702154157613916877e-02
-1.656965180918349226e-02
-1.613681230169496106e-02
-1.572173061798106883e-02
-1.532322809656403058e-02
-1.494022755696483920e-02
-1.457174256713460875e-02
-1.421686804510000242e-02
-1.387477200519123335e-02
-1.354468828941330152e-02
-1.322591014939981241e-02
-1.291778456500626560e-02
-1.261970720270625367e-02
-1.233111793124374092e-02
-1.205149682394355756e-02
-1.178036058712017727e-02
-1.151725936249334628e-02
-1.126177385867554656e-02
-1.101351277283896257e-02
-1.077211046888067181e-02
-1.053722488275245922e-02
-1.030853562942606570e-02
-1.008574228917715788e-02
-9.868562853658951681e-03
-9.656732314618381163e-03
-9.450001380197770376e-03
-9.248135305525586811e-03
-9.050912825895891106e-03
-8.858125182152683241e-03
-8.669575229096535690e-03
-8.485076618764573683e-03
-8.304453051320145884e-03
-8.127537587092068319e-03
-7.954172014006225672e-03
-7.784206265250281052e-03
-7.617497882552038378e-03
-7.453911520957441812e-03
-7.293318491365471772e-03
-7.135596337512664644e-03
-6.980628444375386321e-03
-6.828303675301357345e-03
-6.678516035401539132e-03
-6.531164359010631013e-03
-6.386152019206111502e-03
-6.243386657563319841e-03
-6.102779932511396242e-03
-5.964247284791705621e-03
-5.827707718651104450e-03
-5.693083597541147463e-03
-5.560300453183693488e-03
-5.429286806982238159e-03
-5.299974002823425352e-03
-5.172296050429155481e-03
-5.046189478442895081e-03
-4.921593196551724697e-03
-4.798448365970276949e-03
-4.676698277674096356e-03
-4.556288237834232695e-03
-4.437165459924187136e-03
-4.319278963041021241e-03
-4.202579475984127670e-03
-4.087019346711513561e-03
-3.972552456776184439e-03
-3.859134140416965991e-03
-3.746721107975184081e-03
-3.635271373347576628e-03
-3.524744185195112511e-03
-3.415099961658799900e-03
-3.306300228348978479e-03
-3.198307559372622934e-03
-3.091085521220209714e-03
-2.984598619296434212e-03
-2.878812246933460349e-03
-2.773692636711182387e-03
-2.669206813936741713e-03
-2.565322552131420533e-03
-2.462008330394001559e-03
-2.359233292506410229e-03
-2.256967207670203431e-03
-2.155180432749688110e-03
-2.053843875928178589e-03
-1.952928961662478207e-03
-1.852407596849986460e-03
-1.752252138116538321e-03
-1.652435360136155981e-03
-1.552930424903126464e-03
-1.453710851877090555e-03
-1.354750488929878189e-03
-1.256023484019370799e-03
-1.157504257520833389e-03
-1.059167475158272285e-03
-9.609880214535688157e-04
-8.629409736601680904e-04
-7.650015760872143529e-04
-6.671452147847373691e-04
-5.693473925126721000e-04
-4.715837039489158972e-04
-3.738298110742221091e-04
-2.760614186775151545e-04
-1.782542499392204480e-04
-8.038402201418623147e-05
1.757357841380459418e-05
1.156429196828888742e-04
2.138484498557164694e-04
3.122147216258874119e-04
4.107664175010171739e-04
5.095283753051662624e-04
6.085256140734526288e-04
7.077833603945458268e-04
8.073270752655954501e-04
9.071824815359355587e-04
1.007375591992146734e-03
1.107932738176842409e-03
1.208880599999969697e-03
1.310246236236925141e-03
1.412057115983510105e-03
1.514341151172888221e-03
1.617126730228890356e-03
1.720442752977000174e-03
1.824318666896355100e-03
1.928784504844090371e-03
2.033870924361392239e-03
2.139609248689233485e-03
2.246031509637255036e-03
2.353170492448274347e-03
2.461059782815617700e-03
2.569733816222594548e-03
2.679227929793713547e-03
2.789578416841927318e-03
2.900822584341347394e-03
3.012998813534186436e-03
3.126146623945340926e-03
3.240306741051659362e-03
3.355521167917312197e-03
3.471833261103582455e-03
3.589287811201725617e-03
3.707931128373490037e-03
3.827811133298959518e-03
3.948977454000150190e-03
4.071481529014483319e-03
4.195376717474427752e-03
4.320718416678245161e-03
4.447564187802397102e-03
4.575973890472324022e-03
4.706009826982698180e-03
4.837736897033073288e-03
4.971222763935436578e-03
5.106538033366584545e-03
5.243756445823298876e-03
5.382955084099496496e-03
5.524214597220833065e-03
5.667619442457668202e-03
5.813258147198034978e-03
5.961223592694932932e-03
6.111613321914847324e-03
6.264529874002637208e-03
6.420081148163107876e-03
6.578380800133512389e-03
6.739548674778121987e-03
6.903711278837185855e-03
7.071002298357644857e-03
7.241563165923779397e-03
7.415543683529137939e-03
7.593102707698928117e-03
7.774408904419879279e-03
7.959641582495938575e-03
8.148991615192823293e-03
8.342662461521561240e-03
8.540871300178588810e-03
8.743850291203215247e-03
8.951847982736387682e-03
9.165130883090698288e-03
9.383985221590087494e-03
9.608718925620551160e-03
9.839663845955037152e-03
1.007717826804386228e-02
1.032164975369424809e-02
1.057349836563911682e-02
1.083318033735983579e-02
1.110119226243275539e-02
1.137807589229068023e-02
1.166442364917164368e-02
1.196088498309026346e-02
1.226817372904403375e-02
1.258707665471964741e-02
1.291846343164923874e-02
1.326329831655112534e-02
1.362265389780618896e-02
1.399772734900057644e-02
1.438985974331604203e-02
1.480055912725853316e-02
1.523152824095394542e-02
1.568469802041746325e-02
1.616226834639678672e-02
1.666675794503153299e-02
1.720106594129130334e-02
1.776854838011373422e-02
1.837311415482183186e-02
1.901934635565068199e-02
1.971265728078711726e-02
2.045948855761122245e-02
2.126757250127095378e-02
2.214627778541788244e-02
2.310707300711206322e-02
2.416415794318036575e-02
2.533533788569745926e-02
2.664325784589241866e-02
2.811718228381997545e-02
2.979562421280942258e-02
3.173033768846426905e-02
3.399257686341274065e-02
3.668328010245060916e-02
3.995038654137220147e-02
4.401988379958361730e-02
4.925522532653004576e-02
5.628079549178352514e-02
6.626761068980327463e-02
8.169971794679886656e-02
1.089325970254944320e-01
1.705535261632819266e-01
4.487582461745646123e-01
-5.536804761586746615e-01
-1.574674271198322206e-01
-8.651668807263569738e-02
-5.665668502461404521e-02
-4.007494393063762428e-02
-2.943137699063462509e-02
-2.194855048702426537e-02
-1.634282089210227495e-02
-1.193868537585977829e-02
-8.346397801174916531e-03
-5.324961386547817643e-03
-2.717006796355975196e-03
-4.150844068003430032e-04
1.656999918114448328e-03
3.555103126966115135e-03
5.321432730280142853e-03
6.988808570627572103e-03
8.583475674281346168e-03
1.012702189170440470e-02
1.163772691498497595e-02
1.313154239470863335e-02
1.462282956232984453e-02
1.612493721684103015e-02
1.765067657236951693e-02
1.921273341263905754e-02
2.082404842179402110e-02
2.249819130798671324e-02
2.424975224624080147e-02
2.609477471603989171e-02
2.805125694429947900e-02
3.013975526785650505e-02
3.238413268523893107e-02
3.481251125262224688e-02
3.745851043583706824e-02
4.036288944208504814e-02
4.357576726881795537e-02
4.715968228777872584e-02
5.119389567582344203e-02
5.578057977781451793e-02
6.105393815309044514e-02
6.719402382736253121e-02
7.444835166557861594e-02
8.316697296509190096e-02
9.386193577209300809e-02
1.073135107206637795e-01
1.247725752681997785e-01
1.483787618330079938e-01
1.821207356923430221e-01
2.343846704348403476e-01
3.263216221954309271e-01
5.310568970400992850e-01
1.387637652879680772e+00
-2.357792010894472323e+00
-6.440890081914124599e-01
-3.751085705345301724e-01
-2.655938175199159534e-01
-2.061290548185108484e-01
-1.687663688767411241e-01
-1.431013793626753627e-01
-1.243748263794499098e-01
-1.101012318542003432e-01
-9.885585907578074705e-02
-8.976337783558803463e-02
-8.225631050648130049e-02
-7.595062133963521867e-02
-7.057712761903689458e-02
-6.594154460124546091e-02
-6.190012537094581602e-02
-5.834422796072238210e-02
-5.519021257264596775e-02
-5.237263808731869308e-02
-4.983956569560771266e-02
-4.754924564075138638e-02
-4.546773406868095946e-02
-4.356714897119041280e-02
-4.182437381696017809e-02
-4.022008029223358289e-02
-3.873798211411481895e-02
-3.736425858514071108e-02
-3.608710448269442095e-02
-3.489637511573563666e-02
-3.378330387017405151e-02
-3.274027553754776942e-02
-3.176064298146736437e-02
-3.083857777178347637e-02
-2.996894766251540290e-02
-2.914721544757248317e-02
-2.836935496446110760e-02
-2.763178094638335525e-02
-2.693129012950120499e-02
-2.626501156260117181e-02
-2.563036448359522906e-02
-2.502502245120946309e-02
-2.444688267393341219e-02
-2.389403967790867944e-02
-2.336476261381294217e-02
-2.285747562888700013e-02
-2.237074083148213322e-02
-2.190324345696715441e-02
-2.145377890992478803e-02
-2.102124141125766982e-02
-2.060461402284083018e-02
-2.020295985840635244e-02
-1.981541431917622359e-02
-1.944117821734945087e-02
-1.907951167115123220e-02
-1.872972867216346135e-02
-1.839119224004801684e-02
-1.806331009180897965e-02
-1.774553076287440148e-02
-1.743734012587816809e-02
-1.713825826031955754e-02
-1.684783663245870838e-02
-1.656565555012792096e-02
-1.629132186162251389e-02
-1.602446687178567947e-02
-1.576474445166502897e-02
-1.551182932109628453e-02
-1.526541548594998431e-02
-1.502521481404320465e-02
-1.479095573554083803e-02
-1.456238205527205301e-02
-1.433925186590261774e-02
-1.412133655204845725e-02
-1.390841987657987291e-02
-1.370029714127052670e-02
-1.349677441483163216e-02
-1.329766782206158980e-02
-1.310280288854240652e-02
-1.291201393586080895e-02
-1.272514352284359954e-02
-1.254204192878039664e-02
-1.236256667495924319e-02
-1.218658208123917647e-02
-1.201395885470563259e-02
-1.184457370768216347e-02
-1.167830900271464405e-02
-1.151505242226791292e-02
-1.135469666120693215e-02
-1.119713914015992018e-02
-1.104228173818182050e-02
-1.089003054316980620e-02
-1.074029561866936440e-02
-1.059299078581578402e-02
-1.044803341927775034e-02
-1.030534425612985444e-02
-1.016484721671932767e-02
-1.002646923663768827e-02
-9.890140108986308215e-03
-9.755792336203217285e-03
-9.623360990773863199e-03
-9.492783584180026699e-03
-9.363999943540861348e-03
-9.236952095380704733e-03
-9.111584156069649221e-03
-8.987842228442720696e-03
-8.865674304227817021e-03
-8.745030171849620462e-03
-8.625861329285652856e-03
-8.508120901620484094e-03
-8.391763563011172405e-03
-8.276745462755542501e-03
-8.163024155220997141e-03
-8.050558533369897921e-03
-7.939308765672887028e-03
-7.829236236162521664e-03
-7.720303487480964857e-03
-7.612474166675918877e-03
-7.505712973629473372e-03
-7.399985611916880431e-03
-7.295258741962295200e-03
-7.191499936353280137e-03
-7.088677637168732532e-03
-6.986761115219971771e-03
-6.885720431048736323e-03
-6.785526397628459730e-03
-6.686150544616589753e-03
-6.587565084074931999e-03
-6.489742877602356838e-03
-6.392657404738521718e-03
-6.296282732596154147e-03
-6.200593486633202388e-03
-6.105564822497866646e-03
-6.011172398862634284e-03
-5.917392351209258342e-03
-5.824201266486679282e-03
-5.731576158557845184e-03
-5.639494444450799185e-03
-5.547933921276782844e-03
-5.456872743826293726e-03
-5.366289402755649793e-03
-5.276162703347300580e-03
-5.186471744777281304e-03
-5.097195899840208100e-03
-5.008314795130492519e-03
-4.919808291569599534e-03
-4.831656465325179575e-03
-4.743839588996250772e-03
-4.656338113099360923e-03
-4.569132647761192829e-03
