6.213883652093357083e-05
9.376340607962702686e-05
1.260682319521659297e-04
1.590777283520851144e-04
1.928175053219002844e-04
2.273144429097656658e-04
2.625967709373216085e-04
2.986941548565977701e-04
3.356377882453103444e-04
3.734604925471608728e-04
4.121968247279643970e-04
4.518831935904435177e-04
4.925579855710682459e-04
5.342617009333593819e-04
5.770371013738906981e-04
6.209293701727432516e-04
6.659862861498860431e-04
7.122584128363949624e-04
7.597993044359298287e-04
8.086657303412233405e-04
8.589179201855714606e-04
9.106198316544224019e-04
9.638394435621616902e-04
1.018649077019247043e-03
1.075125747881785273e-03
1.133351554096989535e-03
1.193414102043111220e-03
1.255406976521868936e-03
1.319430259708199949e-03
1.385591105112457836e-03
1.454004373480736415e-03
1.524793338574357117e-03
1.598090471954295884e-03
1.674038317284863402e-03
1.752790466300268744e-03
1.834512650498508739e-03
1.919383964894823312e-03
2.007598242855713599e-03
2.099365604231275429e-03
2.194914202817767421e-03
2.294492203749280874e-03
2.398370026906205491e-03
2.506842899049400910e-03
2.620233765409812378e-03
2.738896621218738989e-03
2.863220335582332843e-03
2.993633054730867292e-03
3.130607289710810558e-03
3.274665815942344460e-03
3.426388539917471672e-03
3.586420523206536141e-03
3.755481397910716713e-03
3.934376463445313221e-03
4.124009825675376689e-03
4.325400030823945904e-03
4.539698764852095718e-03
4.768213343253712225e-03
5.012433918988860870e-03
5.274066605184929077e-03
5.555074069123568103e-03
5.857725640442991433e-03
6.184659640852876311e-03
6.538961560386462313e-03
6.924262988409743413e-03
7.344868025466056403e-03
7.805916514104305551e-03
8.313597238327623956e-03
8.875429897057300621e-03
9.500643204913752221e-03
1.020068965592962375e-02
1.098995827330609236e-02
1.188678027002746350e-02
1.291487838327552880e-02
1.410550636808849748e-02
1.550069512567028331e-02
1.715833626281718094e-02
1.916044287598652265e-02
2.162717367308490679e-02
2.474192877035302773e-02
2.879925985005270597e-02
3.430411262996008182e-02
4.220051603219700243e-02
5.448141996677485777e-02
7.620585107717284257e-02
1.250804025318154600e-01
3.368556217307566714e-01
-5.102234175781558134e-01
-1.471832808348780275e-01
-8.667292435140092066e-02
-6.175429697423263919e-02
-4.816030311198812863e-02
-3.959947351113118214e-02
-3.371250717936841168e-02
-2.941540093872154274e-02
-2.614034358354584697e-02
-2.356114568236535728e-02
-2.147707526326420036e-02
-1.975783261222776796e-02
-1.831515016906138521e-02
-1.708710888782107723e-02
-1.602898944706469819e-02
-1.510768792364073146e-02
-1.429817451265121345e-02
-1.358117337846143774e-02
-1.294159907603194271e-02
-1.236747655328102741e-02
-1.184917879981117056e-02
-1.137887823898214683e-02
-1.095014506853579823e-02
-1.055764859080356860e-02
-1.019693198630520874e-02
-9.864240290433819169e-03
-9.556387466348556514e-03
-9.270652585992368230e-03
-9.004697944697312439e-03
-8.756503887094342978e-03
-8.524316496329967241e-03
-8.306605278973686057e-03
-8.102028686053143816e-03
-7.909405827915032966e-03
-7.727693122539996268e-03
-7.555964901769999034e-03
-7.393397214310934787e-03
-7.239254227183659560e-03
-7.092876751948024375e-03
-6.953672518201971936e-03
-6.821107891610184853e-03
-6.694700792218017359e-03
-6.574014614890613672e-03
-6.458652990243797173e-03
-6.348255253557071737e-03
-6.242492512508263786e-03
-6.141064223390547278e-03
-6.043695200719208585e-03
-5.950132997548199763e-03
-5.860145603966372338e-03
-5.773519419582065666e-03
-5.690057462682246783e-03
-5.609577784449462992e-03
-5.531912061356411212e-03
-5.456904342810703704e-03
-5.384409934433570175e-03
-5.314294400138291213e-03
-5.246432668520767048e-03
-5.180708231058910734e-03
-5.117012421301771891e-03
-5.055243765661951438e-03
-4.995307397648409906e-03
-4.937114528422544696e-03
-4.880581967459175427e-03
-4.825631687866134209e-03
-4.772190431582503181e-03
-4.720189350251358801e-03
-4.669563678062097628e-03
-4.620252433290445229e-03
-4.572198145641635444e-03
-4.525346606831143030e-03
-4.479646642124673200e-03
-4.435049900811007320e-03
-4.391510663802160319e-03
-4.348985666749356771e-03
-4.307433937234338150e-03
-4.266816644746405235e-03
-4.227096962288873216e-03
-4.188239938576596502e-03
-4.150212379890776300e-03
-4.112982740750324197e-03
-4.076521022641499403e-03
-4.040798680121413140e-03
-4.005788533676231389e-03
-3.971464688774174051e-03
-3.937802460605239509e-03
-3.904778304047079422e-03
-3.872369748438427191e-03
-3.840555336779410620e-03
-3.809314569011942007e-03
-3.778627849064613870e-03
-3.748476435373351671e-03
-3.718842394614859867e-03
-3.689708558411843985e-03
-3.661058482789737029e-03
-3.632876410183077769e-03
-3.605147233806278544e-03
-3.577856464218871595e-03
-3.550990197929263219e-03
-3.524535087893315537e-03
-3.498478315775503146e-03
-3.472807565851403124e-03
-3.447511000438681101e-03
-3.422577236753739441e-03
-3.397995325098022296e-03
-3.373754728285710026e-03
-3.349845302231277064e-03
-3.326257277621239364e-03
-3.302981242599998223e-03
-3.280008126405074831e-03
-3.257329183891222342e-03
-3.234935980887968486e-03
-3.212820380338355774e-03
-3.190974529170751556e-03
-3.169390845858859745e-03
-3.148062008628343348e-03
-3.126980944270800998e-03
-3.106140817529327511e-03
-3.085535021021473985e-03
-3.065157165668342537e-03
-3.045001071600294575e-03
-3.025060759511785484e-03
-3.005330442439580266e-03
-2.985804517940546243e-03
-2.966477560646248526e-03
-2.947344315173432670e-03
-2.928399689370841594e-03
-2.909638747883562353e-03
-2.891056706017778883e-03
-2.872648923889832475e-03
-2.854410900843801398e-03
-2.836338270124027627e-03
-2.818426793788361175e-03
-2.800672357850061793e-03
-2.783070967636061023e-03
-2.765618743350776836e-03
-2.748311915834235515e-03
-2.731146822505763853e-03
-2.714119903482373197e-03
-2.697227697864463657e-03
-2.680466840179532989e-03
-2.663834056976484635e-03
-2.647326163563114634e-03
-2.630940060879642054e-03
-2.614672732501731323e-03
-2.598521241766898072e-03
-2.582482729018199634e-03
-2.566554408959703746e-03
-2.550733568118540399e-03
-2.535017562408406824e-03
-2.519403814789997111e-03
-2.503889813023384321e-03
-2.488473107509009668e-03
-2.473151309212163508e-03
-2.457922087668008241e-03
-2.442783169063127667e-03
-2.427732334390196676e-03
-2.412767417672574168e-03
-2.397886304255712319e-03
-2.383086929162416250e-03
-2.368367275509221902e-03
-2.353725372981068861e-03
-2.339159296362065474e-03
-2.324667164119525575e-03
-2.310247137039345665e-03
-2.295897416910371112e-03
-2.281616245255789835e-03
-2.267401902109277088e-03
-2.253252704834655777e-03
-2.239167006986455492e-03
-2.225143197210375807e-03
-2.211179698181684090e-03
-2.197274965579876400e-03
-2.183427487098588398e-03
-2.169635781488818589e-03
-2.155898397634432601e-03
-2.142213913658675209e-03
-2.128580936060212123e-03
-2.114998098877752652e-03
-2.101464062882085759e-03
-2.087977514794541606e-03
-2.074537166530364147e-03
-2.061141754466944923e-03
-2.047790038734944792e-03
-2.034480802532325720e-03
-2.021212851459508464e-03
-2.007985012875902493e-03
-1.994796135275942427e-03
-1.981645087684720356e-03
-1.968530759072006225e-03
-1.955452057784134567e-03
-1.942407910993148050e-03
-1.929397264162333297e-03
-1.916419080528008242e-03
-1.903472340596074367e-03
-1.890556041654235884e-03
-1.877669197297498647e-03
-1.864810836968209314e-03
-1.851980005508908032e-03
-1.839175762728080098e-03
-1.826397182978002545e-03
-1.813643354745033678e-03
-1.800913380250589819e-03
-1.788206375063728639e-03
-1.775521467724105714e-03
-1.762857799375263518e-03
-1.750214523408019120e-03
-1.737590805113015981e-03
-1.724985821342860104e-03
-1.712398760183063374e-03
-1.699828820631478585e-03
-1.687275212286237867e-03
-1.674737155041388726e-03
-1.662213878790673970e-03
-1.649704623138428328e-03
-1.637208637117874973e-03
-1.624725178916239070e-03
-1.612253515606855295e-03
-1.599792922887277070e-03
-1.587342684824352874e-03
-1.574902093604575466e-03
-1.562470449290949762e-03
-1.550047059585031063e-03
-1.537631239594643845e-03
-1.525222311606969083e-03
-1.512819604866252887e-03
-1.500422455357090313e-03
-1.488030205591738073e-03
-1.475642204402706015e-03
-1.463257806739125082e-03
-1.450876373467781689e-03
-1.438497271178256886e-03
-1.426119871991673744e-03
-1.413743553373744254e-03
-1.401367697951341404e-03
-1.388991693332386739e-03
-1.376614931929512689e-03
-1.364236810787061412e-03
-1.351856731410836865e-03
-1.339474099601504348e-03
-1.327088325290594730e-03
-1.314698822379431909e-03
-1.302305008580999538e-03
-1.289906305264129031e-03
-1.277502137300625101e-03
-1.265091932914460399e-03
-1.252675123533646172e-03
-1.240251143644178090e-03
-1.227819430646219425e-03
-1.215379424712396050e-03
-1.202930568648047328e-03
-1.190472307753410140e-03
-1.178004089687634780e-03
-1.165525364334706222e-03
-1.153035583670652345e-03
-1.140534201632855500e-03
-1.128020673990582506e-03
-1.115494458216956860e-03
-1.102955013362516036e-03
-1.090401799929945591e-03
-1.077834279750043613e-03
-1.065251915859008556e-03
-1.052654172376637359e-03
-1.040040514385774315e-03
-1.027410407812609072e-03
-1.014763319307924409e-03
-1.002098716129382668e-03
-9.894160660242380667e-04
-9.767148371132195091e-04
-9.639944977748076196e-04
-9.512545165302238766e-04
-9.384943619290225629e-04
-9.257135024351931599e-04
-9.129114063136387416e-04
-9.000875415171288169e-04
-8.872413755736862848e-04
-8.743723754740910514e-04
-8.614800075596065580e-04
-8.485637374102093788e-04
-8.356230297323790669e-04
-8.226573482478178115e-04
-8.096661555812055891e-04
-7.966489131487515529e-04
-7.836050810461191868e-04
-7.705341179365813101e-04
-7.574354809388719398e-04
-7.443086255146096758e-04
-7.311530053557288925e-04
-7.179680722716186292e-04
-7.047532760752891687e-04
-6.915080644700113272e-04
-6.782318829345688332e-04
-6.649241746085618812e-04
-6.515843801769343954e-04
-6.382119377536833726e-04
-6.248062827651917894e-04
-6.113668478324261329e-04
-5.978930626526516787e-04
-5.843843538801208118e-04
-5.708401450057959750e-04
-5.572598562360317823e-04
-5.436429043708945752e-04
-5.299887026799319362e-04
-5.162966607786066003e-04
-5.025661845019704227e-04
-4.887966757779957372e-04
-4.749875324993203113e-04
-4.611381483933894160e-04
-4.472479128914148144e-04
-4.333162109958973995e-04
-4.193424231461826551e-04
-4.053259250826526244e-04
-3.912660877093167289e-04
-3.771622769541994880e-04
-3.630138536283647466e-04
-3.488201732827402729e-04
-3.345805860630879369e-04
-3.202944365626875234e-04
-3.059610636732736783e-04
-2.915798004333967908e-04
-2.771499738746623087e-04
-2.626709048655674617e-04
-2.481419079530672311e-04
-2.335622912012710883e-04
-2.189313560277336701e-04
-2.042483970371815338e-04
-1.895127018520029183e-04
-1.747235509405378751e-04
-1.598802174417601751e-04
-1.449819669869581440e-04
-1.300280575186746335e-04
-1.150177391062573440e-04
-9.995025375766908304e-05
-8.482483522798123232e-05
-6.964070882498063497e-05
-5.439709120882985083e-05
-3.909319019236578985e-05
-2.372820453178103861e-05
-8.301323717839481642e-06
7.188272239201654035e-06
2.274141302896492967e-05
3.835893826364261683e-05
5.404169770659855709e-05
6.979055150447763256e-05
8.560637042543187136e-05
1.014900361008055918e-04
1.174424412736033152e-04
1.334644900510550958e-04
1.495570981630868490e-04
1.657211932264250620e-04
1.819577150146082373e-04
1.982676157339605810e-04
2.146518603052590540e-04
2.311114266524156441e-04
2.476473059975486252e-04
2.642605031624081086e-04
2.809520368771568216e-04
2.977229400962424360e-04
3.145742603214776723e-04
3.315070599331382956e-04
3.485224165283885844e-04
3.656214232681687798e-04
3.828051892322791028e-04
4.000748397832189218e-04
4.174315169386474955e-04
4.348763797532937542e-04
4.524106047099803185e-04
4.700353861206638117e-04
4.877519365373119212e-04
5.055614871733379867e-04
5.234652883353979602e-04
5.414646098666781732e-04
5.595607416009860946e-04
5.777549938292296169e-04
5.960486977771009207e-04
6.144432060965175635e-04
6.329398933688657608e-04
6.515401566219601245e-04
6.702454158609349663e-04
6.890571146131617072e-04
7.079767204878672018e-04
7.270057257506594081e-04
7.461456479146682391e-04
7.653980303464012064e-04
7.847644428895734006e-04
8.042464825054242844e-04
8.238457739315604642e-04
8.435639703585655000e-04
8.634027541262771430e-04
8.833638374393451564e-04
9.034489631037515359e-04
9.236599052837891899e-04
9.439984702813751863e-04
9.644664973377701199e-04
9.850658594588303056e-04
1.005798464264053439e-03
1.026666254861396607e-03
1.047671210747077360e-03
1.068815348733517193e-03
1.090100723903664540e-03
1.111529430595203146e-03
1.133103603414046482e-03
1.154825418279264038e-03
1.176697093499330660e-03
1.198720890882357375e-03
1.220899116880429063e-03
1.243234123769491797e-03
1.265728310866398414e-03
1.288384125784972772e-03
1.311204065730686794e-03
1.334190678837888101e-03
1.357346565549548759e-03
1.380674380041086845e-03
1.404176831691458360e-03
1.427856686601188582e-03
1.451716769161386523e-03
1.475759963673674378e-03
1.499989216024846198e-03
1.524407535416553300e-03
1.549017996154360578e-03
1.573823739496257867e-03
1.598827975564829154e-03
1.624033985324475644e-03
1.649445122627433199e-03
1.675064816329543439e-03
1.700896572480985712e-03
1.726943976593181204e-03
1.753210695986184972e-03
1.779700482218729085e-03
1.806417173605833967e-03
1.833364697826585666e-03
1.860547074626447538e-03
1.887968418617606142e-03
1.915632942182109036e-03
1.943544958482277879e-03
1.971708884582343106e-03
2.000129244686848703e-03
2.028810673500741103e-03
2.057757919716452204e-03
2.086975849633954366e-03
2.116469450919011494e-03
2.146243836506807334e-03
2.176304248656795240e-03
2.206656063166435172e-03
2.237304793749877313e-03
2.268256096590732553e-03
2.299515775076176223e-03
2.331089784721100330e-03
2.362984238290691263e-03
2.395205411132198675e-03
2.427759746725056175e-03
2.460653862459082596e-03
2.493894555654349327e-03
2.527488809831070736e-03
2.561443801245405581e-03
2.595766905701126729e-03
2.630465705653608696e-03
2.665547997618772629e-03
2.701021799904489498e-03
2.736895360677778916e-03
2.773177166389731788e-03
2.809875950571192812e-03
2.847000703023708831e-03
2.884560679422400273e-03
2.922565411355560524e-03
2.961024716822320286e-03
2.999948711213819286e-03
3.039347818804995129e-03
3.079232784782200052e-03
3.119614687839516402e-03
3.160504953372716454e-03
3.201915367305709342e-03
3.243858090584471419e-03
3.286345674376655191e-03
3.329391076017368736e-03
3.373007675744219610e-03
3.417209294267250369e-03
3.462010211223819859e-03
3.507425184569122351e-03
3.553469470960385346e-03
3.600158847192808965e-03
3.647509632752361092e-03
3.695538713553157047e-03
3.744263566934032117e-03
3.793702287989858882e-03
3.843873617326867397e-03
3.894796970326142201e-03
3.946492468017634425e-03
3.998980969666022026e-03
4.052284107179665064e-03
4.106424321466364824e-03
4.161424900860731871e-03
4.217310021766970327e-03
4.274104791664689457e-03
4.331835294640039823e-03
4.390528639618379407e-03
4.450213011486207557e-03
4.510917725304806371e-03
4.572673283841601453e-03
4.635511438650475463e-03
4.699465254966807108e-03
4.764569180693100856e-03
4.830859119782196162e-03
4.898372510346700459e-03
4.967148407855200357e-03
5.037227573805442421e-03
5.108652570299491644e-03
5.181467860985069195e-03
5.255719918869088299e-03
5.331457341554109164e-03
5.408730974502472255e-03
5.487594042987760205e-03
5.568102293456290638e-03
5.650314145091591550e-03
5.734290852451157799e-03
5.820096680130835629e-03
5.907799090508307482e-03
5.997468945722440187e-03
6.089180725163205986e-03
6.183012759882712192e-03
6.279047485479921295e-03
6.377371715182940382e-03
6.478076935036176237e-03
6.581259623307680537e-03
6.687021596467368142e-03
6.795470384353248516e-03
6.906719637437190237e-03
7.020889569442927483e-03
7.138107438948146366e-03
7.258508074036185490e-03
7.382234444556732243e-03
7.509438287111199622e-03
7.640280788520685540e-03
7.774933334260407912e-03
7.913578329184168744e-03
8.056410098816527837e-03
8.203635880593231067e-03
8.355476915703824101e-03
8.512169653648064480e-03
8.673967083326183936e-03
8.841140206439149565e-03
9.013979671279476538e-03
9.192797587652921931e-03
9.377929546805427452e-03
9.569736873886312833e-03
9.768609144792560900e-03
9.974967004321225184e-03
1.018926532856919212e-02
1.041199678166087814e-02
1.064369582538775630e-02
1.088494325050273423e-02
1.113637131060777469e-02
1.139866955424126069e-02
1.167259146852046153e-02
1.195896206921497756e-02
1.225868659838097799e-02
1.257276052280364813e-02
1.290228106602915245e-02
1.324846055561611918e-02
1.361264192793683325e-02
1.399631680868624641e-02
1.440114668251304617e-02
1.482898778557844438e-02
1.528192050794522500e-02
1.576228428871239221e-02
1.627271923949994217e-02
1.681621606010379882e-02
1.739617623978974292e-02
1.801648510487721677e-02
1.868160102868539688e-02
1.939666513564692468e-02
2.016763721107920834e-02
2.100146542264792748e-02
2.190630009167129216e-02
2.289176545557612685e-02
2.396930864420840357e-02
2.515265273681201175e-02
2.645839200923045739e-02
2.790678430848803765e-02
2.952282116701288733e-02
3.133769628070610935e-02
3.339085680736637862e-02
3.573292646738979866e-02
3.842996566886032472e-02
4.156984101626871181e-02
4.527203233422995299e-02
4.970325548874640620e-02
5.510336604149632111e-02
6.183040910163282999e-02
7.044364512711269455e-02
8.186800498073547316e-02
9.775135465507489574e-02
1.213423467223682106e-01
1.600577259581806577e-01
2.353236942754984296e-01
4.452502339411608112e-01
4.223907197531991287e+00
-5.622816966539214700e-01
-2.631496430824947774e-01
-1.715673589536144683e-01
-1.271557442425606255e-01
-1.009304144428648797e-01
-8.361634000784093357e-02
-7.132910037211198651e-02
-6.215547117449402720e-02
-5.504381146707629929e-02
-4.936814387428417605e-02
-4.473257957351460534e-02
-4.087449891390784046e-02
-3.761282596620153101e-02
-3.481865897488074790e-02
-3.239774149134896919e-02
-3.027955552014633886e-02
-2.841029096675458387e-02
-2.674817401958623150e-02
-2.526027997067064462e-02
-2.392030784741305816e-02
-2.270699444563963748e-02
-2.160296322433416516e-02
-2.059387503244669224e-02
-1.966779219977993209e-02
-1.881469596755891427e-02
-1.802611578728317843e-02
-1.729484135804959521e-02
-1.661469663046111211e-02
-1.598036075874205431e-02
-1.538722500335139992e-02
-1.483127743531789319e-02
-1.430900933822707236e-02
-1.381733868886289920e-02
-1.335354718809694287e-02
-1.291522812283885449e-02
-1.250024294610134132e-02
-1.210668492054315509e-02
-1.173284852028255894e-02
-1.137720355431658462e-02
-1.103837318282759571e-02
-1.071511515982218055e-02
-1.040630576287003908e-02
-1.011092597130657661e-02
-9.828049534227507877e-03
-9.556832633537565638e-03
-9.296504898703619041e-03
-9.046361571385627340e-03
-8.805756651846269323e-03
-8.574096886540481452e-03
-8.350836478846171418e-03
-8.135472423445278337e-03
-7.927540380214433136e-03
-7.726611016207163632e-03
-7.532286754915490379e-03
-7.344198880862703657e-03
-7.162004955016021586e-03
-6.985386502767698680e-03
-6.814046941520033630e-03
-6.647709719386820856e-03
-6.486116640333848549e-03
-6.329026354317630540e-03
-6.176212993758718045e-03
-6.027464940055529685e-03
-5.882583705891581555e-03
-5.741382920836324462e-03
-5.603687409267220365e-03
-5.469332350946210820e-03
-5.338162515726154085e-03
-5.210031564851739551e-03
-5.084801412183159904e-03
-4.962341639419671178e-03
-4.842528960067910178e-03
-4.725246727464128653e-03
-4.610384482680300600e-03
-4.497837538580069620e-03
-4.387506596688539942e-03
-4.279297393885545323e-03
-4.173120376239468181e-03
-4.068890397571392828e-03
-3.966526440578785860e-03
-3.865951358563935337e-03
-3.767091636004308436e-03
-3.669877166367978630e-03
-3.574241045735926468e-03
-3.480119380920292105e-03
-3.387451110898710878e-03
-3.296177840484400354e-03
-3.206243685258478547e-03
-3.117595126870080328e-03
-3.030180877896710562e-03
-2.943951755524151694e-03
-2.858860563369244011e-03
-2.774861980830032639e-03
-2.691912459397561956e-03
-2.609970125409939029e-03
-2.528994688778856553e-03
-2.448947357248578739e-03
-2.369790755789595929e-03
-2.291488850758311401e-03
-2.214006878485825884e-03
-2.137311277981212079e-03
-2.061369627464707324e-03
-1.986150584462313511e-03
-1.911623829220331604e-03
-1.837760011208781647e-03
-1.764530698507898272e-03
-1.691908329881258591e-03
-1.619866169354184076e-03
-1.548378263134949587e-03
-1.477419398717832403e-03
-1.406965066026301218e-03
-1.336991420463402858e-03
-1.267475247742310719e-03
-1.198393930379871956e-03
-1.129725415746629658e-03
-1.061448185570535059e-03
-9.935412267979911068e-04
-9.259840037252154788e-04
-8.587564313173671462e-04
-7.918388496323740082e-04
-7.252119992831287032e-04
-6.588569978627331798e-04
-5.927553172721791632e-04
-5.268887618857763522e-04
-4.612394474988535178e-04
-3.957897810037515405e-04
-3.305224407371819707e-04
-2.654203574577603756e-04
-2.004666958996334384e-04
-1.356448368630204819e-04
-7.093835979474368524e-05
-6.331025823908811509e-06
5.819323879165995157e-05
1.226503588422918995e-04
1.870561260030031763e-04
2.514262143635023327e-04
3.157761956890914844e-04
3.801215544371525220e-04
4.444777025686643583e-04
5.088599941810098299e-04
5.732837399934992634e-04
6.377642217135212144e-04
7.023167063157910407e-04
7.669564602586246768e-04
8.316987636703887174e-04
8.965589245324021234e-04
9.615522928839470877e-04
1.026694275083153175e-03
1.092000348146751534e-03
1.157486074201759425e-03
1.223167115074165522e-03
1.289059247047478346e-03
1.355178375818205400e-03
1.421540551681593854e-03
1.488161984975696489e-03
1.555059061820060484e-03
1.622248360178192138e-03
1.689746666280604256e-03
1.757570991442791979e-03
1.825738589316778463e-03
1.894266973611160795e-03
1.963173936324166119e-03
2.032477566527419576e-03
2.102196269746840936e-03
2.172348787986528619e-03
2.242954220442057531e-03
2.314032044956961486e-03
2.385602140273131774e-03
2.457684809135111254e-03
2.530300802304617791e-03
2.603471343552684995e-03
2.677218155693359553e-03
2.751563487733070350e-03
2.826530143211572650e-03
2.902141509812627019e-03
2.978421590335990354e-03
3.055395035115526618e-03
3.133087175990906421e-03
3.211524061928887688e-03
3.290732496413587959e-03
3.370740076720510695e-03
3.451575235208638719e-03
3.533267282764771759e-03
3.615846454551012532e-03
3.699343958213096445e-03
3.783792024724267136e-03
3.869223962046229766e-03
3.955674211808857949e-03
4.043178409221569528e-03
4.131773446448909134e-03
4.221497539701259648e-03
4.312390300310181383e-03
4.404492810081638357e-03
4.497847701244875665e-03
4.592499241338148137e-03
4.688493423409609631e-03
4.785878061930629382e-03
4.884702894868022012e-03
4.985019692392006832e-03
5.086882372739950052e-03
5.190347125804468942e-03
5.295472545068855355e-03
5.402319768562169680e-03
5.510952629577276982e-03
5.621437817961179653e-03
5.733845052865910868e-03
5.848247267929291594e-03
5.964720809960429200e-03
6.083345652297412684e-03
6.204205624134604205e-03
6.327388657240258507e-03
6.452987051634652589e-03
6.581097761963786499e-03
6.711822706485615769e-03
6.845269100791362415e-03
6.981549818613700352e-03
7.120783782337523210e-03
7.263096386114611773e-03
7.408619954815800178e-03
7.557494242426583686e-03
7.709866973909323962e-03
7.865894435033925561e-03
8.025742115216833242e-03
8.189585409027283491e-03
8.357610382712326799e-03
8.530014612902016291e-03
8.707008105558163361e-03
8.888814304289982191e-03
9.075671198352584790e-03
9.267832542040027599e-03
9.465569198769162654e-03
9.669170625015943016e-03
9.878946511386488272e-03
1.009522860061133100e-02
1.031837270513945130e-02
1.054876095039221882e-02
1.078680427370934738e-02
1.103294521366611318e-02
1.128766102992603826e-02
1.155146720027497298e-02
1.182492134915314082e-02
1.210862767113763706e-02
1.240324192371584922e-02
1.270947707673050417e-02
1.302810972155875845e-02
1.335998736198483125e-02
1.370603673164105807e-02
1.406727331074215590e-02
1.444481224887636701e-02
1.483988094238688701e-02
1.525383356638211965e-02
1.568816792525343923e-02
1.614454506511206824e-02
1.662481219120088075e-02
1.713102955889560242e-02
1.766550216609957466e-02
1.823081727798176593e-02
1.882988907600426087e-02
1.946601206093681244e-02
2.014292528002504384e-02
2.086489002753317418e-02
2.163678443576581845e-02
2.246421940137244624e-02
2.335368168072108827e-02
2.431271188528902338e-02
2.535012772864656677e-02
2.647630654088191024e-02
2.770354625729624584e-02
2.904653154714027102e-02
3.052294263204237759e-02
3.215426049404883357e-02
3.396684658203262541e-02
3.599341276768058123e-02
3.827505666129221024e-02
4.086413334748990878e-02
4.382839404632867669e-02
4.725709553898365528e-02
5.127026959744240137e-02
5.603323918451621338e-02
6.178020713620049204e-02
6.885430178030327308e-02
7.777923690653500144e-02
8.939611572444051968e-02
1.051468066872428969e-01
1.277269283016606305e-01
1.628270981476135082e-01
2.248922249958646979e-01
3.644761913595395142e-01
9.690773420972054186e-01
-1.450192961534677805e+00
-4.129386569416261255e-01
-2.400756324502465178e-01
-1.688727359003164841e-01
-1.300135844028201260e-01
-1.055286296239403704e-01
-8.867953499301577114e-02
-7.637037018967154922e-02
-6.697947444815061102e-02
-5.957525820872405092e-02
-5.358443317748198820e-02
-4.863486034637307109e-02
-4.447444016607286082e-02
-4.092632092862763526e-02
-3.786277049602600892e-02
-3.518922795482554849e-02
-3.283419006706946031e-02
-3.074258516508572570e-02
-2.887130773371626366e-02
-2.718613404360024216e-02
-2.565954494096130134e-02
-2.426915905732182632e-02
-2.299658568048963334e-02
-2.182657174512968312e-02
-2.074635856255586594e-02
-1.974519048593874337e-02
-1.881393522341451990e-02
-1.794478727428117440e-02
-1.713103399856400616e-02
-1.636686940554874653e-02
-1.564724467160309371e-02
-1.496774719738320006e-02
-1.432450203656438978e-02
-1.371409100540935469e-02
-1.313348587314245274e-02
-1.257999284648537823e-02
-1.205120617392470977e-02
-1.154496916017870578e-02
-1.105934123721856281e-02
-1.059257001277934263e-02
-1.014306743066581765e-02
-9.709389344112907133e-03
-9.290217934936936817e-03
-8.884346515386715507e-03
-8.490666332603296479e-03
-8.108155062102200689e-03
-7.735866730233807546e-03
-7.372922848883280145e-03
-7.018504580862106740e-03
-6.671845783125841117e-03
-6.332226798439853990e-03
-5.998968885366598100e-03
-5.671429192283876722e-03
-5.348996194185528727e-03
-5.031085521729596402e-03
-4.717136120818385056e-03
-4.406606688199588874e-03
-4.098972334431884301e-03
-3.793721430249201183e-03
-3.490352596051896159e-03
-3.188371797028238721e-03
-2.887289508421410356e-03
-2.586617916675633226e-03
-2.285868122745454787e-03
-1.984547313666241552e-03
-1.682155867614562074e-03
-1.378184356076461899e-03
-1.072110404304999019e-03
-7.633953679757783661e-04
-4.514807796305118220e-04
-1.357845130717477526e-04
1.843033929308768824e-04
5.094253186444519521e-04
8.402611324238354849e-04
1.177533834770504596e-03
1.522015882843142601e-03
1.874536319827177760e-03
2.235988856866419783e-03
2.607341083972460494e-03
2.989645021781626825e-03
3.384049270093122432e-03
3.791813063981503470e-03
4.214322617094124444e-03
4.653110218402943532e-03
5.109876658490849696e-03
5.586517701498806138e-03
6.085155498591400015e-03
6.608176071144045843e-03
7.158274294451013112e-03
7.738508209990609815e-03
8.352365020271106458e-03
9.003841822982919935e-03
9.697545089245545105e-03
1.043881418306885980e-02
1.123387600049757101e-02
1.209004029193781402e-02
1.301594874283199497e-02
1.402189592009152330e-02
1.512024751307110629e-02
1.632599212694373081e-02
1.765747919536025251e-02
1.913742063303409263e-02
2.079427318717536402e-02
2.266418173092392407e-02
2.479376834290910811e-02
2.724423025080782365e-02
3.009752406263394714e-02
3.346599037019706152e-02
3.750787985856544882e-02
4.245348322484952808e-02
4.865139926773240364e-02
5.665571691032848800e-02
6.740361657017146513e-02
8.261566091070933482e-02
1.058305987637648132e-01
1.456694078651924740e-01
2.300698256009872655e-01
5.292953986075958905e-01
-1.956684843446064637e+00
-3.498225494786849632e-01
-1.939133624051182503e-01
-1.349615222463326769e-01
-1.039557606491410269e-01
-8.481948696738902949e-02
-7.182335492638947105e-02
-6.241444011300468359e-02
-5.528289266894360898e-02
-4.968744031315089349e-02
-4.517707850532947517e-02
-4.146165808476890563e-02
-3.834604108658990623e-02
-3.569415215300372757e-02
-3.340820364315866264e-02
-3.141611336256104614e-02
-2.966357812780910999e-02
-2.810890998176253375e-02
-2.671957336622095280e-02
-2.546980358994155313e-02
-2.433893216061167042e-02
-2.331018574553116174e-02
-2.236980951838432596e-02
-2.150641707960588081e-02
-2.071050145273952911e-02
-1.997406243985338017e-02
-1.929031926538017291e-02
-1.865348657117747028e-02
-1.805859804566231977e-02
-1.750136627375104004e-02
-1.697807041621751667e-02
-1.648546547772010776e-02
-1.602070847250233396e-02
-1.558129792664421712e-02
-1.516502398838108154e-02
-1.476992703785068826e-02
-1.439426315344481330e-02
-1.403647514508064506e-02
-1.369516813470256222e-02
-1.336908887233888982e-02
-1.305710813750896905e-02
-1.275820570197415058e-02
-1.247145742914149841e-02
-1.219602416403138892e-02
-1.193114213035118346e-02
-1.167611460136218186e-02
-1.143030465161998417e-02
-1.119312882934373962e-02
-1.096405161577280497e-02
-1.074258055957929593e-02
-1.052826199224576875e-02
-1.032067724500536701e-02
-1.011943930011422604e-02
-9.924189819331824536e-03
-9.734596500903613600e-03
-9.550350723410969134e-03
-9.371165440770049676e-03
-9.196773297652232823e-03
-9.026924938829009731e-03
-8.861387489514958166e-03
-8.699943186838129949e-03
-8.542388145151281337e-03
-8.388531240128570959e-03
-8.238193098492751706e-03
-8.091205181865894491e-03
-7.947408954626351482e-03
-7.806655126902250011e-03
-7.668802964871129779e-03
-7.533719661452452192e-03
-7.401279761293472897e-03
-7.271364634622366589e-03
-7.143861995169796877e-03
-7.018665457880452624e-03
-6.895674132607235163e-03
-6.774792250392235558e-03
-6.655928819292623519e-03
-6.538997307041410911e-03
-6.423915348093199758e-03
-6.310604472881593298e-03
-6.198989857304471572e-03
-6.089000090682210667e-03
-5.980566960570708572e-03
-5.873625253009140922e-03
-5.768112566877038952e-03
-5.663969141192498266e-03
-5.561137694274196144e-03
-5.459563273800928720e-03
-5.359193116881081145e-03
-5.259976519324120574e-03
-5.161864713395746505e-03
-5.064810753371501786e-03
-4.968769408294018870e-03
-4.873697061366771659e-03
-4.779551615473407421e-03
-4.686292404366943463e-03
-4.593880109081936898e-03
-4.502276679190674556e-03
-4.411445258532741172e-03
-4.321350115085617963e-03
-4.231956574671425289e-03
-4.143230958212534842e-03
-4.055140522276786536e-03
-3.967653402663197729e-03
-3.880738560814707069e-03
-3.794365732838402873e-03
-3.708505380943627298e-03
-3.623128647118910306e-03
-3.538207308879150366e-03
-3.453713736921602481e-03
-3.369620854553876700e-03
-3.285902098745533718e-03
-3.202531382681700345e-03
-3.119483059696382538e-03
-3.036731888469505845e-03
-2.954252999380451317e-03
-2.872021861918712393e-03
-2.790014253048446295e-03
-2.708206226445711035e-03
-2.626574082508102356e-03
-2.545094339060278901e-03
-2.463743702675632967e-03
-2.382499040529765036e-03
-2.301337352714391202e-03
-2.220235744943949065e-03
-2.139171401571222063e-03
-2.058121558853930576e-03
-1.977063478400029051e-03
-1.895974420721630201e-03
-1.814831618836100675e-03
-1.733612251840303646e-03
-1.652293418405601172e-03
-1.570852110107213897e-03
-1.489265184540223413e-03
-1.407509338142941963e-03
-1.325561078660505683e-03
-1.243396697182693866e-03
-1.160992239678987825e-03
-1.078323477960621557e-03
-9.953658799890690353e-04
-9.120945794586965329e-04
-8.284843445617929344e-04
-7.445095458607524017e-04
-6.601441231697736294e-04
-5.753615513581564330e-04
-4.901348049692395197e-04
-4.044363215638319738e-04
-3.182379636635191767e-04
-2.315109791854957997e-04
-1.442259602545287742e-04
-5.635280023752432203e-05
3.213935110975263930e-05
1.212821345522125879e-04
2.111080304938219845e-04
3.016504104702626924e-04
3.929435911986091465e-04
4.850228913873404516e-04
5.779246914983534288e-04
6.716864967013977915e-04
7.663470032527582108e-04
8.619461685641323151e-04
9.585252852386715516e-04
1.056127059380132776e-03
1.154795693501911190e-03
1.254576974394171120e-03
1.355518366327560734e-03
1.457669110024527228e-03
1.561080327831668342e-03
1.665805135610298835e-03
1.771898761861875936e-03
1.879418674684748061e-03
1.988424717201800473e-03
2.098979252145004477e-03
2.211147316371191076e-03
2.324996786132436672e-03
2.440598554023685855e-03
2.558026718600405446e-03
2.677358787769319737e-03
2.798675897166133086e-03
2.922063044837609237e-03
3.047609343709844175e-03
3.175408293446948822e-03
3.305558073488304091e-03
3.438161859249704282e-03
3.573328163662319555e-03
3.711171206485740053e-03
3.851811314082096392e-03
3.995375352658732740e-03
4.141997198295956605e-03
4.291818247507915400e-03
4.444987972469814815e-03
4.601664525572988010e-03
4.762015398524779668e-03
4.926218141826065218e-03
5.094461151216487030e-03
5.266944528495754070e-03
5.443881025063485382e-03
5.625497077640797573e-03
5.812033946868643691e-03
6.003748970920983960e-03
6.200916947949212076e-03
6.403831663085252091e-03
6.612807577979122955e-03
6.828181703433691511e-03
7.050315678734621165e-03
7.279598084813377647e-03
7.516447022524799619e-03
7.761312992194444906e-03
8.014682116362897152e-03
8.277079754401905215e-03
8.549074565795278940e-03
8.831283088431928982e-03
9.124374909739772430e-03
9.429078522210462832e-03
9.746187971403362169e-03
1.007657042445220252e-02
1.042117481132713921e-02
1.078104172053412531e-02
1.115731476701861159e-02
1.155125369430899662e-02
1.196424952763406636e-02
1.239784216264545533e-02
1.285374085906473667e-02
1.333384821485216788e-02
1.384028833064454393e-02
1.437544004458547568e-02
1.494197633543788845e-02
1.554291127229361080e-02
1.618165625270330185e-02
1.686208774625559681e-02
1.758862938669242260e-02
1.836635208799418384e-02
1.920109697666046167e-02
2.009962744612250191e-02
2.106981871290326477e-02
2.212089612785345452e-02
2.326373752789979640e-02
2.451126064734458071e-02
2.587892487990582635e-02
2.738538880684760965e-02
2.905338298442689329e-02
3.091088495155851212e-02
3.299272602684982097e-02
3.534282709122676253e-02
3.801737066006052185e-02
4.108940101172071924e-02
4.465566327422185872e-02
4.884706506721647745e-02
5.384521607312333508e-02
5.990960683203806064e-02
6.742436996209273670e-02
7.698333098562958055e-02
8.955570782577419731e-02
1.068384261335331153e-01
1.320969127139794141e-01
1.725219674756321431e-01
2.476623365806668586e-01
4.359704350179076093e-01
1.774078211000526872e+00
-8.672790266366957601e-01
-3.500214088948795377e-01
-2.198426112495375506e-01
-1.605443230104982577e-01
-1.266173493843489317e-01
-1.046436320398749092e-01
-8.924891612800966989e-02
-7.786077577221396651e-02
-6.909326039838575850e-02
-6.213357033811157254e-02
-5.647353903654515894e-02
-5.177914118405964328e-02
-4.782178436235997449e-02
-4.443975247748693791e-02
-4.151541606947439095e-02
-3.896116734327858405e-02
-3.671041681879939206e-02
-3.471164671411104685e-02
-3.292437514466340504e-02
-3.131635121898829199e-02
-2.986156423185338388e-02
-2.853880400951306143e-02
-2.733060224203642113e-02
-2.622244214416783251e-02
-2.520216031538252688e-02
-2.425948839310454117e-02
-2.338569781137804504e-02
-2.257332158357757898e-02
-2.181593430477550902e-02
-2.110797663924282586e-02
-2.044461414081138323e-02
-1.982162281809865881e-02
-1.923529571460379228e-02
-1.868236613498054990e-02
-1.815994415681669236e-02
-1.766546382091104331e-02
-1.719663896173886930e-02
-1.675142607266967565e-02
-1.632799293258425238e-02
-1.592469197733204292e-02
-1.554003759940883814e-02
-1.517268671599749513e-02
-1.482142206924712269e-02
-1.448513782083681554e-02
-1.416282708133538570e-02
-1.385357107780699031e-02
-1.355652971397024870e-02
-1.327093331841900335e-02
-1.299607541005815339e-02
-1.273130633738457466e-02
-1.247602767092017249e-02
-1.222968724675053097e-02
-1.199177477464847923e-02
-1.176181793715019158e-02
-1.153937891671854253e-02
-1.132405129717135167e-02
-1.111545729314756051e-02
-1.091324526779619865e-02
-1.071708750429436856e-02
-1.052667820143063024e-02
-1.034173166738596578e-02
-1.016198068923729499e-02
-9.987175058533359628e-03
-9.817080235806695948e-03
-9.651476138965858764e-03
-9.490156042373810649e-03
-9.332925574989808098e-03
-9.179601807321243617e-03
-9.030012418145254988e-03
-8.883994932968628661e-03
-8.741396027138678693e-03
-8.602070887275665989e-03
-8.465882625415796503e-03
-8.332701740856972641e-03
-8.202405625234492070e-03
-8.074878106824667778e-03
-7.950009030497617521e-03
-7.827693870109699720e-03
-7.707833370437505195e-03
-7.590333216074121592e-03
-7.475103724932860572e-03
-7.362059564260418562e-03
-7.251119487243368363e-03
-7.142206088496107913e-03
-7.035245576858016950e-03
-6.930167564095311358e-03
-6.826904868213658044e-03
-6.725393330225200132e-03
-6.625571643291523587e-03
-6.527381193299803749e-03
-6.430765909968518684e-03
-6.335672127681737237e-03
-6.242048455331121806e-03
-6.149845654474411435e-03
-6.059016525208623521e-03
-5.969515799183715624e-03
-5.881300039242210939e-03
-5.794327545219426188e-03
-5.708558265447139825e-03
-5.623953713580626124e-03
-5.540476890361260322e-03
-5.458092209991639854e-03
-5.376765430787164984e-03
-5.296463589842493810e-03
-5.217154941414545166e-03
-5.138808898797326413e-03
-5.061395979454378496e-03
-4.984887753183290388e-03
-4.909256793138767200e-03
-4.834476629511183510e-03
-4.760521705709369611e-03
-4.687367336875886137e-03
-4.614989670593983018e-03
-4.543365649661401662e-03
-4.472472976788710586e-03
-4.402290081112196496e-03
-4.332796086413501224e-03
-4.263970780947756722e-03
-4.195794588768265998e-03
-4.128248542480655175e-03
-4.061314257332835492e-03
-3.994973906561571225e-03
-3.929210197924033754e-03
-3.864006351355680352e-03
-3.799346077680024192e-03
-3.735213558312954277e-03
-3.671593425915982076e-03
-3.608470745925997092e-03
-3.545830998941372145e-03
-3.483660063885757330e-03
-3.421944201934215557e-03
-3.360670041146146883e-03
-3.299824561769175262e-03
-3.239395082181619964e-03
-3.179369245437379220e-03
-3.119735006381785941e-03
-3.060480619304206847e-03
-3.001594626114681592e-03
-2.943065844995196127e-03
-2.884883359515737038e-03
-2.827036508187148398e-03
-2.769514874436607155e-03
-2.712308276964546863e-03
-2.655406760482225716e-03
-2.598800586804603241e-03
-2.542480226275020162e-03
-2.486436349515296768e-03
-2.430659819481275751e-03
-2.375141683792965277e-03
-2.319873167356262169e-03
-2.264845665232083534e-03
-2.210050735762596977e-03
-2.155480093921758808e-03
-2.101125604893849547e-03
-2.046979277864469701e-03
-1.993033260009791433e-03
-1.939279830682465438e-03
-1.885711395761878115e-03
-1.832320482198858663e-03
-1.779099732703443622e-03
-1.726041900595610447e-03
-1.673139844805012540e-03
-1.620386524997015180e-03
-1.567774996839545014e-03
-1.515298407390354950e-03
-1.462949990598383983e-03
-1.410723062920594961e-03
-1.358611019028180961e-03
-1.306607327633754322e-03
-1.254705527383112498e-03
-1.202899222854146924e-03
-1.151182080615033906e-03
-1.099547825380482475e-03
-1.047990236217616160e-03
-9.965031428236452004e-04
-9.450804218609607128e-04
-8.937159933471150713e-04
-8.424038170962062661e-04
-7.911378891998287026e-04
-7.399122385538475875e-04
-6.887209234131593926e-04
-6.375580279895829653e-04
-5.864176590659781092e-04
-5.352939426339661626e-04
-4.841810205553707513e-04
-4.330730472348212710e-04
-3.819641862981694273e-04
-3.308486072896071797e-04
-2.797204823510404149e-04
-2.285739829133151199e-04
-1.774032763723020194e-04
-1.262025227579883276e-04
-7.496587139084486852e-05
-2.368745750752480374e-05
2.763860113077143063e-05
7.901820765645098908e-05
1.304572895539136707e-04
1.819618021513659620e-04
2.335377321537011885e-04
2.851911012385851835e-04
3.369279696738521675e-04
3.887544400336048755e-04
4.406766609388411806e-04
4.927008308909019757e-04
5.448332021733975905e-04
5.970800848338124424e-04
6.494478507434131532e-04
7.019429377635107202e-04
7.545718539981630894e-04
8.073411821614365907e-04
8.602575840480719636e-04
9.133278051304895328e-04
9.665586792866334102e-04
1.019957133651853412e-03
1.073530193617839483e-03
1.127284987998203531e-03
1.181228754330793888e-03
1.235368844374322558e-03
1.289712729770087609e-03
1.344268007906544802e-03
1.399042407981095602e-03
1.454043797271322878e-03
1.509280187653727840e-03
1.564759742332307154e-03
1.620490782853800486e-03
1.676481796357866868e-03
1.732741443146920517e-03
1.789278564524337048e-03
1.846102190968202262e-03
1.903221550636838939e-03
1.960646078229559466e-03
2.018385424217438232e-03
2.076449464482853398e-03
2.134848310365968123e-03
2.193592319165417904e-03
2.252692105109065264e-03
2.312158550819521426e-03
2.372002819311080143e-03
2.432236366548263043e-03
2.492870954586241979e-03
2.553918665366535379e-03
2.615391915143246235e-03
2.677303469657971603e-03
2.739666460027490470e-03
2.802494399463889476e-03
2.865801200816786229e-03
2.929601195038874367e-03
2.993909150589801373e-03
3.058740293878233277e-03
3.124110330777421334e-03
3.190035469309235056e-03
3.256532443544562106e-03
3.323618538834984849e-03
3.391311618433191528e-03
3.459630151620911569e-03
3.528593243417843181e-03
3.598220666022333702e-03
3.668532892051490791e-03
3.739551129750188704e-03
3.811297360292172781e-03
3.883794377312831027e-03
3.957065828845700468e-03
4.031136261839656995e-03
4.106031169435481708e-03
4.181777041219675480e-03
4.258401416660474552e-03
4.335932941997450336e-03
4.414401430809631113e-03
4.493837928592680706e-03
4.574274781605205606e-03
4.655745710385707919e-03
4.738285888264230465e-03
4.821932025281736034e-03
4.906722457998855501e-03
4.992697245626435791e-03
5.079898273056803956e-03
5.168369361351185867e-03
5.258156386348933689e-03
5.349307406081445573e-03
5.441872797796145494e-03
5.535905405425966923e-03
5.631460698461044669e-03
5.728596943276837578e-03
5.827375388053495676e-03
5.927860462596680653e-03
6.030119994468649373e-03
6.134225442994393866e-03
6.240252152940111915e-03
6.348279629774660447e-03
6.458391838754015853e-03
6.570677530196120109e-03
6.685230593762810092e-03
6.802150444737267709e-03
6.921542445776733381e-03
7.043518367994884913e-03
7.168196895730291097e-03
7.295704179905415296e-03
7.426174445560825878e-03
7.559750659837897492e-03
7.696585267570983310e-03
7.836841002626177694e-03
7.980691784251422310e-03
8.128323709026821428e-03
8.279936150564272748e-03
8.435742980846729772e-03
8.595973929257398269e-03
8.760876097736134197e-03
8.930715653466793358e-03
9.105779723818234125e-03
9.286378522387330955e-03
9.472847739698276107e-03
9.665551237868837131e-03
9.864884095322355023e-03
1.007127605583770999e-02
1.028519544601836505e-02
1.050715363718969508e-02
1.073771014212128450e-02
1.097747845460759694e-02
1.122713276137841248e-02
1.148741568239601898e-02
1.175914722820175541e-02
1.204323520372236993e-02
1.234068733866377707e-02
1.265262548841503479e-02
1.298030232999809221e-02
1.332512108004646652e-02
1.368865889304740451e-02
1.407269476709080598e-02
1.447924300408083564e-02
1.491059355874115380e-02
1.536936099010296000e-02
1.585854423445993630e-02
1.638160009784195639e-02
1.694253428844261916e-02
1.754601507565916457e-02
1.819751642121985452e-02
1.890349990169399794e-02
1.967164826892697088e-02
2.051116859862831335e-02
2.143319048114862221e-02
2.245129593618413674e-02
2.358223485707126171e-02
2.484690646508803252e-02
2.627172978886450211e-02
2.789059579783553788e-02
2.974771112450684193e-02
3.190184760338687919e-02
3.443288124250357823e-02
3.745220159186185560e-02
4.111995672494476312e-02
4.567501439040474315e-02
5.149011164841788696e-02
