-2.432465400330658355e-03
-2.442887800447482959e-03
-2.453723340299004355e-03
-2.464988111622283887e-03
-2.476699005384207578e-03
-2.488873761501871930e-03
-2.501531022313020335e-03
-2.514690390130600549e-03
-2.528372489249914971e-03
-2.542599032815226652e-03
-2.557392894995943588e-03
-2.572778188970521480e-03
-2.588780351270610416e-03
-2.605426233098665466e-03
-2.622744199300939237e-03
-2.640764235754810944e-03
-2.659518066016926773e-03
-2.679039278177096622e-03
-2.699363462974878683e-03
-2.720528364362686559e-03
-2.742574043843531463e-03
-2.765543060076272597e-03
-2.789480665428648379e-03
-2.814435021373358492e-03
-2.840457434868629179e-03
-2.867602618147112401e-03
-2.895928974662725832e-03
-2.925498914319964693e-03
-2.956379201544677947e-03
-2.988641340257808254e-03
-3.022362000398478785e-03
-3.057623491323260053e-03
-3.094514288203710495e-03
-3.133129618475141882e-03
-3.173572116483419202e-03
-3.215952555764404336e-03
-3.260390669912223947e-03
-3.307016074796470962e-03
-3.355969307032535126e-03
-3.407402996168280157e-03
-3.461483191113781492e-03
-3.518390865022882029e-03
-3.578323627277249248e-03
-3.641497676604129111e-03
-3.708150035903231244e-03
-3.778541117353686942e-03
-3.852957676183906346e-03
-3.931716223587754244e-03
-4.015166984266407661e-03
-4.103698502759713443e-03
-4.197743026138074651e-03
-4.297782820122683298e-03
-4.404357613098222601e-03
-4.518073410204014907e-03
-4.639612981002553919e-03
-4.769748403569946428e-03
-4.909356151324806988e-03
-5.059435344944599941e-03
-5.221129972109355387e-03
-5.395756119238402822e-03
-5.584835585687166100e-03
-5.790137696552348674e-03
-6.013731745875832042e-03
-6.258053362849933660e-03
-6.525989313108238390e-03
-6.820986999451934645e-03
-7.147197483239624630e-03
-7.509664641744877821e-03
-7.914578811014816306e-03
-8.369622106911932605e-03
-8.884446561986633281e-03
-9.471348757004387220e-03
-1.014624208408333728e-02
-1.093009199233876613e-02
-1.185109360203097373e-02
-1.294808193056956602e-02
-1.427607350985641774e-02
-1.591567424838124731e-02
-1.798991455298046271e-02
-2.069638910687151417e-02
-2.437383212431243687e-02
-2.965552989414787718e-02
-3.787842089618922992e-02
-5.243627310961974236e-02
-8.520727622852562744e-02
-2.272575560347182000e-01
3.410080268178389273e-01
9.748421567432614954e-02
5.690784956427934888e-02
4.020772250766527223e-02
3.110463467372917568e-02
2.537805336425363878e-02
2.144527932513950325e-02
1.857912685957389606e-02
1.639868957479843903e-02
1.468514926937607677e-02
1.330384892408497007e-02
1.216737990825041138e-02
1.121653021538404453e-02
1.040976333968789309e-02
9.717080954117248218e-03
9.116276752932308061e-03
8.590560839752072256e-03
8.127003292232648501e-03
7.715485260090842318e-03
7.347974465887387001e-03
7.018013793898774874e-03
6.720353265369536332e-03
6.450680591902129175e-03
6.205420817801065268e-03
5.981585230771010141e-03
5.776655963078335294e-03
5.588496819797656931e-03
5.415283633795162088e-03
5.255449334522729540e-03
5.107640227336295718e-03
4.970680901970097459e-03
4.843545846471405437e-03
4.725336317886950389e-03
4.615261367989089564e-03
4.512622178540835749e-03
4.416799051673764992e-03
4.327240544781626487e-03
4.243454348552113189e-03
4.164999590379041619e-03
4.091480309916888797e-03
4.022539903685812268e-03
3.957856374879962190e-03
3.897138255446865561e-03
3.840121092008969613e-03
3.786564406735586693e-03
3.736249059937128258e-03
3.688974953779085904e-03
3.644559026741707713e-03
3.602833496777558056e-03
3.563644317928686342e-03
3.526849820758408156e-03
3.492319511567072796e-03
3.459933009182530710e-03
3.429579101293359859e-03
3.401154904945356047e-03
3.374565118041848374e-03
3.349721350556047680e-03
3.326541525736604991e-03
3.304949342919655079e-03
3.284873794689760831e-03
3.266248732094126014e-03
3.249012472433876215e-03
3.233107444859471130e-03
3.218479869598936047e-03
3.205079467166028519e-03
3.192859194342626775e-03
3.181775004115756748e-03
3.171785627084374760e-03
3.162852372142136836e-03
3.154938944494938783e-03
3.148011279293041424e-03
3.142037389350303602e-03
3.136987225592078373e-03
3.132832549021312678e-03
3.129546813122917066e-03
3.127105055741051347e-03
3.125483799565271711e-03
3.124660960450877708e-03
3.124615762877927787e-03
3.125328661923932033e-03
3.126781271187234913e-03
3.128956296153774259e-03
3.131837472549177902e-03
3.135409509262713623e-03
3.139658035468206963e-03
3.144569551603190478e-03
3.150131383898479003e-03
3.156331642179180993e-03
3.163159180683156393e-03
3.170603561666463042e-03
3.178655021585307609e-03
3.187304439663275150e-03
3.196543308668902978e-03
3.206363707744325220e-03
3.216758277139086103e-03
3.227720194716046567e-03
3.239243154107409716e-03
3.251321344409402198e-03
3.263949431313235058e-03
3.277122539578708471e-03
3.290836236764812725e-03
3.305086518138128805e-03
3.319869792687222317e-03
3.335182870176302446e-03
3.351022949177589767e-03
3.367387606026447239e-03
3.384274784648081801e-03
3.401682787208685881e-03
3.419610265548278256e-03
3.438056213355337835e-03
3.457019959047619075e-03
3.476501159325685788e-03
3.496499793369265384e-03
3.517016157649011879e-03
3.538050861328574485e-03
3.559604822234312387e-03
3.581679263372453993e-03
3.604275709974983852e-03
3.627395987058002879e-03
3.651042217477887871e-03
3.675216820472193471e-03
3.699922510674193490e-03
3.725162297591255202e-03
3.750939485538759381e-03
3.777257674022829748e-03
3.804120758566589995e-03
3.831532931975550459e-03
3.859498686039719226e-03
3.888022813670708594e-03
3.917110411473574520e-03
3.946766882754672301e-03
3.976997940967087579e-03
4.007809613597881904e-03
4.039208246500936711e-03
4.071200508681841086e-03
4.103793397541362353e-03
4.136994244586389077e-03
4.170810721616909078e-03
4.205250847401096996e-03
4.240322994849382056e-03
4.276035898701862140e-03
4.312398663743526560e-03
4.349420773563594800e-03
4.387112099876955100e-03
4.425482912426925361e-03
4.464543889490310037e-03
4.504306129007605401e-03
4.544781160362691350e-03
4.585980956838394892e-03
4.627917948776410356e-03
4.670605037471738802e-03
4.714055609834792021e-03
4.758283553855439246e-03
4.803303274907333095e-03
4.849129712931968435e-03
4.895778360545714747e-03
4.943265282115794773e-03
4.991607133854205833e-03
5.040821184982335022e-03
5.090925340022132463e-03
5.141938162274338475e-03
5.193878898547671027e-03
5.246767505207936520e-03
5.300624675620550265e-03
5.355471869065118150e-03
5.411331341206450374e-03
5.468226176211839901e-03
5.526180320611975665e-03
5.585218619007925080e-03
5.645366851736301900e-03
5.706651774610693381e-03
5.769101160867559294e-03
5.832743845453666753e-03
5.897609771801895669e-03
5.963730041254123801e-03
6.031136965300843908e-03
6.099864120820712790e-03
6.169946408517064732e-03
6.241420114763486168e-03
6.314322977086998800e-03
6.388694253535586939e-03
6.464574796196661394e-03
6.542007129152888761e-03
6.621035531187395226e-03
6.701706123572976487e-03
6.784066963310499132e-03
6.868168142208835869e-03
6.954061892234689873e-03
7.041802697594860133e-03
7.131447414054127749e-03
7.223055396035527216e-03
7.316688632097241747e-03
7.412411889433727016e-03
7.510292868105547526e-03
7.610402365768052617e-03
7.712814453736515502e-03
7.817606665307268859e-03
7.924860197335516568e-03
8.034660126170212191e-03
8.147095639148057428e-03
8.262260282968326291e-03
8.380252230397507857e-03
8.501174566900063581e-03
8.625135598949080357e-03
8.752249185952061181e-03
8.882635097926298851e-03
9.016419401280910753e-03
9.153734875314793046e-03
9.294721462317839106e-03
9.439526754479067930e-03
9.588306521159214307e-03
9.741225280482471507e-03
9.898456919653852992e-03
1.006018536891351185e-02
1.022660533461660845e-02
1.039792309757672957e-02
1.057435738355106715e-02
1.075614031358630707e-02
1.094351844290394199e-02
1.113675389809670041e-02
1.133612562366304727e-02
1.154193075033998345e-02
1.175448609934716393e-02
1.197412983855467364e-02
1.220122330877791358e-02
1.243615304094449620e-02
1.267933298781332915e-02
1.293120699735103227e-02
1.319225155885121736e-02
1.346297885754164751e-02
1.374394017887686781e-02
1.403572971012767567e-02
1.433898879443177427e-02
1.465441070140167251e-02
1.498274598897895299e-02
1.532480854382425178e-02
1.568148240257924778e-02
1.605372947436396053e-02
1.644259830655503754e-02
1.684923406206383090e-02
1.727488990806473612e-02
1.772094005475098946e-02
1.818889472991833470e-02
1.868041743319510256e-02
1.919734488533691996e-02
1.974171017683497981e-02
2.031576973087214147e-02
2.092203483459957603e-02
2.156330866798546186e-02
2.224272998197395629e-02
2.296382486196250905e-02
2.373056837831453991e-02
2.454745839955888020e-02
2.541960446288513489e-02
2.635283541155223480e-02
2.735383059141670986e-02
2.843028085026808732e-02
2.959108754917103706e-02
3.084661048512931519e-02
3.220897934860582346e-02
3.369248855910584456e-02
3.531410273558903412e-02
3.709411074064841024e-02
3.905698187191364301e-02
4.123250105063590298e-02
4.365729516453561304e-02
4.637691738976283673e-02
4.944874290655833921e-02
5.294607008303821305e-02
5.696405624358957115e-02
6.162852259808865307e-02
6.710938810591682291e-02
7.364184404390869410e-02
8.156102573186725657e-02
9.136141179916734689e-02
1.038043012019021494e-01
1.201258472447145620e-01
1.424756896061395162e-01
1.749519723330238974e-01
2.264559599532591783e-01
3.206450375418821719e-01
5.481519465234329092e-01
1.877619157040738340e+00
-1.321826253335631307e+00
-4.894475076074746855e-01
-3.005475468562137098e-01
-2.169654560763863427e-01
-1.698224496880123280e-01
-1.395524770077509746e-01
-1.184709237398761661e-01
-1.029445861813521879e-01
-9.103266118490194181e-02
-8.160410139131016316e-02
-7.395518950444632256e-02
-6.762513920918725163e-02
-6.229959517353626797e-02
-5.775674700213476176e-02
-5.383560772507284958e-02
-5.041650296555860722e-02
-4.740861770021551069e-02
-4.474179155588063617e-02
-4.236096262153713626e-02
-4.022231325409793973e-02
-3.829053916818132147e-02
-3.653687756509785278e-02
-3.493765906611277783e-02
-3.347322799931638782e-02
-3.212712616902717311e-02
-3.088546802538041924e-02
-2.973645684118160840e-02
-2.867000611656618514e-02
-2.767744044477987025e-02
-2.675125703938112734e-02
-2.588493404020658639e-02
-2.507277523146449888e-02
-2.430978335029016293e-02
-2.359155602711272490e-02
-2.291419977741780689e-02
-2.227425849416975537e-02
-2.166865366654757014e-02
-2.109463414113616972e-02
-2.054973369447710488e-02
-2.003173503571489128e-02
-1.953863913032619082e-02
-1.906863894926068628e-02
-1.862009691606997946e-02
-1.819152545811116017e-02
-1.778157017447644372e-02
-1.738899521881665314e-02
-1.701267056423506549e-02
-1.665156087337147858e-02
-1.630471574239038962e-02
-1.597126112489310676e-02
-1.565039177245344110e-02
-1.534136455379634875e-02
-1.504349253562758254e-02
-1.475613972558803728e-02
-1.447871639238709936e-02
-1.421067489039558839e-02
-1.395150592625384392e-02
-1.370073521372544394e-02
-1.345792047036476966e-02
-1.322264871579747862e-02
-1.299453383671856505e-02
-1.277321438824170936e-02
-1.255835160511271920e-02
-1.234962759962500087e-02
-1.214674372594539038e-02
-1.194941909302396112e-02
-1.175738921040208641e-02
-1.157040475308329999e-02
-1.138823043324008882e-02
-1.121064396793099681e-02
-1.103743513322080934e-02
-1.086840489616633723e-02
-1.070336461706320429e-02
-1.054213531516784083e-02
-1.038454699182944120e-02
-1.023043800560017279e-02
-1.007965449444874276e-02
-9.932049840696663412e-03
-9.787484174730581507e-03
-9.645823913929284232e-03
-9.506941333585041190e-03
-9.370714166901335240e-03
-9.237025231415637791e-03
-9.105762079435317582e-03
-8.976816670283393335e-03
-8.850085062339385980e-03
-8.725467123024664012e-03
-8.602866255029158193e-03
-8.482189137203641899e-03
-8.363345478658232302e-03
-8.246247784703494843e-03
-8.130811133360737325e-03
-8.016952961238893102e-03
-7.904592857642792070e-03
-7.793652365827278064e-03
-7.684054790356717630e-03
-7.575725009562724044e-03
-7.468589292117709666e-03
-7.362575116757480095e-03
-7.257610994191237425e-03
-7.153626290238674842e-03
-7.050551049216501054e-03
-6.948315816579852394e-03
-6.846851459788345570e-03
-6.746088986326624452e-03
-6.645959357750454155e-03
-6.546393298564414688e-03
-6.447321098651391524e-03
-6.348672407877340058e-03
-6.250376021374694745e-03
-6.152359653871602302e-03
-6.054549701270177560e-03
-5.956870987490179431e-03
-5.859246494370646229e-03
-5.761597072170319446e-03
-5.663841127903368640e-03
-5.565894288406220830e-03
-5.467669034620483218e-03
-5.369074303109891942e-03
-5.270015050275257337e-03
-5.170391774089707140e-03
-5.070099987417388092e-03
-4.969029636094820720e-03
-4.867064453906000399e-03
-4.764081245348499201e-03
-4.659949085624373946e-03
-4.554528425555657081e-03
-4.447670087049484730e-03
-4.339214132267269278e-03
-4.228988586681785983e-03
-4.116807992628153390e-03
-4.002471765637090687e-03
-3.885762320586877427e-03
-3.766442928321612343e-03
-3.644255255549847666e-03
-3.518916531212959442e-03
-3.390116270607517607e-03
-3.257512473764942809e-03
-3.120727196122738065e-03
-2.979341366328918522e-03
-2.832888696712700105e-03
-2.680848494693466311e-03
-2.522637135701369729e-03
-2.357597896712845809e-03
-2.184988769679284404e-03
-2.003967769663259069e-03
-1.813575114633220881e-03
-1.612711470314706630e-03
-1.400111206772521738e-03
-1.174309278398299322e-03
-9.335998791514428519e-04
-6.759843863298788114e-04
-3.991052081607146529e-04
-1.001608704418212314e-04
2.242041742226003054e-04
5.780442528353774145e-04
9.663050034791759169e-04
1.395083248476421817e-03
1.871983391467640229e-03
2.406614926880421002e-03
3.011300853128534571e-03
3.702109228336289415e-03
4.500393988457619676e-03
5.435164645204326739e-03
6.546856310698498382e-03
7.893570932902597981e-03
9.561911355048247074e-03
1.168690249888969246e-02
1.449133693325910244e-02
1.837092920728088108e-02
2.410248247956063572e-02
3.344812864520232965e-02
5.144311494848771704e-02
1.005841205055538201e-01
7.897742264753975228e-01
-1.492026412156173265e-01
-7.113677581775895709e-02
-4.789896993091474764e-02
-3.672789290719292998e-02
-3.015442453454963978e-02
-2.581954983361962885e-02
-2.274247330107186105e-02
-2.044238569268508332e-02
-1.865587565780472273e-02
-1.722653680787246400e-02
-1.605564100864924348e-02
-1.507779450245095437e-02
-1.424796387709485745e-02
-1.353412395501341417e-02
-1.291287692257183858e-02
-1.236673019391187206e-02
-1.188234377951688167e-02
-1.144936688799903443e-02
-1.105964490762510744e-02
-1.070666613236201381e-02
-1.038516772935633645e-02
-1.009084992423311608e-02
-9.820165247150611232e-03
-9.570160806022152966e-03
-9.338358647609758950e-03
-9.122663891193004415e-03
-8.921293393371125882e-03
-8.732719782935985040e-03
-8.555627136076318293e-03
-8.388875561876349765e-03
-8.231472676107231060e-03
-8.082550449244789784e-03
-7.941346283404119785e-03
-7.807187443594954326e-03
-7.679478169481558994e-03
-7.557688944214539795e-03
-7.441347510545162636e-03
-7.330031311053400792e-03
-7.223361095875105789e-03
-7.120995492835086732e-03
-7.022626375054550479e-03
-6.927974892644371552e-03
-6.836788059986548607e-03
-6.748835809913988210e-03
-6.663908441911191305e-03
-6.581814404180983888e-03
-6.502378359691002307e-03
-6.425439494656393774e-03
-6.350850034719295045e-03
-6.278473939659889522e-03
-6.208185752062529185e-03
-6.139869579154367749e-03
-6.073418190177586919e-03
-6.008732214277980911e-03
-5.945719426083386806e-03
-5.884294107981778016e-03
-5.824376479656355465e-03
-5.765892186740623725e-03
-5.708771841561603895e-03
-5.652950609880651525e-03
-5.598367838342181192e-03
-5.544966718021696050e-03
-5.492693980056710147e-03
-5.441499619841869487e-03
-5.391336646706406353e-03
-5.342160856366585595e-03
-5.293930623769282397e-03
-5.246606714222372229e-03
-5.200152110955380720e-03
-5.154531857463148618e-03
-5.109712913173442873e-03
-5.065664021141452408e-03
-5.022355586614828810e-03
-4.979759565441160309e-03
-4.937849361396685378e-03
-4.896599731615204794e-03
-4.855986699377732446e-03
-4.815987473603283199e-03
-4.776580374446769486e-03
-4.737744764466240641e-03
-4.699460984882569518e-03
-4.661710296490729002e-03
-4.624474824836374495e-03
-4.587737509295995719e-03
-4.551482055744258959e-03
-4.515692892512201267e-03
-4.480355129374486919e-03
-4.445454519323587331e-03
-4.410977422910761919e-03
-4.376910774955961730e-03
-4.343242053443524542e-03
-4.309959250436473134e-03
-4.277050844860349338e-03
-4.244505777013352077e-03
-4.212313424680301857e-03
-4.180463580728620288e-03
-4.148946432085002037e-03
-4.117752539988004529e-03
-4.086872821432272103e-03
-4.056298531717550913e-03
-4.026021248026536228e-03
-3.996032853962495392e-03
-3.966325524979500555e-03
-3.936891714647686169e-03
-3.907724141694943545e-03
-3.878815777777414389e-03
-3.850159835927552572e-03
-3.821749759639459128e-03
-3.793579212547707347e-03
-3.765642068663906192e-03
-3.737932403135196466e-03
-3.710444483492145434e-03
-3.683172761355805840e-03
-3.656111864576393634e-03
-3.629256589776439033e-03
-3.602601895274803925e-03
-3.576142894369085338e-03
-3.549874848954272504e-03
-3.523793163458663596e-03
-3.497893379078478859e-03
-3.472171168294452617e-03
-3.446622329652866516e-03
-3.421242782797915584e-03
-3.396028563739744710e-03
-3.370975820345985165e-03
-3.346080808044024895e-03
-3.321339885722579457e-03
-3.296749511821492166e-03
-3.272306240600508700e-03
-3.248006718575903538e-03
-3.223847681117105162e-03
-3.199825949195250503e-03
-3.175938426275142033e-03
-3.152182095342033648e-03
-3.128554016058963591e-03
-3.105051322045635116e-03
-3.081671218273932152e-03
-3.058410978573597710e-03
-3.035267943242639290e-03
-3.012239516757581927e-03
-2.989323165578648342e-03
-2.966516416044871502e-03
-2.943816852354855240e-03
-2.921222114629240356e-03
-2.898729897051408044e-03
-2.876337946081007884e-03
-2.854044058739423073e-03
-2.831846080961669503e-03
-2.809741906011953977e-03
-2.787729472962149988e-03
-2.765806765226608635e-03
-2.743971809153589181e-03
-2.722222672670375834e-03
-2.700557463977786010e-03
-2.678974330294657275e-03
-2.657471456647549860e-03
-2.636047064705679920e-03
-2.614699411657683478e-03
-2.593426789128867958e-03
-2.572227522137502352e-03
-2.551099968088187987e-03
-2.530042515800767691e-03
-2.509053584573167021e-03
-2.488131623276404643e-03
-2.467275109482459233e-03
-2.446482548619574506e-03
-2.425752473158247161e-03
-2.405083441824395346e-03
-2.384474038837571322e-03
-2.363922873176388471e-03
-2.343428577866656266e-03
-2.322989809294274954e-03
-2.302605246538852804e-03
-2.282273590730178343e-03
-2.261993564424884771e-03
-2.241763911002853799e-03
-2.221583394082364028e-03
-2.201450796954338221e-03
-2.181364922033950798e-03
-2.161324590328372614e-03
-2.141328640921661298e-03
-2.121375930475699959e-03
-2.101465332744614257e-03
-2.081595738105118144e-03
-2.061766053100787689e-03
-2.041975199998296263e-03
-2.022222116359094404e-03
-2.002505754620391692e-03
-1.982825081691554255e-03
-1.963179078559244839e-03
-1.943566739905284698e-03
-1.923987073734709577e-03
-1.904439101014441128e-03
-1.884921855321581262e-03
-1.865434382501607227e-03
-1.845975740335722981e-03
-1.826544998217691489e-03
-1.807141236837956537e-03
-1.787763547877888612e-03
-1.768411033710428444e-03
-1.749082807109920892e-03
-1.729777990967628319e-03
-1.710495718017121915e-03
-1.691235130563784527e-03
-1.671995380223050432e-03
-1.652775627664395276e-03
-1.633575042361546737e-03
-1.614392802348744603e-03
-1.595228093983913501e-03
-1.576080111715073492e-03
-1.556948057855711814e-03
-1.537831142361705461e-03
-1.518728582616005792e-03
-1.499639603217329045e-03
-1.480563435773716002e-03
-1.461499318700478986e-03
-1.442446497022664784e-03
-1.423404222182394086e-03
-1.404371751849600551e-03
-1.385348349736825442e-03
-1.366333285418827202e-03
-1.347325834154385884e-03
-1.328325276713785124e-03
-1.309330899207317590e-03
-1.290341992919737937e-03
-1.271357854145665741e-03
-1.252377784030415725e-03
-1.233401088411630086e-03
-1.214427077665275164e-03
-1.195455066554594516e-03
-1.176484374080853093e-03
-1.157514323337505971e-03
-1.138544241367247817e-03
-1.119573459019605755e-03
-1.100601310813642498e-03
-1.081627134801231311e-03
-1.062650272433074633e-03
-1.043670068426386967e-03
-1.024685870635859202e-03
-1.005697029925020853e-03
-9.867029000411237701e-04
-9.677028374902201576e-04
-9.486962014160819044e-04
-9.296823534785771722e-04
-9.106606577354778298e-04
-8.916304805255406089e-04
-8.725911903514549026e-04
-8.535421577673862805e-04
-8.344827552654739654e-04
-8.154123571637293157e-04
-7.963303394967022764e-04
-7.772360799068254566e-04
-7.581289575360023684e-04
-7.390083529195225816e-04
-7.198736478811911844e-04
-7.007242254281511977e-04
-6.815594696475372073e-04
-6.623787656055125060e-04
-6.431814992437603126e-04
-6.239670572805117253e-04
-6.047348271098680096e-04
-5.854841967036770491e-04
-5.662145545124756471e-04
-5.469252893678549533e-04
-5.276157903870222661e-04
-5.082854468742858695e-04
-4.889336482273448376e-04
-4.695597838409212420e-04
-4.501632430130818319e-04
-4.307434148495216299e-04
-4.112996881713948220e-04
-3.918314514211279458e-04
-3.723380925692461579e-04
-3.528189990218161959e-04
-3.332735575288074421e-04
-3.137011540897372778e-04
-2.941011738639795915e-04
-2.744730010779137044e-04
-2.548160189332271050e-04
-2.351296095149282665e-04
-2.154131537008443890e-04
-1.956660310689392439e-04
-1.758876198072112026e-04
-1.560772966214341376e-04
-1.362344366428280655e-04
-1.163584133380950875e-04
-9.644859841620684153e-05
-7.650436173755703444e-05
-5.652507122083996749e-05
-3.651009275159027706e-05
-1.645879008899792627e-05
3.629475226467338000e-06
2.375534396687416748e-05
4.391945930937190580e-05
6.412246693121949944e-05
8.436501510351651027e-05
1.046477547860287386e-04
1.249713397220302176e-04
1.453364265350158904e-04
1.657436748238187750e-04
1.861937472605755452e-04
2.066873096873986584e-04
2.272250312145266847e-04
2.478075843197178902e-04
2.684356449469357288e-04
2.891098926072368895e-04
3.098310104789834532e-04
3.305996855106131151e-04
3.514166085222611294e-04
3.722824743100970959e-04
3.931979817500247778e-04
4.141638339031685758e-04
4.351807381230908241e-04
4.562494061617413266e-04
4.773705542795821577e-04
4.985449033527370854e-04
5.197731789859917845e-04
5.410561116229706778e-04
5.623944366603938474e-04
5.837888945609576597e-04
6.052402309699304091e-04
6.267491968316065819e-04
6.483165485078811689e-04
6.699430478970414687e-04
6.916294625557775633e-04
7.133765658212091630e-04
7.351851369354579432e-04
7.570559611711430784e-04
7.789898299584467004e-04
8.009875410143809391e-04
8.230498984735924685e-04
8.451777130206685655e-04
8.673718020250064395e-04
8.896329896756476497e-04
9.119621071215805886e-04
9.343599926100052072e-04
9.568274916287599925e-04
9.793654570511912179e-04
1.001974749282280629e-03
1.024656236406269435e-03
1.047410794338973859e-03
1.070239306979874419e-03
1.093142666367635839e-03
1.116121772837956258e-03
1.139177535184850761e-03
1.162310870821878749e-03
1.185522705949495093e-03
1.208813975721967837e-03
1.232185624419175878e-03
1.255638605620449516e-03
1.279173882380804476e-03
1.302792427410789152e-03
1.326495223259422035e-03
1.350283262500450278e-03
1.374157547920451181e-03
1.398119092712131559e-03
1.422168920669995883e-03
1.446308066388941535e-03
1.470537575467566454e-03
1.494858504714447704e-03
1.519271922358536977e-03
1.543778908262210224e-03
1.568380554140340246e-03
1.593077963780825581e-03
1.617872253272101442e-03
1.642764551231796002e-03
1.667755999042563886e-03
1.692847751089730270e-03
1.718040975006821913e-03
1.743336851920866595e-03
1.768736576708299525e-03
1.794241358250908778e-03
1.819852419699113412e-03
1.845570998740925835e-03
1.871398347873896601e-03
1.897335734684689381e-03
1.923384442133787686e-03
1.949545768844344537e-03
1.975821029399330627e-03
2.002211554642731317e-03
2.028718691987626156e-03
2.055343805731347367e-03
2.082088277374902728e-03
2.108953505952157990e-03
2.135940908362980555e-03
2.163051919715166475e-03
2.190287993673218324e-03
2.217650602813578398e-03
2.245141238989220751e-03
2.272761413699943972e-03
2.300512658472420469e-03
2.328396525247316932e-03
2.356414586775349047e-03
2.384568437022182436e-03
2.412859691581546208e-03
2.441289988097187537e-03
2.469860986697114576e-03
2.498574370432586449e-03
2.527431845730788041e-03
2.556435142856697089e-03
2.585586016384872586e-03
2.614886245681779034e-03
2.644337635400239445e-03
2.673942015985198307e-03
2.703701244188212813e-03
2.733617203599320380e-03
2.763691805185257856e-03
2.793926987845728356e-03
2.824324718977914549e-03
2.854886995058047300e-03
2.885615842234507192e-03
2.916513316936593207e-03
2.947581506496365147e-03
2.978822529787035316e-03
3.010238537874901019e-03
3.041831714688760478e-03
3.073604277705541468e-03
3.105558478652063747e-03
3.137696604223627009e-03
3.170020976821595789e-03
3.202533955309018118e-03
3.235237935784806597e-03
3.268135352377488870e-03
3.301228678058342782e-03
3.334520425477471937e-03
3.368013147817679100e-03
3.401709439672486075e-03
3.435611937948126592e-03
3.469723322783535222e-03
3.504046318501248189e-03
3.538583694577329339e-03
3.573338266639640610e-03
3.608312897491999793e-03
3.643510498165017895e-03
3.678934028995219877e-03
3.714586500732381964e-03
3.750470975678029360e-03
3.786590568853196587e-03
3.822948449198754206e-03
3.859547840808163176e-03
3.896392024193333359e-03
3.933484337587799841e-03
3.970828178282355056e-03
4.008427004000895272e-03
4.046284334313206277e-03
4.084403752087686738e-03
4.122788904985468135e-03
4.161443506996854134e-03
4.200371340021048262e-03
4.239576255491182138e-03
4.279062176048599453e-03
4.318833097261105640e-03
4.358893089394767599e-03
4.399246299238313701e-03
4.439896951976503303e-03
4.480849353123966122e-03
4.522107890514254387e-03
4.563677036348548662e-03
4.605561349305833593e-03
4.647765476716532451e-03
4.690294156804828904e-03
4.733152220994123194e-03
4.776344596289358244e-03
4.819876307728175255e-03
4.863752480911092031e-03
4.907978344608622361e-03
4.952559233451869422e-03
4.997500590707372979e-03
5.042807971139611281e-03
5.088487043964660950e-03
5.134543595900518259e-03
5.180983534313216184e-03
5.227812890466905157e-03
5.275037822879588036e-03
5.322664620788342127e-03
5.370699707730210853e-03
5.419149645239951588e-03
5.468021136674074828e-03
5.517321031161083640e-03
5.567056327685270326e-03
5.617234179311808920e-03
5.667861897552857291e-03
5.718946956886244645e-03
5.770496999429804499e-03
5.822519839778158429e-03
5.875023470008846997e-03
5.928016064867020971e-03
5.981505987129116103e-03
6.035501793163811080e-03
6.090012238687284030e-03
6.145046284731578087e-03
6.200613103824437547e-03
6.256722086398207316e-03
6.313382847436628878e-03
6.370605233362264946e-03
6.428399329187419083e-03
6.486775465927214525e-03
6.545744228297057515e-03
6.605316462700336344e-03
6.665503285523656507e-03
6.726316091749562354e-03
6.787766563905982438e-03
6.849866681362138179e-03
6.912628729991541696e-03
6.976065312218341502e-03
7.040189357460890397e-03
7.105014132999454106e-03
7.170553255274830437e-03
7.236820701657464480e-03
7.303830822690057442e-03
7.371598354837389545e-03
7.440138433769533967e-03
7.509466608196893253e-03
7.579598854290877513e-03
7.650551590716035341e-03
7.722341694305063717e-03
7.794986516412230962e-03
7.868503899969778170e-03
7.942912197299851693e-03
8.018230288705083600e-03
8.094477601884836337e-03
8.171674132224204107e-03
8.249840463995232465e-03
8.328997792521185273e-03
8.409167947358169720e-03
8.490373416544761201e-03
8.572637371982043397e-03
8.655983696003181210e-03
8.740437009198331539e-03
8.826022699567710392e-03
8.912766953076588922e-03
9.000696785686043006e-03
9.089840076957659068e-03
9.180225605303349301e-03
9.271883084996331015e-03
9.364843205033749826e-03
9.459137669960248143e-03
9.554799242777427606e-03
9.651861790062048196e-03
9.750360329420134850e-03
9.850331079428823258e-03
9.951811512217138139e-03
1.005484040884892238e-02
1.015945791768250485e-02
1.026570561590386954e-02
1.037362657442712603e-02
1.048326542638755229e-02
1.059466843945921014e-02
1.070788359224597412e-02
1.082296065502549517e-02
1.093995127513136198e-02
1.105890906728947999e-02
1.117988970925113540e-02
1.130295104309168332e-02
1.142815318255990809e-02
1.155555862691992793e-02
1.168523238174135406e-02
1.181724208713523516e-02
1.195165815399340525e-02
1.208855390879881413e-02
1.222800574766831974e-02
1.237009330030232682e-02
1.251489960461061451e-02
1.266251129282671382e-02
1.281301879000926180e-02
1.296651652589794583e-02
1.312310316120035916e-02
1.328288182945351094e-02
1.344596039574548485e-02
1.361245173367326561e-02
1.378247402206733523e-02
1.395615106314683843e-02
1.413361262393370010e-02
1.431499480294566584e-02
1.450044042437736644e-02
1.469009946220487493e-02
1.488412949691389833e-02
1.508269620780596995e-02
1.528597390417936984e-02
1.549414609900866616e-02
1.570740612915264012e-02
1.592595782656276368e-02
1.615001624545291115e-02
1.637980845096551757e-02
1.661557437549106980e-02
1.685756774952023099e-02
1.710605711471576210e-02
1.736132692781865508e-02
1.762367876503550743e-02
1.789343263776434212e-02
1.817092843186060222e-02
1.845652748420701164e-02
1.875061431212828034e-02
1.905359851324524290e-02
1.936591685570019164e-02
1.968803558141379514e-02
2.002045294815509718e-02
2.036370203985028021e-02
2.071835387876263396e-02
2.108502087808888578e-02
2.146436067925434205e-02
2.185708042489062364e-02
2.226394152634910556e-02
2.268576499388817724e-02
2.312343740859571645e-02
2.357791762808689878e-02
2.405024433340244641e-02
2.454154454291489554e-02
2.505304324100820698e-02
2.558607429569550312e-02
2.614209287112627747e-02
2.672268957946714180e-02
2.732960666339167774e-02
2.796475655754607562e-02
2.863024324736797993e-02
2.932838692989757357e-02
3.006175258803981884e-02
3.083318322263687433e-02
3.164583865307379895e-02
3.250324100648828429e-02
3.340932828077938788e-02
3.436851770446233689e-02
3.538578104989601597e-02
3.646673461658102994e-02
3.761774733053420416e-02
3.884607136304925323e-02
4.016000093927862835e-02
4.156906669988212621e-02
4.308427526218800568e-02
4.471840673929815269e-02
4.648638726423501982e-02
4.840575954806841663e-02
5.049728295234091197e-02
5.278570666468732075e-02
5.530077717926480674e-02
5.807856732856588045e-02
6.116325332784474517e-02
6.460952651746469655e-02
6.848592102000777837e-02
7.287949055095743756e-02
7.790251879710888283e-02
8.370237557736875944e-02
9.047638512364791774e-02
9.849495545113259865e-02
1.081388703432466514e-01
1.199620112574921460e-01
1.348023345113769922e-01
1.539907873805239635e-01
1.797763905773856197e-01
2.162828113957213638e-01
2.719758096090476029e-01
3.674204154368355124e-01
5.689132342749081417e-01
1.274749542552314541e+00
-5.033481048851397688e+00
-8.387517184398816106e-01
-4.551918017214294232e-01
-3.112159503268556171e-01
-2.357423083356258720e-01
-1.892589646025143457e-01
-1.577404236832873896e-01
-1.349517593949738359e-01
-1.176989862823928784e-01
-1.041765964026264008e-01
-9.328701478296962113e-02
-8.432459177991649679e-02
-7.681499312321102280e-02
-7.042758753459019139e-02
-6.492485034479317241e-02
-6.013173765523796566e-02
-5.591640245234548445e-02
-5.217763709057082755e-02
-4.883645524910067148e-02
-4.583030426972309335e-02
-4.310899640628837459e-02
-4.063179144605154336e-02
-3.836526766979669878e-02
-3.628174329387136993e-02
-3.435808916273949687e-02
-3.257482400679802270e-02
-3.091541676391012378e-02
-2.936574266729434848e-02
-2.791365492030166776e-02
-2.654864423691472367e-02
-2.526156586837153065e-02
-2.404441895999970269e-02
-2.289016684581733976e-02
-2.179258963154367956e-02
-2.074616243758323555e-02
-1.974595417751584883e-02
-1.878754287731091571e-02
-1.786694439648231145e-02
-1.698055206628048056e-02
-1.612508526326488292e-02
-1.529754532661301708e-02
-1.449517753161963518e-02
-1.371543807038826460e-02
-1.295596517859544210e-02
-1.221455369585157380e-02
-1.148913246500451318e-02
-1.077774406919314830e-02
-1.007852647944992158e-02
-9.389696243919484764e-03
-8.709532895036961944e-03
-8.036364285496731125e-03
-7.368552589030309338e-03
-6.704480719008339487e-03
-6.042538927374717025e-03
-5.381111348767664976e-03
-4.718562249898585262e-03
-4.053221732023907717e-03
-3.383370613970690388e-03
-2.707224193628395698e-03
-2.022914545425021776e-03
-1.328470958016619158e-03
-6.217980471343344251e-04
9.934901060935225070e-05
8.373927915046770754e-04
1.594966301365886852e-03
2.374951018770155714e-03
3.180521552043024530e-03
4.015198472773522792e-03
4.882911300739735394e-03
5.788074156939916615e-03
6.735677319432475940e-03
7.731398876567638356e-03
8.781741967427009188e-03
9.894204865071358490e-03
1.107749359201216227e-02
1.234179015195495388e-02
1.369909425786338883e-02
1.516366330711535135e-02
1.675258534727838006e-02
1.848653455058429929e-02
2.039078095673043170e-02
2.249656039415101269e-02
2.484296408271164866e-02
2.747959358449455006e-02
3.047036909089332821e-02
3.389912135668464443e-02
3.787802459780748726e-02
4.256071022241556673e-02
4.816340183969670258e-02
5.500044570097110258e-02
6.354714090085275546e-02
7.455793546914589454e-02
8.930670733811851836e-02
1.101268425964448128e-01
1.418020845426476995e-01
1.959283715690908756e-01
3.097439176052999565e-01
7.046379616043303429e-01
-3.031024176157878003e+00
-4.940457786977350829e-01
-2.726159751092949723e-01
-1.898818247398175174e-01
-1.465662016420477554e-01
-1.198892306087845638e-01
-1.017886656776044035e-01
-8.868671566095498449e-02
-7.875265610476539502e-02
-7.095241389660099374e-02
-6.465770432982929916e-02
-5.946472317875081681e-02
-5.510206958328370264e-02
-5.138054819262732886e-02
-4.816419249499862693e-02
-4.535273013778051004e-02
-4.287054274797929415e-02
-4.065947488965576673e-02
-3.867400987533975432e-02
-3.687794767752876346e-02
-3.524206231134707767e-02
-3.374241267541212841e-02
-3.235909741592440936e-02
-3.107531528056057049e-02
-2.987663630133742532e-02
-2.875041634742508262e-02
-2.768530387929154374e-02
-2.667079611142474105e-02
-2.569680330007782440e-02
-2.475317371076759046e-02
-2.382911463809063435e-02
-2.291240868723351878e-02
-2.198825167676091152e-02
-2.103738862437196794e-02
-2.003289981647248669e-02
-1.893423499052863945e-02
-1.767517374431636090e-02
-1.613688980319560179e-02
-1.407886174041851624e-02
-1.092326079238434278e-02
-4.831610306587352799e-03
1.491191923218843085e-02
-1.896716784873087036e-01
-4.457101382039962978e-02
-3.272309497639788733e-02
-2.812710134682507024e-02
-2.557795729904678572e-02
-2.389530051904649455e-02
-2.266324771045191006e-02
-2.169749791723429161e-02
-2.090367630042401503e-02
-2.022833791602471343e-02
-1.963886871073503709e-02
-1.911417854206753225e-02
-1.863998023460931158e-02
-1.820621775880831850e-02
-1.780558218383898605e-02
-1.743261366015163780e-02
-1.708313587105778422e-02
-1.675388750580446631e-02
-1.644227492487886771e-02
-1.614620182154519884e-02
-1.586394920457325289e-02
-1.559408910111033039e-02
-1.533542136416284410e-02
-1.508692663052275604e-02
-1.484773077356541307e-02
-1.461707767248394615e-02
-1.439430808903262651e-02
-1.417884309148802896e-02
-1.397017090717311144e-02
-1.376783639044563447e-02
-1.357143250761411180e-02
-1.338059339299104387e-02
-1.319498864037740166e-02
-1.301431857464163851e-02
-1.283831030723480218e-02
-1.266671442369069096e-02
-1.249930218432184631e-02
-1.233586314456973365e-02
-1.217620312075613949e-02
-1.202014244189361820e-02
-1.186751443981699274e-02
-1.171816413894604010e-02
-1.157194711420289103e-02
-1.142872849124811421e-02
-1.128838206777581406e-02
-1.115078953825375876e-02
-1.101583980742859570e-02
-1.088342838034492971e-02
-1.075345681855782547e-02
-1.062583225384554526e-02
-1.050046695204833076e-02
-1.037727792074871584e-02
-1.025618655544887139e-02
-1.013711831962885862e-02
-1.002000245474614012e-02
-9.904771716745494267e-03
-9.791362136133685556e-03
-9.679712799028652309e-03
-9.569765646960128741e-03
-9.461465293437406818e-03
-9.354758855586429306e-03
-9.249595799324857384e-03
-9.145927796750732974e-03
-9.043708594566787426e-03
-8.942893892488364832e-03
-8.843441230711505952e-03
-8.745309885615424467e-03
-8.648460772962156262e-03
-8.552856357927438730e-03
-8.458460571384374821e-03
-8.365238731892765678e-03
-8.273157472938589066e-03
-8.182184674968687177e-03
-8.092289401855955536e-03
-8.003441841425047720e-03
-7.915613249731532491e-03
-7.828775898803409794e-03
-7.742903027576487733e-03
-7.657968795797379623e-03
-7.573948240658866585e-03
-7.490817235987875383e-03
-7.408552453787790870e-03
-7.327131327976958708e-03
-7.246532020170236114e-03
-7.166733387363243696e-03
-7.087714951386920800e-03
-7.009456870017276818e-03
-6.931939909634462181e-03
-6.855145419318605000e-03
-6.779055306306169641e-03
-6.703652012705821686e-03
-6.628918493405087757e-03
-6.554838195084673573e-03
-6.481395036283072938e-03
-6.408573388436969095e-03
-6.336358057848875264e-03
-6.264734268517425410e-03
-6.193687645790692427e-03
-6.123204200778183288e-03
-6.053270315501849824e-03
-5.983872728722760409e-03
-5.914998522409471889e-03
-5.846635108825947585e-03
-5.778770218187342239e-03
-5.711391886865738524e-03
-5.644488446106854171e-03
-5.578048511232700651e-03
-5.512060971314775189e-03
-5.446514979272332885e-03
-5.381399942395104045e-03
-5.316705513250639600e-03
-5.252421580973784011e-03
-5.188538262897477576e-03
-5.125045896535178509e-03
-5.061935031867810519e-03
-4.999196423941906775e-03
-4.936821025758611481e-03
-4.874799981426286566e-03
-4.813124619585773534e-03
-4.751786447075061898e-03
-4.690777142838836386e-03
-4.630088552056888136e-03
-4.569712680485381665e-03
-4.509641689011955994e-03
-4.449867888398679854e-03
-4.390383734210536425e-03
-4.331181821922880371e-03
-4.272254882203775812e-03
-4.213595776345586442e-03
-4.155197491860663540e-03
-4.097053138223154083e-03
-4.039155942748487785e-03
-3.981499246605218340e-03
-3.924076500961608434e-03
-3.866881263250955721e-03
-3.809907193551737101e-03
-3.753148051087386479e-03
-3.696597690820787544e-03
-3.640250060167272463e-03
-3.584099195788913606e-03
-3.528139220493855394e-03
-3.472364340221133737e-03
-3.416768841109662537e-03
-3.361347086651190769e-03
-3.306093514920770918e-03
-3.251002635882173537e-03
-3.196069028760156749e-03
-3.141287339492506575e-03
-3.086652278235446894e-03
-3.032158616935381763e-03
-2.977801186959360292e-03
-2.923574876790313495e-03
-2.869474629764097104e-03
-2.815495441865436058e-03
-2.761632359573649477e-03
-2.707880477750801342e-03
-2.654234937580011566e-03
-2.600690924548572803e-03
-2.547243666457912979e-03
-2.493888431489956706e-03
-2.440620526297506993e-03
-2.387435294139852050e-03
-2.334328113040931747e-03
-2.281294393984291922e-03
-2.228329579138781016e-03
-2.175429140109599695e-03
-2.122588576222095985e-03
-2.069803412813933045e-03
-2.017069199573719770e-03
-1.964381508882080858e-03
-1.911735934182110918e-03
-1.859128088372022630e-03
-1.806553602203728529e-03
-1.754008122708166154e-03
-1.701487311632485233e-03
-1.648986843888690119e-03
-1.596502406020503754e-03
-1.544029694667261362e-03
-1.491564415061658998e-03
-1.439102279509451871e-03
-1.386639005898442599e-03
-1.334170316193171012e-03
-1.281691934958406436e-03
-1.229199587866919036e-03
-1.176689000217863781e-03
-1.124155895455161789e-03
-1.071595993686840550e-03
-1.019005010205922823e-03
-9.663786540040201524e-04
-9.137126262875449462e-04
-8.610026189821988647e-04
-8.082443132437842730e-04
-7.554333779518336914e-04
-7.025654681968459235e-04
-6.496362237636767352e-04
-5.966412676023640643e-04
-5.435762042834031693e-04
-4.904366184539112571e-04
-4.372180732608406048e-04
-3.839161087739674690e-04
-3.305262403847891543e-04
-2.770439571921174890e-04
-2.234647203721369831e-04
-1.697839615173949573e-04
-1.159970809617993925e-04
-6.209944608497617105e-05
-8.086389585815461495e-06
4.604679226506529222e-05
1.003048413980960063e-04
1.546925397616881470e-04
2.092147111378817557e-04
2.638762230307528482e-04
3.186819885494900084e-04
3.736369683510236059e-04
4.287461726137321502e-04
4.840146630493559303e-04
5.394475549479358853e-04
5.950500192790303747e-04
6.508272848251704830e-04
7.067846403706469320e-04
7.629274369297146807e-04
8.192610900319826847e-04
8.757910820641253563e-04
9.325229646551488113e-04
9.894623611228163095e-04
1.046614968993946895e-03
1.103986562562687349e-03
1.161582995536820711e-03
1.219410203735940210e-03
1.277474207871341682e-03
1.335781116393960953e-03
1.394337128413651074e-03
1.453148536718865992e-03
1.512221730849504404e-03
1.571563200289026463e-03
1.631179537713688642e-03
1.691077442371415355e-03
1.751263723527249480e-03
1.811745304028943536e-03
1.872529223975223081e-03
1.933622644495127480e-03
1.995032851637459220e-03
2.056767260392172812e-03
2.118833418823556219e-03
2.181239012343625435e-03
2.243991868120603483e-03
2.307099959625350492e-03
2.370571411328846988e-03
2.434414503555807057e-03
2.498637677487306440e-03
2.563249540357474560e-03
2.628258870788127873e-03
2.693674624346448741e-03
2.759505939253812951e-03
2.825762142327598817e-03
2.892452755104064129e-03
2.959587500199403233e-03
3.027176307876241774e-03
3.095229322864392462e-03
3.163756911415699629e-03
3.232769668628474990e-03
3.302278426025349618e-03
3.372294259429981476e-03
3.442828497125410055e-03
3.513892728331646960e-03
3.585498811989152029e-03
3.657658885903644110e-03
3.730385376217980505e-03
3.803691007269077370e-03
3.877588811833343561e-03
3.952092141768771133e-03
4.027214679084450445e-03
4.102970447460035225e-03
4.179373824226123232e-03
4.256439552841020241e-03
4.334182755869861285e-03
4.412618948520448912e-03
4.491764052725003703e-03
4.571634411838491896e-03
4.652246805933037826e-03
4.733618467779284258e-03
4.815767099501594775e-03
4.898710889948481792e-03
4.982468532853860307e-03
5.067059245773793304e-03
5.152502789887459037e-03
5.238819490676728877e-03
5.326030259554788947e-03
5.414156616470211514e-03
5.503220713567270016e-03
5.593245359936734225e-03
5.684254047527367154e-03
5.776270978291428784e-03
5.869321092608769004e-03
5.963430099091698855e-03
6.058624505833848199e-03
6.154931653171012707e-03
6.252379748082352758e-03
6.350997900278397557e-03
6.450816160132526005e-03
6.551865558490377675e-03
6.654178148557281236e-03
6.757787049913770508e-03
6.862726494833125412e-03
6.969031877030331702e-03
7.076739802994702275e-03
7.185888146055585679e-03
7.296516103381734016e-03
7.408664256074190199e-03
7.522374632564937137e-03
7.637690775539995869e-03
7.754657812609777948e-03
7.873322530973645567e-03
7.993733456364707571e-03
8.115940936533727612e-03
8.239997229616820990e-03
8.365956597687001367e-03
8.493875405893192010e-03
8.623812227530110869e-03
8.755827955509004265e-03
8.889985920653084572e-03
9.026352017336728914e-03
9.164994836985584231e-03
9.305985810045731138e-03
9.449399357030827465e-03
9.595313049356828800e-03
9.743807780689669323e-03
9.894967949658675654e-03
1.004888165477017467e-02
1.020564090255193443e-02
1.036534182992821136e-02
1.052808494202378542e-02
1.069397536664347219e-02
1.086312312680783737e-02
1.103564343287829694e-02
1.121165699591057316e-02
1.139129036410898091e-02
1.157467628433571719e-02
1.176195409094119189e-02
1.195327012434400579e-02
1.214877818201913831e-02
1.234864000492879449e-02
1.255302580265268628e-02
1.276211482087817248e-02
1.297609595529673754e-02
1.319516841641728624e-02
1.341954245027622908e-02
1.364944012063139950e-02
1.388509615888717727e-02
1.412675888862605783e-02
1.437469123260962101e-02
1.462917181090236246e-02
1.489049613994696333e-02
1.515897794356773666e-02
1.543495058833037684e-02
1.571876865726214850e-02
1.601080967772837774e-02
1.631147602147080961e-02
1.662119699709545262e-02
1.694043115826188856e-02
1.726966885392399939e-02
1.760943505085592331e-02
