-2.874084854308643633e-03
-2.893307851278829022e-03
-2.913198430278963157e-03
-2.933782544813289764e-03
-2.955087441412017520e-03
-2.977141740188683772e-03
-2.999975521476680625e-03
-3.023620419086411708e-03
-3.048109720780598636e-03
-3.073478476627428645e-03
-3.099763615961215364e-03
-3.127004073758423049e-03
-3.155240927324749235e-03
-3.184517544287633617e-03
-3.214879742999754517e-03
-3.246375966584163532e-03
-3.279057471993441879e-03
-3.312978535615105496e-03
-3.348196677136826543e-03
-3.384772903591103284e-03
-3.422771975732721850e-03
-3.462262699169532838e-03
-3.503318242971031372e-03
-3.546016488827785466e-03
-3.590440414233760438e-03
-3.636678513621792626e-03
-3.684825261910310359e-03
-3.734981625527776777e-03
-3.787255626685194845e-03
-3.841762967482419133e-03
-3.898627721381885645e-03
-3.957983100687009932e-03
-4.019972309951748424e-03
-4.084749496757386460e-03
-4.152480813066050311e-03
-4.223345602448561401e-03
-4.297537730951635736e-03
-4.375267082294108552e-03
-4.456761241558529311e-03
-4.542267395693894323e-03
-4.632054484112372618e-03
-4.726415638633371316e-03
-4.825670959230502974e-03
-4.930170680761272219e-03
-5.040298796470545246e-03
-5.156477217023053630e-03
-5.279170559729943514e-03
-5.408891682254550470e-03
-5.546208099398051809e-03
-5.691749451861566680e-03
-5.846216233834899793e-03
-6.010390034089531548e-03
-6.185145605890307943e-03
-6.371465158418583574e-03
-6.570455361815559503e-03
-6.783367686609841248e-03
-7.011622866068331107e-03
-7.256840490579191498e-03
-7.520875035671248723e-03
-7.805860016734607158e-03
-8.114262492589082928e-03
-8.448950862697980971e-03
-8.813279901059298607e-03
-9.211198365572161387e-03
-9.647386499007377936e-03
-1.012743357892689419e-02
-1.065806981975194780e-02
-1.124747308209372160e-02
-1.190568014223970100e-02
-1.264514661343211360e-02
-1.348152222167131771e-02
-1.443474468821974617e-02
-1.553061620755562082e-02
-1.680313062936726956e-02
-1.829800435565535205e-02
-2.007820585915485317e-02
-2.223294115113572111e-02
-2.489290818064310642e-02
-2.825759418099516723e-02
-3.264738878640202624e-02
-3.861153263138007025e-02
-4.717686847202424982e-02
-6.051117751056078048e-02
-8.411729185515517959e-02
-1.372551287067762249e-01
-3.675840664228275934e-01
5.538303203749922465e-01
1.589669618849011978e-01
9.317324148736690070e-02
6.609374112668278678e-02
5.133251571428648630e-02
4.204617375276440555e-02
3.566844487565323102e-02
3.102023316658065327e-02
2.748391810831951262e-02
2.470469747992679391e-02
2.246423242923982835e-02
2.062079513938703743e-02
1.907837730239045002e-02
1.776963062005144922e-02
1.664591542998652626e-02
1.567122649085172029e-02
1.481834104175267820e-02
1.406629511750545625e-02
1.339868280503802786e-02
1.280248150342227359e-02
1.226722269611094443e-02
1.178439521738232874e-02
1.134700835856891805e-02
1.094926699876402204e-02
1.058632662185213409e-02
1.025410620396121145e-02
9.949143626922386102e-03
9.668482753443096919e-03
9.409584360065705033e-03
9.170255247501138060e-03
8.948591342773468127e-03
8.742931673997127867e-03
8.551820868776732754e-03
8.373978389857429996e-03
8.208273137089305491e-03
8.053702354586904366e-03
7.909374015177661477e-03
7.774492031326814441e-03
7.648343777312418580e-03
7.530289512039548688e-03
7.419753373192783386e-03
7.316215677059358276e-03
7.219206308482659269e-03
7.128299025137231106e-03
7.043106531994503504e-03
6.963276207246852506e-03
6.888486381429776741e-03
6.818443088066537122e-03
6.752877217660948304e-03
6.691542017905172980e-03
6.634210892039131557e-03
6.580675454779962193e-03
6.530743811436635210e-03
6.484239030976940779e-03
6.440997788114899252e-03
6.400869153086878247e-03
6.363713510813172151e-03
6.329401593692640313e-03
6.297813614438212311e-03
6.268838487192391132e-03
6.242373126721445682e-03
6.218321816817163131e-03
6.196595640174417004e-03
6.177111962989631500e-03
6.159793968365972691e-03
6.144570233336625435e-03
6.131374344944122076e-03
6.120144551357070348e-03
6.110823444477834349e-03
6.103357670905334986e-03
6.097697668475785156e-03
6.093797425917366235e-03
6.091614263429886815e-03
6.091108632240846074e-03
6.092243931402003057e-03
6.094986340277074900e-03
6.099304665336510549e-03
6.105170200020880976e-03
6.112556596564398467e-03
6.121439748784621333e-03
6.131797684947008428e-03
6.143610469904078192e-03
6.156860115790226476e-03
6.171530500626733369e-03
6.187607294256201353e-03
6.205077891085151662e-03
6.223931349165942074e-03
6.244158335197423290e-03
6.265751075066591791e-03
6.288703309593494592e-03
6.313010255176423370e-03
6.338668569068135056e-03
6.365676319042782444e-03
6.394032957241499622e-03
6.423739298009320704e-03
6.454797499559948928e-03
6.487211049326567676e-03
6.520984752877524715e-03
6.556124726294508022e-03
6.592638391929372260e-03
6.630534477473104885e-03
6.669823018286207689e-03
6.710515362957004959e-03
6.752624182068086775e-03
6.796163480168189094e-03
6.841148610959899880e-03
6.887596295729558199e-03
6.935524645059774028e-03
6.984953183880445934e-03
7.035902879928408911e-03
7.088396175702356590e-03
7.142457024014386459e-03
7.198110927256718208e-03
7.255384980518907526e-03
7.314307918708857180e-03
7.374910167849241596e-03
7.437223900741955600e-03
7.501283097212823811e-03
7.567123609172789721e-03
7.634783230754651519e-03
7.704301773811109144e-03
7.775721149087089223e-03
7.849085453410047791e-03
7.924441063273437655e-03
8.001836735224789054e-03
8.081323713507716083e-03
8.162955845448524941e-03
8.246789705124475331e-03
8.332884725899788667e-03
8.421303342470159645e-03
8.512111143116802420e-03
8.605377032935644654e-03
8.701173408880694474e-03
8.799576347539096385e-03
8.900665806643798944e-03
9.004525841425938676e-03
9.111244837017432041e-03
9.220915758230606440e-03
9.333636418176768576e-03
9.449509767327852333e-03
9.568644204791120975e-03
9.691153913746010373e-03
9.817159223194470499e-03
9.946786998402186442e-03
1.008017106265932800e-02
1.021745265327250393e-02
1.035878091501595682e-02
1.050431343462621125e-02
1.065421682032442405e-02
1.080866733080245584e-02
1.096785155861725036e-02
1.113196717351523646e-02
1.130122373185946973e-02
1.147584355907382142e-02
1.165606271285913459e-02
1.184213203589461194e-02
1.203431830783190104e-02
1.223290550763860875e-02
1.243819619878077168e-02
1.265051305137815905e-02
1.287020051735725083e-02
1.309762667680929200e-02
1.333318527628022873e-02
1.357729798264159168e-02
1.383041687958125321e-02
1.409302723770296771e-02
1.436565059383211260e-02
1.464884818052139027e-02
1.494322475308061324e-02
1.524943286891321595e-02
1.556817768274090796e-02
1.590022233172663432e-02
1.624639399689486313e-02
1.660759074202090846e-02
1.698478924883840141e-02
1.737905358864100247e-02
1.779154519594925571e-02
1.822353424088372226e-02
1.867641263453466774e-02
1.915170894756916542e-02
1.965110557865980961e-02
2.017645857874474091e-02
2.072982062307341528e-02
2.131346772997984654e-02
2.192993045920281492e-02
2.258203049109536523e-02
2.327292370146616385e-02
2.400615111878350028e-02
2.478569949945074596e-02
2.561607370786205679e-02
2.650238367520342531e-02
2.745044948180317898e-02
2.846692912833729411e-02
2.955947492452928177e-02
3.073692626312805182e-02
3.200954905378828458e-02
3.338933554676605520e-02
3.489038309618431449e-02
3.652937722335986015e-02
3.832621409991632255e-02
4.030481176817182765e-02
4.249418041484863406e-02
4.492985363661566173e-02
4.765583121022809454e-02
5.072726014263430339e-02
5.421420344977145866e-02
5.820704885490876612e-02
6.282445501642144881e-02
6.822534201730987014e-02
7.462755009577098919e-02
8.233793505053323136e-02
9.180300917269296201e-02
1.036985922901393908e-01
1.190986960931979255e-01
1.398194515912105085e-01
1.691939429895175651e-01
2.140740498932816038e-01
2.911390353114582941e-01
4.543633242752040946e-01
1.031393058708179877e+00
-3.858278757091672340e+00
-6.732351880245289744e-01
-3.691405346735777693e-01
-2.544473316521626005e-01
-1.942256180756520845e-01
-1.571164872975370219e-01
-1.319564066269008351e-01
-1.137742535868961902e-01
-1.000205635516384084e-01
-8.925299835470446030e-02
-8.059422756083971240e-02
-7.347994276122793433e-02
-6.753068654254278103e-02
-6.248189203493936111e-02
-5.814346011062972164e-02
-5.437528130032959206e-02
-5.107181745511392423e-02
-4.815205842742611292e-02
-4.555278771704066032e-02
-4.322395138598568443e-02
-4.112540178738985364e-02
-3.922456239795784477e-02
-3.749472346123928351e-02
-3.591377820191534592e-02
-3.446327223167411358e-02
-3.312767918733321160e-02
-3.189384218309571778e-02
-3.075053842159972128e-02
-2.968813640446511803e-02
-2.869832355227038695e-02
-2.777388791988807948e-02
-2.690854187472253162e-02
-2.609677861862219270e-02
-2.533375463091289831e-02
-2.461519272877787587e-02
-2.393730164624182158e-02
-2.329670893852903851e-02
-2.269040470508251056e-02
-2.211569414934361905e-02
-2.157015739774362229e-02
-2.105161531421641599e-02
-2.055810029184890891e-02
-2.008783119629439437e-02
-1.963919178838296337e-02
-1.921071207506262757e-02
-1.880105213527882152e-02
-1.840898804589422705e-02
-1.803339959627152031e-02
-1.767325953181793710e-02
-1.732762410900278924e-02
-1.699562477901499224e-02
-1.667646084578661494e-02
-1.636939296774883590e-02
-1.607373739232520471e-02
-1.578886082854785364e-02
-1.551417587689140135e-02
-1.524913694693345867e-02
-1.499323660315405975e-02
-1.474600228739056731e-02
-1.450699337341709860e-02
-1.427579851503870192e-02
-1.405203325413246183e-02
-1.383533785938718605e-02
-1.362537537019381691e-02
-1.342182982332153392e-02
-1.322440464275913621e-02
-1.303282117547059291e-02
-1.284681735786863920e-02
-1.266614649959132283e-02
-1.249057617271683539e-02
-1.231988719590602216e-02
-1.215387270413887701e-02
-1.199233729575002218e-02
-1.183509624937053098e-02
-1.168197480418275980e-02
-1.153280749759546565e-02
-1.138743755506492657e-02
-1.124571632733471944e-02
-1.110750277084969137e-02
-1.097266296752874050e-02
-1.084106968046185011e-02
-1.071260194243494300e-02
-1.058714467448581761e-02
-1.046458833196777308e-02
-1.034482857583074455e-02
-1.022776596705139360e-02
-1.011330568233061167e-02
-1.000135724935193385e-02
-9.891834300048784820e-03
-9.784654340467484335e-03
-9.679738535937164670e-03
-9.577011510373600878e-03
-9.476401158642394976e-03
-9.377838471001433487e-03
-9.281257368725367302e-03
-9.186594550089199201e-03
-9.093789345957902642e-03
-9.002783584289922314e-03
-8.913521462919602595e-03
-8.825949430033747795e-03
-8.740016071805606357e-03
-8.655672006690519338e-03
-8.572869785927693040e-03
-8.491563799826172890e-03
-8.411710189447531641e-03
-8.333266763325582194e-03
-8.256192918890943241e-03
-8.180449568294195783e-03
-8.105999068341557257e-03
-8.032805154280869830e-03
-7.960832877192600826e-03
-7.890048544759397514e-03
-7.820419665202367476e-03
-7.751914894189700089e-03
-7.684503984534483967e-03
-7.618157738512251753e-03
-7.552847962641023871e-03
-7.488547424776392791e-03
-7.425229813384559563e-03
-7.362869698863461210e-03
-7.301442496799689930e-03
-7.240924433038489760e-03
-7.181292510472288282e-03
-7.122524477446080804e-03
-7.064598797688267928e-03
-7.007494621683867109e-03
-6.951191759406998016e-03
-6.895670654340942118e-03
-6.840912358713611974e-03
-6.786898509882753616e-03
-6.733611307809578631e-03
-6.681033493562133288e-03
-6.629148328795049852e-03
-6.577939576152583637e-03
-6.527391480548008079e-03
-6.477488751274034298e-03
-6.428216544900838478e-03
-6.379560448921732518e-03
-6.331506466109242115e-03
-6.284040999544567192e-03
-6.237150838288216953e-03
-6.190823143659093114e-03
-6.145045436092282098e-03
-6.099805582547225546e-03
-6.055091784439923901e-03
-6.010892566073115784e-03
-5.967196763541570380e-03
-5.923993514088878032e-03
-5.881272245895232016e-03
-5.839022668275370073e-03
-5.797234762268083791e-03
-5.755898771598429858e-03
-5.715005193996567506e-03
-5.674544772855498465e-03
-5.634508489214097061e-03
-5.594887554048498697e-03
-5.555673400860258737e-03
-5.516857678546809030e-03
-5.478432244541678667e-03
-5.440389158213106147e-03
-5.402720674509482734e-03
-5.365419237841210012e-03
-5.328477476187445244e-03
-5.291888195420679439e-03
-5.255644373836917439e-03
-5.219739156884942687e-03
-5.184165852084750108e-03
-5.148917924128566456e-03
-5.113988990155570249e-03
-5.079372815194207677e-03
-5.045063307764099600e-03
-5.011054515632266081e-03
-4.977340621716224746e-03
-4.943915940128719780e-03
-4.910774912357957975e-03
-4.877912103578570073e-03
-4.845322199086928364e-03
-4.813000000857526293e-03
-4.780940424213515026e-03
-4.749138494609530387e-03
-4.717589344519951960e-03
-4.686288210430249873e-03
-4.655230429926177776e-03
-4.624411438878517008e-03
-4.593826768718036781e-03
-4.563472043798446481e-03
-4.533342978843887990e-03
-4.503435376477361515e-03
-4.473745124826719599e-03
-4.444268195207089558e-03
-4.415000639874560109e-03
-4.385938589849962960e-03
-4.357078252810429181e-03
-4.328415911044608197e-03
-4.299947919471428827e-03
-4.271670703717915518e-03
-4.243580758255911453e-03
-4.215674644593849635e-03
-4.187948989523414961e-03
-4.160400483416981654e-03
-4.133025878576378556e-03
-4.105821987629231819e-03
-4.078785681972517223e-03
-4.051913890260438154e-03
-4.025203596937032557e-03
-3.998651840809540683e-03
-3.972255713663086149e-03
-3.946012358913927702e-03
-3.919918970301369300e-03
-3.893972790615395519e-03
-3.868171110459974176e-03
-3.842511267050268027e-03
-3.816990643043133204e-03
-3.791606665399289804e-03
-3.766356804275977632e-03
-3.741238571949852092e-03
-3.716249521768440981e-03
-3.691387247129355575e-03
-3.666649380486579433e-03
-3.642033592382402929e-03
-3.617537590505090668e-03
-3.593159118770400916e-03
-3.568895956426955743e-03
-3.544745917183953973e-03
-3.520706848361656281e-03
-3.496776630062590693e-03
-3.472953174363480229e-03
-3.449234424527127668e-03
-3.425618354234199765e-03
-3.402102966832941128e-03
-3.378686294607110945e-03
-3.355366398062291713e-03
-3.332141365227630526e-03
-3.309009310975745931e-03
-3.285968376356907666e-03
-3.263016727950011128e-03
-3.240152557227353285e-03
-3.217374079934674606e-03
-3.194679535484033165e-03
-3.172067186362144235e-03
-3.149535317549128667e-03
-3.127082235952678181e-03
-3.104706269852173205e-03
-3.082405768356341526e-03
-3.060179100871261108e-03
-3.038024656580145567e-03
-3.015940843933868475e-03
-2.993926090150947524e-03
-2.971978840729217700e-03
-2.950097558965724450e-03
-2.928280725486882060e-03
-2.906526837787377221e-03
-2.884834409778036339e-03
-2.863201971342163067e-03
-2.841628067900068937e-03
-2.820111259981460117e-03
-2.798650122805809975e-03
-2.777243245869411188e-03
-2.755889232540651747e-03
-2.734586699661156924e-03
-2.713334277154254379e-03
-2.692130607639458759e-03
-2.670974346053545632e-03
-2.649864159276568536e-03
-2.628798725765684862e-03
-2.607776735191446801e-03
-2.586796888082590253e-03
-2.565857895473650906e-03
-2.544958478557931940e-03
-2.524097368346352004e-03
-2.503273305328604717e-03
-2.482485039141051064e-03
-2.461731328236751136e-03
-2.441010939560201744e-03
-2.420322648226187930e-03
-2.399665237201367100e-03
-2.379037496989225460e-03
-2.358438225320040431e-03
-2.337866226840349532e-03
-2.317320312809199867e-03
-2.296799300794177302e-03
-2.276302014371506168e-03
-2.255827282827586183e-03
-2.235373940863533485e-03
-2.214940828301164080e-03
-2.194526789790905014e-03
-2.174130674521798472e-03
-2.153751335932899743e-03
-2.133387631425493966e-03
-2.113038422077403219e-03
-2.092702572357933288e-03
-2.072378949843816168e-03
-2.052066424935997807e-03
-2.031763870576814429e-03
-2.011470161967763865e-03
-1.991184176287935648e-03
-1.970904792412003954e-03
-1.950630890628310323e-03
-1.930361352357670614e-03
-1.910095059870237349e-03
-1.889830896003397240e-03
-1.869567743878477843e-03
-1.849304486616236420e-03
-1.829040007051856154e-03
-1.808773187449225911e-03
-1.788502909212845828e-03
-1.768228052599318291e-03
-1.747947496426556242e-03
-1.727660117781365393e-03
-1.707364791725575568e-03
-1.687060390999121744e-03
-1.666745785721583792e-03
-1.646419843090448244e-03
-1.626081427077828972e-03
-1.605729398123106281e-03
-1.585362612822921631e-03
-1.564979923618888382e-03
-1.544580178479530892e-03
-1.524162220581585245e-03
-1.503724887984084603e-03
-1.483267013301794697e-03
-1.462787423371177424e-03
-1.442284938914410036e-03
-1.421758374196627640e-03
-1.401206536679312862e-03
-1.380628226668515618e-03
-1.360022236956657214e-03
-1.339387352459429741e-03
-1.318722349846753817e-03
-1.298025997166166222e-03
-1.277297053461867249e-03
-1.256534268384333110e-03
-1.235736381795461648e-03
-1.214902123363458680e-03
-1.194030212153195840e-03
-1.173119356205081952e-03
-1.152168252108160592e-03
-1.131175584563446149e-03
-1.110140025937729306e-03
-1.089060235808907108e-03
-1.067934860500360404e-03
-1.046762532606455593e-03
-1.025541870505649374e-03
-1.004271477864411826e-03
-9.829499431277838751e-04
-9.615758389996557692e-04
-9.401477219093815670e-04
-9.186641314661074488e-04
-8.971235898996139614e-04
-8.755246014871128583e-04
-8.538656519654253159e-04
-8.321452079286661020e-04
-8.103617162096535438e-04
-7.885136032453777134e-04
-7.665992744259849442e-04
-7.446171134257294644e-04
-7.225654815158304546e-04
-7.004427168585116922e-04
-6.782471337819003659e-04
-6.559770220335659147e-04
-6.336306460138168119e-04
-6.112062439863402349e-04
-5.887020272663789086e-04
-5.661161793849268063e-04
-5.434468552283492401e-04
-5.206921801520635225e-04
-4.978502490682273993e-04
-4.749191255047973889e-04
-4.518968406359220088e-04
-4.287813922828756031e-04
-4.055707438837826513e-04
-3.822628234295815395e-04
-3.588555223678134391e-04
-3.353466944703473694e-04
-3.117341546648888951e-04
-2.880156778282860937e-04
-2.641889975399330879e-04
-2.402518047941531142e-04
-2.162017466697250308e-04
-1.920364249543855123e-04
-1.677533947226116703e-04
-1.433501628647698353e-04
-1.188241865661746315e-04
-9.417287173201405355e-05
-6.939357135859742891e-05
-4.448358384632859763e-05
-1.944015125225715540e-05
5.739542518200767274e-06
3.105837358674447962e-05
5.651928004501830839e-05
8.212526396802468862e-05
1.078793935032752813e-04
1.337848050361393863e-04
1.598447054374264875e-04
1.860623743949389557e-04
2.124411668342120890e-04
2.389845154319410799e-04
2.656959332262940222e-04
2.925790163286067121e-04
3.196374467413581021e-04
3.468749952874453958e-04
3.742955246562517865e-04
4.019029925701543115e-04
4.297014550812990313e-04
4.576950700003446469e-04
4.858881004659956239e-04
5.142849186632180315e-04
5.428900096940837260e-04
5.717079756124220872e-04
6.007435396272844171e-04
6.300015504869050167e-04
6.594869870491639006e-04
6.892049630498938567e-04
7.191607320788408458e-04
7.493596927741501181e-04
7.798073942457328309e-04
8.105095417403696337e-04
8.414720025621237002e-04
8.727008122596567954e-04
9.042021810954871310e-04
9.359825008142270281e-04
9.680483517231551569e-04
1.000406510103515542e-03
1.033063955972535588e-03
1.066027881211437361e-03
1.099305698085809501e-03
1.132905048173872466e-03
1.166833811732259467e-03
1.201100117519861548e-03
1.235712353108621908e-03
1.270679175708773088e-03
1.306009523539587019e-03
1.341712627777321993e-03
1.377798025115391494e-03
1.414275570973148530e-03
1.451155453394776130e-03
1.488448207677352600e-03
1.526164731777134107e-03
1.564316302539390732e-03
1.602914592807328821e-03
1.641971689461440512e-03
1.681500112454940160e-03
1.721512834904799939e-03
1.762023304310674030e-03
1.803045464975310506e-03
1.844593781706844928e-03
1.886683264888386509e-03
1.929329497011412955e-03
1.972548660767578423e-03
2.016357568814762958e-03
2.060773695327941177e-03
2.105815209465277185e-03
2.151501010885362164e-03
2.197850767464138138e-03
2.244884955372201864e-03
2.292624901686065707e-03
2.341092829723835558e-03
2.390311907310161028e-03
2.440306298192739757e-03
2.491101216856006148e-03
2.542722986993053123e-03
2.595199103928840650e-03
2.648558301304561671e-03
2.702830622371827935e-03
2.758047496268021051e-03
2.814241819688654937e-03
2.871448044403898496e-03
2.929702271114564133e-03
2.989042350191295147e-03
3.049507989891309459e-03
3.111140872709466411e-03
3.173984780588283167e-03
3.238085729779168875e-03
3.303492116239507923e-03
3.370254872536029584e-03
3.438427637332375220e-03
3.508066938652794602e-03
3.579232392249589046e-03
3.651986916543584379e-03
3.726396965779723430e-03
3.802532783220609423e-03
3.880468676421380478e-03
3.960283316861910180e-03
4.042060066490691522e-03
4.125887334045212455e-03
4.211858964360383831e-03
4.300074664290904486e-03
4.390640469326039311e-03
4.483669255504776213e-03
4.579281301849806585e-03
4.677604909234440479e-03
4.778777082398990086e-03
4.882944282766451052e-03
4.990263260784568410e-03
5.100901977769972326e-03
5.215040628686922614e-03
5.332872779000057822e-03
5.454606630718334195e-03
5.580466435096792868e-03
5.710694072202661051e-03
5.845550820805876097e-03
5.985319345895527728e-03
6.130305935694631975e-03
6.280843025501020062e-03
6.437292052188616984e-03
6.600046691048593386e-03
6.769536536077200468e-03
6.946231296249511661e-03
7.130645594192889028e-03
7.323344470633073172e-03
7.524949718755470467e-03
7.736147198230648551e-03
7.957695310346027395e-03
8.190434855143299830e-03
8.435300540816849379e-03
8.693334477783276962e-03
8.965702068507060141e-03
9.253710804454945427e-03
9.558832610217215045e-03
9.882730541111328648e-03
1.022729085707141557e-02
1.059466177980431661e-02
1.098730061636431568e-02
1.140803143482967824e-02
1.186011615564366503e-02
1.234734284609401503e-02
1.287413627880005379e-02
1.344569759121812952e-02
1.406818239278231214e-02
1.474893026205310181e-02
1.549676380688242393e-02
1.632238319594852410e-02
1.723889371766536283e-02
1.826252181186399648e-02
1.941360310260679262e-02
2.071797112697636167e-02
2.220895008879361990e-02
2.393028209896035097e-02
2.594054350571902562e-02
2.832001593519073435e-02
3.118176634669589387e-02
3.469028618186884710e-02
3.909447797980938194e-02
4.478977032285355597e-02
5.244454785190863499e-02
6.328479188234953368e-02
7.982877549594777356e-02
1.081990633657304857e-01
1.681637262461424531e-01
3.789842568413208657e-01
-1.464283649865127490e+00
-2.487924437404435973e-01
-1.356450619861399309e-01
-9.308720557266458862e-02
-7.076069728946465798e-02
-5.700533994150728395e-02
-4.767727765300148329e-02
-4.093311848390438629e-02
-3.582811022250707855e-02
-3.182802782857273999e-02
-2.860803816788919790e-02
-2.595926528589229121e-02
-2.374128741584468141e-02
-2.185621766961462487e-02
-2.023373250067665718e-02
-1.882200794331011229e-02
-1.758201171238038540e-02
-1.648378582332961015e-02
-1.550395436850951665e-02
-1.462400990039779136e-02
-1.382910867755448615e-02
-1.310720679421082703e-02
-1.244842973307282163e-02
-1.184460492786435643e-02
-1.128891019425402355e-02
-1.077560585020985624e-02
-1.029982817049174965e-02
-9.857428393806180050e-03
-9.444845977324534125e-03
-9.059007890061315446e-03
-8.697247910659466202e-03
-8.357241442170062345e-03
-8.036952471112048663e-03
-7.734590110681508618e-03
-7.448572766734141981e-03
-7.177498410880833735e-03
-6.920119779926986459e-03
-6.675323574788255554e-03
-6.442112926093812586e-03
-6.219592543215718417e-03
-6.006956079520425762e-03
-5.803475337348262819e-03
-5.608491007588478627e-03
-5.421404695269416152e-03
-5.241672027163191139e-03
-5.068796674898096155e-03
-4.902325153179204476e-03
-4.741842279840272067e-03
-4.586967200640598707e-03
-4.437349898786330238e-03
-4.292668121542109194e-03
-4.152624666917931195e-03
-4.016944982143416665e-03
-3.885375032913140902e-03
-3.757679408429338841e-03
-3.633639632346002957e-03
-3.513052653963677496e-03
-3.395729497624955240e-03
-3.281494051272482171e-03
-3.170181977725134576e-03
-3.061639734395084356e-03
-2.955723689043513597e-03
-2.852299320769118712e-03
-2.751240496783647488e-03
-2.652428816712008863e-03
-2.555753017168250346e-03
-2.461108430227908900e-03
-2.368396490185779163e-03
-2.277524283638790795e-03
-2.188404138509934121e-03
-2.100953248131401732e-03
-2.015093326933468931e-03
-1.930750294678155315e-03
-1.847853986502435292e-03
-1.766337886335704252e-03
-1.686138881514446727e-03
-1.607197036642133217e-03
-1.529455384950825433e-03
-1.452859735592160889e-03
-1.377358495450042505e-03
-1.302902504204006551e-03
-1.229444881498235193e-03
-1.156940885184549322e-03
-1.085347779704081209e-03
-1.014624713759362806e-03
-9.447326065181310684e-04
-8.756340416453314152e-04
-8.072931685362758070e-04
-7.396756101762120422e-04
-6.727483771030145360e-04
-6.064797869951617931e-04
-5.408393894507923516e-04
-4.757978955638852286e-04
-4.113271119251405566e-04
-3.473998787269227950e-04
-2.839900116558442822e-04
-2.210722473032153412e-04
-1.586221918286369326e-04
-9.661627264641661772e-05
-3.503169291390120788e-05
2.615361137511817979e-05
8.696101187924670101e-05
1.474112261472988739e-04
2.075243537653188516e-04
2.673199105568619185e-04
3.268168609693753932e-04
3.860336487721228657e-04
4.449882261820083465e-04
5.036980815232372857e-04
5.621802655197648269e-04
6.204514163137154342e-04
6.785277832946782009e-04
7.364252498231575739e-04
7.941593549168996999e-04
8.517453139755722102e-04
9.091980386080958376e-04
9.665321556169663431e-04
1.023762025208669463e-03
1.080901758471236769e-03
1.137965234177636814e-03
1.194966114959041849e-03
1.251917862892403324e-03
1.308833754544960933e-03
1.365726895514259367e-03
1.422610234503358939e-03
1.479496576963388807e-03
1.536398598339806104e-03
1.593328856952959741e-03
1.650299806542879395e-03
1.707323808510750711e-03
1.764413143878389503e-03
1.821580024999344335e-03
1.878836607042256787e-03
1.936194999273155130e-03
1.993667276160074157e-03
2.051265488323089029e-03
2.109001673351217337e-03
2.166887866508311004e-03
2.224936111351943566e-03
2.283158470278644561e-03
2.341567035024185936e-03
2.400173937135809728e-03
2.458991358431250173e-03
2.518031541473346197e-03
2.577306800072967641e-03
2.636829529841973937e-03
2.696612218815128484e-03
2.756667458161010404e-03
2.817007953003882684e-03
2.877646533368998470e-03
2.938596165282534537e-03
2.999869962036310483e-03
3.061481195645338049e-03
3.123443308515238583e-03
3.185769925344605815e-03
3.248474865282891238e-03
3.311572154367126326e-03
3.375076038261710931e-03
3.439000995328070614e-03
3.503361750045521760e-03
3.568173286814414671e-03
3.633450864167319175e-03
3.699210029416770320e-03
3.765466633771957956e-03
3.832236847952949759e-03
3.899537178340263359e-03
3.967384483689604009e-03
4.035795992451339867e-03
4.104789320734883278e-03
4.174382490953428872e-03
4.244593951197406061e-03
4.315442595378951932e-03
4.386947784195684499e-03
4.459129366964690450e-03
4.532007704382712970e-03
4.605603692262016588e-03
4.679938786313737019e-03
4.755035028030970244e-03
4.830915071750487358e-03
4.907602212955075073e-03
4.985120417901777422e-03
5.063494354657516877e-03
5.142749425621939881e-03
5.222911801643610220e-03
5.304008457816117295e-03
5.386067211071990206e-03
5.469116759680990418e-03
5.553186724780147243e-03
5.638307694061305345e-03
5.724511267762372006e-03
5.811830107105872383e-03
5.900297985351515319e-03
5.989949841635114521e-03
6.080821837775916491e-03
6.172951418261440545e-03
6.266377373611410097e-03
6.361139907372840088e-03
6.457280706976911179e-03
6.554843018738152824e-03
6.653871727289938781e-03
6.754413439762837167e-03
6.856516575054026098e-03
6.960231458552673146e-03
7.065610422721677053e-03
7.172707913972211670e-03
7.281580606290537043e-03
7.392287522144164701e-03
7.504890161205745105e-03
7.619452637504337163e-03
7.736041825664743965e-03
7.854727516944177285e-03
7.975582585848484465e-03
8.098683168183988187e-03
8.224108851471872983e-03
8.351942878748290500e-03
8.482272366864596763e-03
8.615188540510999859e-03
8.750786983309746109e-03
8.889167907453660727e-03
9.030436443507299654e-03
9.174702952172963596e-03
9.322083359974118327e-03
9.472699521051872878e-03
9.626679607468525968e-03
9.784158530679688826e-03
9.945278397133449494e-03
1.011018900126742920e-02
1.027904835953496847e-02
1.045202328951603567e-02
1.062929003862224733e-02
1.081103496742719453e-02
1.099745529324815639e-02
1.118875990028499537e-02
1.138517022336917907e-02
1.158692121326432636e-02
1.179426239243944532e-02
1.200745901137213918e-02
1.222679331674731210e-02
1.245256594439518583e-02
1.268509745153216343e-02
1.292473000484977916e-02
1.317182924327765098e-02
1.342678633687906242e-02
1.369002026643184947e-02
1.396198035180047474e-02
1.424314906137719161e-02
1.453404513976629467e-02
1.483522709657376579e-02
1.514729710594235959e-02
1.547090537438087013e-02
1.580675504387491978e-02
1.615560770842774940e-02
1.651828963550876911e-02
1.689569879980366493e-02
1.728881285580386590e-02
1.769869819878004680e-02
1.812652029157639857e-02
1.857355546848876715e-02
1.904120446878851056e-02
1.953100800303897433e-02
2.004466471763115959e-02
2.058405200004302660e-02
2.115125016314368944e-02
2.174857066671425504e-02
2.237858918507667355e-02
2.304418452037464496e-02
2.374858460387734016e-02
2.449542113884006084e-02
2.528879484022635710e-02
2.613335374910424197e-02
2.703438778456790717e-02
2.799794360177663283e-02
2.903096503306268686e-02
3.014146601672274342e-02
3.133874513325000943e-02
3.263365391678864358e-02
3.403893535362249173e-02
3.556965496486140521e-02
3.724375542871118105e-02
3.908277811958742187e-02
4.111281326701997363e-02
4.336576795854134997e-02
4.588108335694499051e-02
4.870809845089117684e-02
5.190936334474936104e-02
5.556537903366687292e-02
5.978153556471992730e-02
6.469853784032865429e-02
7.050855143925149893e-02
7.748109821532037089e-02
8.600633905557245051e-02
9.667108005239932744e-02
1.104005269546310813e-01
1.287433198895696351e-01
1.545030373390525180e-01
1.933323332151301588e-01
2.585847321674958343e-01
3.912021754477432722e-01
8.070727184164933066e-01
-1.179280689648880553e+01
-7.063158623875189779e-01
-3.630467199519513133e-01
-2.438226099013350301e-01
-1.832512630659380859e-01
-1.465846681792316586e-01
-1.219960405878695725e-01
-1.043556119730563031e-01
-9.107816020630640774e-02
-8.071933722090529617e-02
-7.240885289278058135e-02
-6.559104575066866671e-02
-5.989448123481577735e-02
-5.506144093941659629e-02
-5.090749339179671817e-02
-4.729716785656971900e-02
-4.412871410731021571e-02
-4.132422088736525251e-02
-3.882301648894426888e-02
-3.657714629393787886e-02
-3.454820264629313020e-02
-3.270505763696087559e-02
-3.102221233306170362e-02
-2.947857534677442506e-02
-2.805654584060084805e-02
-2.674131593124885048e-02
-2.552033355399304509e-02
-2.438288426929860475e-02
-2.331976232667333851e-02
-2.232300946921268042e-02
-2.138570568503198044e-02
-2.050180017608367947e-02
-1.966597373773041821e-02
-1.887352586913574812e-02
-1.812028149856213105e-02
-1.740251336938441334e-02
-1.671687700339294369e-02
-1.606035581606774648e-02
-1.543021445956262692e-02
-1.482395885298548079e-02
-1.423930165511231444e-02
-1.367413216290315654e-02
-1.312648979550691021e-02
-1.259454045913334375e-02
-1.207655519155402708e-02
-1.157089056194276697e-02
-1.107597035662011634e-02
-1.059026811665410121e-02
-1.011229011080353596e-02
-9.640558327301316718e-03
-9.173593049715824191e-03
-8.709894543500807870e-03
-8.247923317287270129e-03
-7.786078330833957548e-03
-7.322672391674717521e-03
-6.855903802885171539e-03
-6.383823077889493741e-03
-5.904293200065999919e-03
-5.414941439028368719e-03
-4.913100088924457313e-03
-4.395732588310732013e-03
-3.859340197483041371e-03
-3.299842566120489776e-03
-2.712422839046654127e-03
-2.091323972262467551e-03
-1.429576938757505869e-03
-7.186322904212272961e-04
5.214793486044491666e-05
8.962042804039459937e-04
1.830804791030666429e-03
2.878551430740346195e-03
4.069654755094818943e-03
5.445476863697503583e-03
7.064252662614262102e-03
9.010730886781004312e-03
1.141327248796010496e-02
1.447613278609167359e-02
1.854539175438127060e-02
2.425805340540451022e-02
3.292930239027062889e-02
4.778274759499437363e-02
7.938347874438841933e-02
1.941727188302904139e-01
-6.320100712805916121e-01
-1.293731539175324297e-01
-7.466529626285808852e-02
-5.361083336130767485e-02
-4.242064657626645752e-02
-3.545242276856643004e-02
-3.067853196787982337e-02
-2.719097179834770867e-02
-2.452228745434668206e-02
-2.240727678068353199e-02
-2.068427094791921647e-02
-1.924909492280302975e-02
-1.803158947532395098e-02
-1.698276974189946026e-02
-1.606739305739356832e-02
-1.525945208769524317e-02
-1.453933264636056433e-02
-1.389196042640342479e-02
-1.330555720815791362e-02
-1.277078484464874708e-02
-1.228014293773946504e-02
-1.182753661289904015e-02
-1.140796086447012220e-02
-1.101726636652215589e-02
-1.065198322829511747e-02
-1.030918662724637953e-02
-9.986393150417816750e-03
-9.681479954620670486e-03
-9.392621090567669986e-03
-9.118236883003918297e-03
-8.856953345492236257e-03
-8.607569382068450473e-03
-8.369030085677645059e-03
-8.140404849975512239e-03
-7.920869310880093023e-03
-7.709690357528212711e-03
-7.506213620081829060e-03
-7.309852969106566192e-03
-7.120081658542026792e-03
-6.936424819311512793e-03
-6.758453068799324948e-03
-6.585777046995222941e-03
-6.418042725894186444e-03
-6.254927367115535423e-03
-6.096136025324547410e-03
-5.941398513114311102e-03
-5.790466757599955182e-03
-5.643112490795184483e-03
-5.499125225415771659e-03
-5.358310475620215764e-03
-5.220488188641860504e-03
-5.085491358563579145e-03
-4.953164797899259168e-03
-4.823364046285118223e-03
-4.695954398644485057e-03
-4.570810037731925027e-03
-4.447813258107616990e-03
-4.326853770403490430e-03
-4.207828076272087867e-03
-4.090638905681123587e-03
-3.975194709366814023e-03
-3.861409200145088545e-03
-3.749200937623507757e-03
-3.638492951526832702e-03
-3.529212399454064331e-03
-3.421290255383524232e-03
-3.314661025705213995e-03
-3.209262489911648194e-03
-3.105035463450151433e-03
-3.001923580493108968e-03
-2.899873094654597389e-03
-2.798832695906359243e-03
-2.698753342120207947e-03
-2.599588103845885782e-03
-2.501292021089883324e-03
-2.403821970975637129e-03
-2.307136545282512715e-03
-2.211195936989433092e-03
-2.115961834990133430e-03
-2.021397326286580517e-03
-1.927466804982357756e-03
-1.834135887508152882e-03
-1.741371333524759915e-03
-1.649140972041235591e-03
-1.557413632302889197e-03
-1.466159079043680754e-03
-1.375347951753460619e-03
-1.284951707628345348e-03
-1.194942567896973423e-03
-1.105293467258564553e-03
-1.015978006172284535e-03
-9.269704057780568229e-04
-8.382454652244336786e-04
-7.497785212315101998e-04
-6.615454096832288928e-04
-5.735224291088656572e-04
-4.856863058914186247e-04
-3.980141610590634126e-04
-3.104834785415822441e-04
-2.230720747572457986e-04
-1.357580694343788570e-04
-4.851985754382475606e-05
3.866391773112024324e-05
1.258143911037543344e-04
2.129525004380942337e-04
3.000990112380582959e-04
3.872745404417721237e-04
4.744995795985327679e-04
5.617945174912505977e-04
6.491796622658157004e-04
7.366752631445270053e-04
8.243015317563427832e-04
9.120786631654337860e-04
1.000026856635740855e-03
1.088166336193386284e-03
1.176517371030564967e-03
1.265100295806717351e-03
1.353935530890433732e-03
1.443043602595707898e-03
1.532445163451093923e-03
1.622161012559090055e-03
1.712212116079063528e-03
1.802619627894126979e-03
1.893404910498473065e-03
1.984589556153744730e-03
2.076195408364585500e-03
2.168244583719339518e-03
2.260759494146264478e-03
2.353762869631969429e-03
2.447277781457015289e-03
2.541327666002112743e-03
2.635936349171134896e-03
2.731128071505524359e-03
2.826927514020268969e-03
2.923359824856126919e-03
3.020450646782550305e-03
3.118226145637452602e-03
3.216713039761955831e-03
3.315938630509556936e-03
3.415930833908263804e-03
3.516718213544042532e-03
3.618330014775164929e-03
3.720796200340973151e-03
3.824147487482941997e-03
3.928415386669801418e-03
4.033632242030793513e-03
4.139831273626564181e-03
4.247046621663704002e-03
4.355313392795554309e-03
4.464667708641334269e-03
4.575146756672142032e-03
4.686788843631698245e-03
4.799633451644445131e-03
4.913721297212392952e-03
5.029094393278268904e-03
5.145796114577717330e-03
5.263871266491630674e-03
5.383366157655522857e-03
5.504328676565712480e-03
5.626808372483646861e-03
5.750856540916358950e-03
5.876526314016427416e-03
6.003872756240511560e-03
6.132952965644597812e-03
6.263826181230690293e-03
6.396553896782350770e-03
6.531199981667810961e-03
6.667830809128310818e-03
6.806515392622338248e-03
6.947325530823403317e-03
7.090335961952702951e-03
7.235624528147724735e-03
7.383272350677708845e-03
7.533364016840231325e-03
7.685987779492534783e-03
7.841235770228492316e-03
7.999204227319100385e-03
8.159993739645441183e-03
8.323709507948265363e-03
8.490461624880544372e-03
8.660365375454281978e-03
8.833541559668114246e-03
9.010116839256719981e-03
9.190224110707528524e-03
9.374002906912523581e-03
9.561599830072117431e-03
9.753169018737239959e-03
9.948872652186486337e-03
1.014888149569585958e-02
1.035337549062100362e-02
1.056254439368423288e-02
1.077658847032553213e-02
1.099571924755947394e-02
1.122016033238842914e-02
1.145014830256612520e-02
1.168593367729408791e-02
1.192778197637996140e-02
1.217597487742231969e-02
1.243081148181524390e-02
1.269260970170238076e-02
1.296170778163496448e-02
1.323846597047319794e-02
1.352326836114683961e-02
1.381652491832822266e-02
1.411867371682293780e-02
1.443018341672975928e-02
1.475155600515433256e-02
1.508332983862303682e-02
1.542608302546481271e-02
1.578043719336131440e-02
1.614706169431441574e-02
1.652667830750489952e-02
1.692006651031182848e-02
1.732806939927842432e-02
1.775160035662563807e-02
1.819165057426846283e-02
1.864929756697394914e-02
1.912571482992678207e-02
1.962218282443163597e-02
2.014010151005124483e-02
2.068100468343350706e-02
2.124657643543401836e-02
2.183867010110455975e-02
2.245933015479363581e-02
2.311081759892230983e-02
2.379563951497564236e-02
2.451658359559569234e-02
2.527675866616119205e-02
2.607964244456682443e-02
2.692913809457814570e-02
2.782964152232811003e-02
2.878612187572162501e-02
2.980421837200704360e-02
3.089035745395223367e-02
3.205189543597956880e-02
3.329729335578494182e-02
3.463633284824173958e-02
3.608038472952847242e-02
3.764274594695254939e-02
3.933906609994085313e-02
4.118789260365657290e-02
4.321137487506340746e-02
4.543618443112688171e-02
4.789473230196013981e-02
5.062680223413738856e-02
5.368177537245071712e-02
5.712171240093039115e-02
6.102570520578370905e-02
6.549615311860694511e-02
7.066803583072969741e-02
7.672299661164511120e-02
8.391142264002279805e-02
9.258837435199727961e-02
1.032746809140517863e-01
1.167664851186966252e-01
1.343448890872493418e-01
1.582115898758456596e-01
1.924969593529848311e-01
2.459642503324564466e-01
3.410368338589913617e-01
5.574113785375642838e-01
1.537958221070333309e+00
-2.000247503552209594e+00
-6.033930342239348654e-01
-3.542615385772218684e-01
-2.501646509042983468e-01
-1.929698534660075904e-01
-1.567811029982307258e-01
-1.318018322546716525e-01
-1.135065849772084745e-01
-9.951606366111512281e-02
-8.845964828071622987e-02
-7.949201713886738796e-02
-7.206342033113394274e-02
-6.580080542405364330e-02
-6.044203341838186305e-02
-5.579743748041419982e-02
-5.172632274977052858e-02
-4.812204253647982266e-02
-4.490220669051274427e-02
-4.200207250564880201e-02
-3.936997090890618362e-02
-3.696406962017911857e-02
-3.475003533343652001e-02
-3.269931280530841144e-02
-3.078783461970172053e-02
-2.899503582916387531e-02
-2.730308654522101489e-02
-2.569628095114441513e-02
-2.416053795943890609e-02
-2.268297974533753023e-02
-2.125156141976600188e-02
-1.985472919407150691e-02
-1.848108606541971205e-02
-1.711904344673894490e-02
-1.575643401493450474e-02
-1.438005460339450078e-02
-1.297509674178143335e-02
-1.152440376738732980e-02
-1.000746248443652731e-02
-8.398985344210973397e-03
-6.666849554920622339e-03
-4.769000236742326065e-03
-2.648630211244264177e-03
-2.263788823534881867e-04
2.612872438640632955e-03
6.043571433249489422e-03
1.034438392818286950e-02
1.599092108781306060e-02
2.386866813565749479e-02
3.583805333868285425e-02
5.658970606408854354e-02
1.023381282164703421e-01
2.926038783040764146e-01
-5.375190061964014721e-01
-1.572315301742337745e-01
-9.728444599923012637e-02
-7.270469314091528024e-02
-5.923163022877382666e-02
-5.066802702799321628e-02
-4.470651228652431503e-02
-4.029140548731045823e-02
-3.687120709252476869e-02
-3.412963584635236858e-02
-3.187225137530751151e-02
-2.997289393545429781e-02
-2.834609781727723612e-02
-2.693188196308651111e-02
-2.568688952818896226e-02
-2.457898533887047099e-02
-2.358383285481536334e-02
-2.268265304666218507e-02
-2.186071489785920002e-02
-2.110629319005027926e-02
-2.040993303284052707e-02
-1.976392068926325490e-02
-1.916189616532355811e-02
-1.859856511880571966e-02
-1.806948157325623597e-02
-1.757088191260201826e-02
-1.709955655360353988e-02
-1.665274966815729479e-02
-1.622808004147260896e-02
-1.582347803469603964e-02
-1.543713494524289603e-02
-1.506746200288342635e-02
-1.471305692177207747e-02
-1.437267642681686747e-02
-1.404521354059886165e-02
-1.372967869131439325e-02
-1.342518390857332794e-02
-1.313092953071994841e-02
-1.284619296718772855e-02
-1.257031915213462255e-02
-1.230271239740364335e-02
-1.204282940930521267e-02
-1.179017327796663510e-02
-1.154428828325768791e-02
-1.130475538925610791e-02
-1.107118832177870008e-02
-1.084323014157373768e-02
-1.062055024051487134e-02
-1.040284170003495309e-02
-1.018981896088911460e-02
-9.981215761319647828e-03
-9.776783307384524779e-03
-9.576288644635793171e-03
-9.379513205002479315e-03
-9.186251506451909368e-03
-8.996309986262546535e-03
-8.809505951421575665e-03
-8.625666631909008342e-03
-8.444628324557829427e-03
-8.266235616819030130e-03
-8.090340681124125535e-03
-7.916802631748974875e-03
-7.745486937049044472e-03
-7.576264880868320215e-03
-7.409013067588843260e-03
-7.243612966024491270e-03
-7.079950487804168371e-03
-6.917915596474611198e-03
-6.757401943913083665e-03
-6.598306530967861655e-03
-6.440529389645989478e-03
-6.283973284335806625e-03
-6.128543429860867572e-03
-5.974147224309960327e-03
-5.820693994808331245e-03
-5.668094754493495716e-03
-5.516261969135034110e-03
-5.365109331915717851e-03
-5.214551544982262872e-03
-5.064504106480061801e-03
-4.914883101797517563e-03
-4.765604997832514206e-03
-4.616586439132163572e-03
-4.467744044722424604e-03
-4.318994204544287369e-03
-4.170252874309706391e-03
-4.021435367707102901e-03
-3.872456144707506209e-03
-3.723228594844108733e-03
-3.573664814177946250e-03
-3.423675374658568214e-03
-3.273169084500458532e-03
-3.122052738125893900e-03
-2.970230854082186404e-03
-2.817605399272352096e-03
-2.664075497664752414e-03
-2.509537121491000038e-03
-2.353882762770093465e-03
-2.197001082780062828e-03
-2.038776536833051493e-03
-1.879088971481899812e-03
-1.717813190906502304e-03
-1.554818488933259676e-03
-1.389968142650898578e-03
-1.223118863199165827e-03
-1.054120198668960593e-03
-8.828138835080181351e-04
-7.090331280504374133e-04
-5.326018410060930595e-04
-3.533337767463355997e-04
-1.710315981664801976e-04
1.451415541103969961e-05
2.035262072759436852e-04
3.962418030716867087e-04
5.929141069287509509e-04
7.938137521399206420e-04
9.992305671751035810e-04
1.209475501172836741e-03
1.424882776813997170e-03
1.645812303026726294e-03
1.872652385355757761e-03
2.105822778191520587e-03
2.345778130757432411e-03
2.593011887815112326e-03
2.848060717184202999e-03
3.111509549422273885e-03
3.383997331147751281e-03
3.666223613259878781e-03
3.958956119299392867e-03
4.263039468850963847e-03
4.579405267436016842e-03
4.909083819778439425e-03
5.253217779959576221e-03
5.613078123180540932e-03
5.990082913695167141e-03
6.385819457563082086e-03
6.802070575045645988e-03
7.240845915406406152e-03
7.704419481022982408e-03
8.195374846764216098e-03
8.716659981446833391e-03
9.271654137915417634e-03
9.864250029929738997e-03
1.049895553373707789e-02
1.118102055003225223e-02
1.191659660127140918e-02
1.271293946258684159e-02
1.357866900147213299e-02
