-3.632997412901514418e-03
-3.669239357542342442e-03
-3.706677512392174065e-03
-3.745359228443244544e-03
-3.785334246654801192e-03
-3.826654847804873260e-03
-3.869376013681763080e-03
-3.913555600626916244e-03
-3.959254526544652222e-03
-4.006536972611164128e-03
-4.055470601045441104e-03
-4.106126790451107220e-03
-4.158580890402183670e-03
-4.212912497130193862e-03
-4.269205752377750254e-03
-4.327549667717659788e-03
-4.388038476901163013e-03
-4.450772019097812282e-03
-4.515856156228302380e-03
-4.583403227976524594e-03
-4.653532548504072178e-03
-4.726370949389312529e-03
-4.802053373881621547e-03
-4.880723528212390500e-03
-4.962534596450077912e-03
-5.047650026243005045e-03
-5.136244393779861028e-03
-5.228504357434747736e-03
-5.324629710879073483e-03
-5.424834547966408266e-03
-5.529348553467558144e-03
-5.638418435795880361e-03
-5.752309520271787179e-03
-5.871307524297171739e-03
-5.995720539123714811e-03
-6.125881246802100145e-03
-6.262149405510116645e-03
-6.404914641922859753e-03
-6.554599595786265304e-03
-6.711663469608978097e-03
-6.876606045670863310e-03
-7.049972243703962228e-03
-7.232357306061432296e-03
-7.424412713494516966e-03
-7.626852954488131699e-03
-7.840463295333589822e-03
-8.066108727850213045e-03
-8.304744308334232467e-03
-8.557427146755721553e-03
-8.825330361842294996e-03
-9.109759388618738143e-03
-9.412171114352966758e-03
-9.734196432180920039e-03
-1.007766694629124229e-02
-1.044464674834422353e-02
-1.083747042523799942e-02
-1.125878877188116016e-02
-1.171162409484432197e-02
-1.219943753939442717e-02
-1.272621160399770544e-02
-1.329655199515585376e-02
-1.391581432596704013e-02
-1.459026302736234765e-02
-1.532727244944892021e-02
-1.613558382573855934e-02
-1.702563708286111699e-02
-1.801000422636469048e-02
-1.910396253024214744e-02
-2.032626313402764728e-02
-2.170017744834385268e-02
-2.325494602664985103e-02
-2.502782286656024188e-02
-2.706702161197981071e-02
-2.943606471222208823e-02
-3.222038215026837987e-02
-3.553764530490521878e-02
-3.955455948210750278e-02
-4.451537217231663068e-02
-5.079288783413114100e-02
-5.898585976314260626e-02
-7.012073040287505887e-02
-8.611651120604993381e-02
-1.110244622838239270e-01
-1.551285712735207822e-01
-2.544228280079960935e-01
-6.848612460130997226e-01
1.037142438647641995e+00
2.992137779484546622e-01
1.762690960518543681e-01
1.256761191235265529e-01
9.810465541449822635e-02
8.076540860756949158e-02
6.886240366918056077e-02
6.019209445931841818e-02
5.360025163521052460e-02
4.842381573715416609e-02
4.425475812306606943e-02
4.082822563480537764e-02
3.796480882578912724e-02
3.553866024839470034e-02
3.345889680052707010e-02
3.165824792329758469e-02
3.008585690914515262e-02
2.870256452950552956e-02
2.747773062200055405e-02
2.638703870397672568e-02
2.541094630012007138e-02
2.453356976996297345e-02
2.374186785478504466e-02
2.302503458413985085e-02
2.237404148057483416e-02
2.178128791814963605e-02
2.124033095841150118e-02
2.074567436019551792e-02
2.029260217901123972e-02
1.987704634033722606e-02
1.949548036481037541e-02
1.914483341623390844e-02
1.882242028267691256e-02
1.852588395244620517e-02
1.825314822311942600e-02
1.800237836085390869e-02
1.777194826305096217e-02
1.756041290844248884e-02
1.736648513208566280e-02
1.718901595829356796e-02
1.702697787651877986e-02
1.687945056416528117e-02
1.674560865402474619e-02
1.662471121832861248e-02
1.651609270065787158e-02
1.641915507447115272e-02
1.633336104532814512e-02
1.625822814494460450e-02
1.619332359051679771e-02
1.613825980346526162e-02
1.609269049878321936e-02
1.605630727025259691e-02
1.602883660847473010e-02
1.601003729840885098e-02
1.599969815127593245e-02
1.599763603255813238e-02
1.600369415364086279e-02
1.601774059958984558e-02
1.603966706978800921e-02
1.606938781180012807e-02
1.610683873199252394e-02
1.615197666919616221e-02
1.620477882013805077e-02
1.626524230753654057e-02
1.633338388371669350e-02
1.640923976439258650e-02
1.649286558892855761e-02
1.658433650496234785e-02
1.668374737678418249e-02
1.679121311834617589e-02
1.690686915325493103e-02
1.703087200560565728e-02
1.716340002707630874e-02
1.730465426734601950e-02
1.745485949666543413e-02
1.761426539132185734e-02
1.778314789484888511e-02
1.796181077017224015e-02
1.815058736051222699e-02
1.834984257983589967e-02
1.855997515704057438e-02
1.878142016193152034e-02
1.901465184553279009e-02
1.926018683245257074e-02
1.951858770905458978e-02
1.979046705823273022e-02
2.007649199985039531e-02
2.037738930563873577e-02
2.069395116885219821e-02
2.102704172263045873e-02
2.137760441727214189e-02
2.174667038606460656e-02
2.213536795263970278e-02
2.254493346094038619e-02
2.297672364289482169e-02
2.343222978022963671e-02
2.391309396730307082e-02
2.442112784369642950e-02
2.495833424151667340e-02
2.552693228673341003e-02
2.612938661134421581e-02
2.676844148019093955e-02
2.744716082134553495e-02
2.816897538341806007e-02
2.893773854198753576e-02
2.975779266088270786e-02
3.063404840979882734e-02
3.157208008542922856e-02
3.257824083106618945e-02
3.365980277228202561e-02
3.482512858658766419e-02
3.608388304947466457e-02
3.744729585976046965e-02
3.892849085345667648e-02
4.054290202705092272e-02
4.230880430002544046e-02
4.424799771125663417e-02
4.638669941262271723e-02
4.875672101021186200e-02
5.139704374313232293e-02
5.435595769580285619e-02
5.769401562196883881e-02
6.148818780606057910e-02
6.583782911135419025e-02
7.087345263652330973e-02
7.676998108301966162e-02
8.376738979974467092e-02
9.220404483465005629e-02
1.025728845031365633e-01
1.156210601362373802e-01
1.325380616804809619e-01
1.553399279087381568e-01
1.877381154359776538e-01
2.373961666124247694e-01
3.230984734157749116e-01
5.064072318910539661e-01
1.174411523093571885e+00
-3.643568134572194417e+00
-7.127477824072840917e-01
-3.946199067827127482e-01
-2.726630753677819485e-01
-2.081925173193865941e-01
-1.683182781095754199e-01
-1.412217650382908696e-01
-1.216108087945124427e-01
-1.067611545102442744e-01
-9.512742940137897119e-02
-8.576771547621431235e-02
-7.807519319172376293e-02
-7.164129432959173704e-02
-6.618085362132611338e-02
-6.148878977880011670e-02
-5.741383728075172277e-02
-5.384198105205042356e-02
-5.068565515429480917e-02
-4.787649385089769172e-02
-4.536034284025795144e-02
-4.309374911490106153e-02
-4.104144222158458144e-02
-3.917449493029071667e-02
-3.746895870198778400e-02
-3.590483686328289209e-02
-3.446530184225734400e-02
-3.313609136645222220e-02
-3.190503764014744614e-02
-3.076169654274994031e-02
-2.969705290631014308e-02
-2.870328426329445820e-02
-2.777356996455518368e-02
-2.690193581771006121e-02
-2.608312676648566475e-02
-2.531250187892748749e-02
-2.458594721352431317e-02
-2.389980311033203589e-02
-2.325080319587858116e-02
-2.263602295777883064e-02
-2.205283618206967458e-02
-2.149887788560783664e-02
-2.097201264115682723e-02
-2.047030740155608014e-02
-1.999200809468153900e-02
-1.953551939259365322e-02
-1.909938716376429618e-02
-1.868228320222957081e-02
-1.828299189629813484e-02
-1.790039855538276201e-02
-1.753347915925002401e-02
-1.718129133150858578e-02
-1.684296637009884481e-02
-1.651770219315426905e-02
-1.620475707988599384e-02
-1.590344410389098184e-02
-1.561312617114284096e-02
-1.533321158740432420e-02
-1.506315009031737248e-02
-1.480242929032322442e-02
-1.455057147210112381e-02
-1.430713071463556550e-02
-1.407169029348936257e-02
-1.384386033354419870e-02
-1.362327568448344281e-02
-1.340959399474602257e-02
-1.320249396265455941e-02
-1.300167374599488224e-02
-1.280684951354991302e-02
-1.261775412402608293e-02
-1.243413591949235446e-02
-1.225575762191846024e-02
-1.208239532268175209e-02
-1.191383755603296971e-02
-1.174988444849538530e-02
-1.159034693703777860e-02
-1.143504604962061050e-02
-1.128381224238979644e-02
-1.113648478838161551e-02
-1.099291121313082306e-02
-1.085294677303714692e-02
-1.071645397276005385e-02
-1.058330211827714779e-02
-1.045336690257162374e-02
-1.032653002120257138e-02
-1.020267881527582056e-02
-1.008170593956368710e-02
-9.963509053732253623e-03
-9.847990534821642744e-03
-9.735057209292012625e-03
-9.624620103101538121e-03
-9.516594208415364575e-03
-9.410898265670982615e-03
-9.307454559832534224e-03
-9.206188729769779894e-03
-9.107029589785684692e-03
-9.009908962399374235e-03
-8.914761521566002406e-03
-8.821524645581302684e-03
-8.730138278980432640e-03
-8.640544802796849833e-03
-8.552688912596780393e-03
-8.466517503751106594e-03
-8.381979563449534765e-03
-8.299026068999109523e-03
-8.217609891984785364e-03
-8.137685707902467952e-03
-8.059209910902847412e-03
-7.982140533313062530e-03
-7.906437169626179956e-03
-7.832060904672769053e-03
-7.758974245708118861e-03
-7.687141058168955529e-03
-7.616526504870459006e-03
-7.547096988430674648e-03
-7.478820096724488400e-03
-7.411664551182918850e-03
-7.345600157766403113e-03
-7.280597760451644127e-03
-7.216629197084102956e-03
-7.153667257456098813e-03
-7.091685643481311987e-03
-7.030658931344609466e-03
-6.970562535513577518e-03
-6.911372674506170363e-03
-6.853066338315355437e-03
-6.795621257397873802e-03
-6.739015873140550422e-03
-6.683229309722461819e-03
-6.628241347296823238e-03
-6.574032396421184560e-03
-6.520583473668146307e-03
-6.467876178354373812e-03
-6.415892670327882907e-03
-6.364615648758292429e-03
-6.314028331877646200e-03
-6.264114437622350998e-03
-6.214858165129975853e-03
-6.166244177047175076e-03
-6.118257582607771264e-03
-6.070883921441813484e-03
-6.024109148079302874e-03
-5.977919617114378636e-03
-5.932302068996491221e-03
-5.887243616419339520e-03
-5.842731731276576065e-03
-5.798754232158786701e-03
-5.755299272364349135e-03
-5.712355328400625827e-03
-5.669911188951833915e-03
-5.627955944291417219e-03
-5.586478976118866915e-03
-5.545469947800868958e-03
-5.504918794997598272e-03
-5.464815716657966081e-03
-5.425151166365289185e-03
-5.385915844018869351e-03
-5.347100687835859914e-03
-5.308696866658862631e-03
-5.270695772556349343e-03
-5.233089013702237925e-03
-5.195868407523132615e-03
-5.159025974100932971e-03
-5.122553929820078747e-03
-5.086444681248740440e-03
-5.050690819244691224e-03
-5.015285113274235013e-03
-4.980220505938378478e-03
-4.945490107694263532e-03
-4.911087191766031618e-03
-4.877005189236254500e-03
-4.843237684310320451e-03
-4.809778409747318337e-03
-4.776621242450313290e-03
-4.743760199209101115e-03
-4.711189432590053364e-03
-4.678903226966756035e-03
-4.646895994685505682e-03
-4.615162272361085852e-03
-4.583696717296923198e-03
-4.552494104025211867e-03
-4.521549320961884381e-03
-4.490857367172600492e-03
-4.460413349244687735e-03
-4.430212478261605011e-03
-4.400250066875555088e-03
-4.370521526475086224e-03
-4.341022364443034715e-03
-4.311748181502633032e-03
-4.282694669147702610e-03
-4.253857607153828727e-03
-4.225232861168137441e-03
-4.196816380373616200e-03
-4.168604195226492323e-03
-4.140592415263030790e-03
-4.112777226974176185e-03
-4.085154891744206818e-03
-4.057721743852505877e-03
-4.030474188535382654e-03
-4.003408700105755454e-03
-3.976521820129391704e-03
-3.949810155654533313e-03
-3.923270377494261080e-03
-3.896899218558494762e-03
-3.870693472234979990e-03
-3.844649990817118786e-03
-3.818765683976621007e-03
-3.793037517280377358e-03
-3.767462510748523404e-03
-3.742037737454661280e-03
-3.716760322163606065e-03
-3.691627440008530756e-03
-3.666636315204149267e-03
-3.641784219795429160e-03
-3.617068472440411204e-03
-3.592486437226123132e-03
-3.568035522516970013e-03
-3.543713179833317926e-03
-3.519516902760186795e-03
-3.495444225885143384e-03
-3.471492723763807634e-03
-3.447660009912354752e-03
-3.423943735826380334e-03
-3.400341590024666145e-03
-3.376851297117724679e-03
-3.353470616899871352e-03
-3.330197343464070571e-03
-3.307029304338909501e-03
-3.283964359647148328e-03
-3.261000401284691250e-03
-3.238135352119943505e-03
-3.215367165212216962e-03
-3.192693823049161730e-03
-3.170113336802132201e-03
-3.147623745599375210e-03
-3.125223115815887152e-03
-3.102909540380166444e-03
-3.080681138096335626e-03
-3.058536052982510460e-03
-3.036472453622900657e-03
-3.014488532535389547e-03
-2.992582505552739570e-03
-2.970752611217086173e-03
-2.948997110187784754e-03
-2.927314284661756277e-03
-2.905702437806459513e-03
-2.884159893203645450e-03
-2.862684994306095680e-03
-2.841276103904173244e-03
-2.819931603603821352e-03
-2.798649893314328167e-03
-2.777429390746797861e-03
-2.756268530921632265e-03
-2.735165765685919955e-03
-2.714119563239268673e-03
-2.693128407669004819e-03
-2.672190798493338359e-03
-2.651305250212845736e-03
-2.630470291869639338e-03
-2.609684466614527968e-03
-2.588946331280775337e-03
-2.568254455965826577e-03
-2.547607423618541197e-03
-2.527003829634411405e-03
-2.506442281455942105e-03
-2.485921398179695256e-03
-2.465439810168572679e-03
-2.444996158670493039e-03
-2.424589095441575647e-03
-2.404217282374832877e-03
-2.383879391133993889e-03
-2.363574102791795271e-03
-2.343300107472311416e-03
-2.323056103998719785e-03
-2.302840799544019108e-03
-2.282652909286042326e-03
-2.262491156066657582e-03
-2.242354270053504954e-03
-2.222240988406115527e-03
-2.202150054944144227e-03
-2.182080219819459380e-03
-2.162030239190180798e-03
-2.141998874898267975e-03
-2.121984894148355554e-03
-2.101987069189952852e-03
-2.082004177000937924e-03
-2.062034998973451619e-03
-2.042078320600777385e-03
-2.022132931166998812e-03
-2.002197623436841913e-03
-1.982271193347428205e-03
-1.962352439700612398e-03
-1.942440163856922527e-03
-1.922533169429484039e-03
-1.902630261978882588e-03
-1.882730248708167119e-03
-1.862831938158469001e-03
-1.842934139904463513e-03
-1.823035664249445355e-03
-1.803135321920614712e-03
-1.783231923763704558e-03
-1.763324280436925993e-03
-1.743411202104320958e-03
-1.723491498127804368e-03
-1.703563976758634430e-03
-1.683627444827117672e-03
-1.663680707431140424e-03
-1.643722567622607359e-03
-1.623751826092818384e-03
-1.603767280855184028e-03
-1.583767726925884101e-03
-1.563751956002111185e-03
-1.543718756138291216e-03
-1.523666911418828339e-03
-1.503595201627956450e-03
-1.483502401917333874e-03
-1.463387282468692121e-03
-1.443248608154728239e-03
-1.423085138194549919e-03
-1.402895625806575104e-03
-1.382678817856118798e-03
-1.362433454499397019e-03
-1.342158268821736335e-03
-1.321851986472852812e-03
-1.301513325294332939e-03
-1.281140994944470618e-03
-1.260733696515195122e-03
-1.240290122144777161e-03
-1.219808954623238708e-03
-1.199288866992045174e-03
-1.178728522137042350e-03
-1.158126572373476730e-03
-1.137481659025398788e-03
-1.116792411995859652e-03
-1.096057449330194037e-03
-1.075275376770612641e-03
-1.054444787302447279e-03
-1.033564260691479959e-03
-1.012632363011949348e-03
-9.916476461649034995e-04
-9.706086473868569871e-04
-9.495138887473430003e-04
-9.283618766367936984e-04
-9.071511012421508684e-04
-8.858800360115742789e-04
-8.645471371066923340e-04
-8.431508428427090130e-04
-8.216895731145649334e-04
-8.001617288116704904e-04
-7.785656912156068300e-04
-7.568998213865381092e-04
-7.351624595322745707e-04
-7.133519243622357155e-04
-6.914665124263608478e-04
-6.695044974350428287e-04
-6.474641295641115485e-04
-6.253436347396948251e-04
-6.031412139051452962e-04
-5.808550422688821008e-04
-5.584832685311634775e-04
-5.360240140899537754e-04
-5.134753722268285692e-04
-4.908354072667654635e-04
-4.681021537184736851e-04
-4.452736153875047793e-04
-4.223477644656717551e-04
-3.993225405933633915e-04
-3.761958498955124321e-04
-3.529655639887209657e-04
-3.296295189591370682e-04
-3.061855143103157408e-04
-2.826313118792817165e-04
-2.589646347191942866e-04
-2.351831659487524893e-04
-2.112845475657483367e-04
-1.872663792238252536e-04
-1.631262169710760712e-04
-1.388615719486144436e-04
-1.144699090479305362e-04
-8.994864552560070600e-05
-6.529514957267189279e-05
-4.050673883767034675e-05
-1.558067890205898365e-05
9.485818296257626098e-06
3.469559609031421313e-05
6.005155476655928137e-05
8.555665330456764875e-05
1.112139111753541153e-04
1.370264102009341456e-04
1.629972964790706892e-04
1.891297823738919207e-04
2.154271485767448972e-04
2.418927462396131337e-04
2.685299991836325242e-04
2.953424061875350830e-04
3.223335433576801981e-04
3.495070665847704525e-04
3.768667140891211742e-04
4.044163090607634167e-04
4.321597623968779361e-04
4.601010755403045667e-04
4.882443434270416702e-04
5.165937575421475879e-04
5.451536090954707189e-04
5.739282923156573818e-04
6.029223078747392509e-04
6.321402664433021026e-04
6.615868923870601125e-04
6.912670276081889220e-04
7.211856355392796784e-04
7.513478052982346458e-04
7.817587560098376506e-04
8.124238413028690015e-04
8.433485539925313773e-04
8.745385309536918284e-04
9.059995581990965344e-04
9.377375761673019221e-04
9.697586852362668521e-04
1.002069151467814816e-03
1.034675412601218040e-03
1.067584084302342345e-03
1.100801966685178730e-03
1.134336051119076531e-03
1.168193527335031640e-03
1.202381790848679709e-03
1.236908450714195237e-03
1.271781337629692039e-03
1.307008512409162538e-03
1.342598274844431904e-03
1.378559172974620859e-03
1.414900012788317465e-03
1.451629868380302415e-03
1.488758092588676491e-03
1.526294328139283629e-03
1.564248519325945816e-03
1.602630924256212650e-03
1.641452127696151238e-03
1.680723054547718191e-03
1.720454983995385340e-03
1.760659564362251298e-03
1.801348828716649916e-03
1.842535211274261286e-03
1.884231564642924097e-03
1.926451177962842411e-03
1.969207795994782836e-03
2.012515639216518569e-03
2.056389424989095178e-03
2.100844389860698561e-03
2.145896313079843302e-03
2.191561541395543704e-03
2.237857015226544632e-03
2.284800296290392420e-03
2.332409596787024877e-03
2.380703810239731284e-03
2.429702544105137845e-03
2.479426154272968384e-03
2.529895781581740621e-03
2.581133390491908118e-03
2.633161810065496634e-03
2.686004777414793647e-03
2.739686983795753487e-03
2.794234123535305290e-03
2.849672945998322354e-03
2.906031310817275889e-03
2.963338246626064446e-03
3.021624013560040775e-03
3.080920169806912468e-03
3.141259642519807736e-03
3.202676803427345273e-03
3.265207549510039907e-03
3.328889389143444705e-03
3.393761534142786772e-03
3.459864998190419205e-03
3.527242702165484488e-03
3.595939586947783165e-03
3.666002734324140359e-03
3.737481496681510119e-03
3.810427636243940257e-03
3.884895474680906749e-03
3.960942054001381774e-03
4.038627309738925843e-03
4.118014257537329706e-03
4.199169194362808825e-03
4.282161915698317993e-03
4.367065950220894860e-03
4.453958813626882930e-03
4.542922283450956736e-03
4.634042696937605392e-03
4.727411274248060832e-03
4.823124469556060515e-03
4.921284352882074851e-03
5.021999025848703467e-03
5.125383074929996084e-03
5.231558066196458773e-03
5.340653086060536195e-03
5.452805333087647546e-03
5.568160766591012840e-03
5.686874818470236646e-03
5.809113175607298098e-03
5.935052641115606473e-03
6.064882083873220607e-03
6.198803487083067582e-03
6.337033108120445485e-03
6.479802763696689873e-03
6.627361256427603993e-03
6.779975961294245311e-03
6.937934593304430526e-03
7.101547180970731177e-03
7.271148274112347251e-03
7.447099419102581191e-03
7.629791940131728026e-03
7.819650071559131055e-03
8.017134494166510209e-03
8.222746337412155035e-03
8.437031720937682167e-03
8.660586922042608563e-03
8.894064272152149911e-03
9.138178905149989956e-03
9.393716504699771430e-03
9.661542227455157533e-03
9.942611015781813860e-03
1.023797955915751838e-02
1.054882022016685218e-02
1.087643731214133630e-02
1.122228620516082555e-02
1.158799585088008885e-02
1.197539546184145723e-02
1.238654626759285761e-02
1.282377951160461674e-02
1.328974216830746367e-02
1.378745227437635883e-02
1.432036631878761020e-02
1.489246187328304750e-02
1.550833964184517022e-02
1.617335047050107513e-02
1.689375474272370586e-02
1.767692422217717954e-02
1.853160014311120568e-02
1.946822672611669275e-02
2.049938715232947628e-02
2.164038069972878606e-02
2.290999740720708541e-02
2.433157390998889891e-02
2.593445717528462119e-02
2.775607263828895610e-02
2.984490941819262569e-02
3.226493491716966866e-02
3.510230653838082582e-02
3.847590745832740050e-02
4.255451507534778466e-02
4.758604462447068445e-02
5.395009203746670839e-02
6.225874925239508612e-02
7.356678762724710996e-02
8.986018152999285247e-02
1.153747981948322482e-01
1.610414408905751771e-01
2.663534545764895678e-01
7.684243588735050201e-01
-8.695051847136592293e-01
-2.777432390279116481e-01
-1.652819070775155830e-01
-1.176460309179954145e-01
-9.132088831088663872e-02
-7.461698238574124287e-02
-6.307258832340580101e-02
-5.461537644367791405e-02
-4.815177607073081734e-02
-4.305016427968898912e-02
-3.892024385786663904e-02
-3.550783741617302702e-02
-3.264030501694330927e-02
-3.019627608576660321e-02
-2.808793270035872536e-02
-2.625016461084017996e-02
-2.463367526144060946e-02
-2.320045562767602057e-02
-2.192072844529576250e-02
-2.077083416333272425e-02
-1.973173657325990801e-02
-1.878794606990254884e-02
-1.792673043619377737e-02
-1.713752739401226688e-02
-1.641150120111794716e-02
-1.574120370431752319e-02
-1.512031222455237529e-02
-1.454342469477331971e-02
-1.400589797330041575e-02
-1.350371907694215487e-02
-1.303340177087676348e-02
-1.259190287494969460e-02
-1.217655403574548732e-02
-1.178500572981009895e-02
-1.141518101411901492e-02
-1.106523710013333425e-02
-1.073353324976091851e-02
-1.041860381216648361e-02
-1.011913546597620166e-02
-9.833947921043544385e-03
-9.561977481364442380e-03
-9.302262986184011567e-03
-9.053933737306495491e-03
-8.816199092764612222e-03
-8.588339464538286699e-03
-8.369698504174395010e-03
-8.159676297359367420e-03
-7.957723418661353729e-03
-7.763335722218278785e-03
-7.576049764226795193e-03
-7.395438769608049870e-03
-7.221109068834899447e-03
-7.052696942198830032e-03
-6.889865818172606279e-03
-6.732303780365033255e-03
-6.579721344120863930e-03
-6.431849469343694017e-03
-6.288437780764115706e-03
-6.149252970820767543e-03
-6.014077363656501231e-03
-5.882707621579217824e-03
-5.754953577761777808e-03
-5.630637181037617157e-03
-5.509591540424613361e-03
-5.391660058551823488e-03
-5.276695644480907527e-03
-5.164559997560417941e-03
-5.055122954944283806e-03
-4.948261896262844996e-03
-4.843861199689367125e-03
-4.741811744293103134e-03
-4.642010454148469065e-03
-4.544359880162407786e-03
-4.448767816029094296e-03
-4.355146945100996439e-03
-4.263414515308033316e-03
-4.173492039559634215e-03
-4.085305019321141054e-03
-3.998782689303608320e-03
-3.913857781397602625e-03
-3.830466306185247548e-03
-3.748547350512138054e-03
-3.668042889761143066e-03
-3.588897613588755073e-03
-3.511058764011938844e-03
-3.434475984830506409e-03
-3.359101181468932516e-03
-3.284888390399407811e-03
-3.211793657390825917e-03
-3.139774923889468092e-03
-3.068791920903334892e-03
-2.998806069813905219e-03
-2.929780389589590507e-03
-2.861679409921396959e-03
-2.794469089840555080e-03
-2.728116741414502756e-03
-2.662590958154300094e-03
-2.597861547788374911e-03
-2.533899469098852258e-03
-2.470676772527315330e-03
-2.408166544287731851e-03
-2.346342853744928011e-03
-2.285180703834130671e-03
-2.224655984311191877e-03
-2.164745427647764894e-03
-2.105426567390856606e-03
-2.046677698824770839e-03
-1.988477841782680233e-03
-1.930806705471490876e-03
-1.873644655173770102e-03
-1.816972680712631693e-03
-1.760772366562376231e-03
-1.705025863503517158e-03
-1.649715861725332099e-03
-1.594825565284307880e-03
-1.540338667835382518e-03
-1.486239329557371720e-03
-1.432512155201359078e-03
-1.379142173190449697e-03
-1.326114815710230464e-03
-1.273415899729969311e-03
-1.221031608897228671e-03
-1.168948476255641643e-03
-1.117153367735954170e-03
-1.065633466376040509e-03
-1.014376257224090111e-03
-9.633695128888025531e-04
-9.126012796938243882e-04
-8.620598644063252533e-04
-8.117338215005956599e-04
-7.616119409305983391e-04
-7.116832363754654889e-04
-6.619369339384817939e-04
-6.123624612621417392e-04
-5.629494370449836249e-04
-5.136876609294267239e-04
-4.645671037397007888e-04
-4.155778980518606142e-04
-3.667103290709078020e-04
-3.179548257984140917e-04
-2.693019524739243865e-04
-2.207424002684458923e-04
-1.722669792179687756e-04
-1.238666103786693028e-04
-7.553231818852468998e-05
-2.725522302374520575e-05
2.097346606869847710e-05
6.916245847045148984e-05
1.173203889400066882e-04
1.654558244201581249e-04
2.135772707162176230e-04
2.616931790588934888e-04
3.098119525595387398e-04
3.579419525720803179e-04
4.060915049697586335e-04
4.542689063482077162e-04
5.024824301650019850e-04
5.507403328246065002e-04
5.990508597186511471e-04
6.474222512347590532e-04
6.958627487351608937e-04
7.443806005234762137e-04
7.929840678040354397e-04
8.416814306436337569e-04
8.904809939452528432e-04
9.393910934442624514e-04
9.884201017354441246e-04
1.037576434337231669e-03
1.086868555811080269e-03
1.136304985933985151e-03
1.185894305945388435e-03
1.235645164868305699e-03
1.285566285922896176e-03
1.335666473037133662e-03
1.385954617468870961e-03
1.436439704546843684e-03
1.487130820545298727e-03
1.538037159699875847e-03
1.589168031380189207e-03
1.640532867429924215e-03
1.692141229686221953e-03
1.744002817692014064e-03
1.796127476616699026e-03
1.848525205397760600e-03
1.901206165118572797e-03
1.954180687638151954e-03
2.007459284488499231e-03
2.061052656059547683e-03
2.114971701083848306e-03
2.169227526445570431e-03
2.223831457332576221e-03
2.278795047745753657e-03
2.334130091399792047e-03
2.389848633025624079e-03
2.445962980107641623e-03
2.502485715077874123e-03
2.559429707994554694e-03
2.616808129734344342e-03
2.674634465727522472e-03
2.732922530271039794e-03
2.791686481449799553e-03
2.850940836705500615e-03
2.910700489089978592e-03
2.970980724243656602e-03
3.031797238145883359e-03
3.093166155676905452e-03
3.155104050047833654e-03
3.217627963146478618e-03
3.280755426856509123e-03
3.344504485410034096e-03
3.408893718836821744e-03
3.473942267577674256e-03
3.539669858335705091e-03
3.606096831245370754e-03
3.673244168435932724e-03
3.741133524086873077e-03
3.809787256067876347e-03
3.879228459261111969e-03
3.949481000685312396e-03
4.020569556533489311e-03
4.092519651253248569e-03
4.165357698807164652e-03
4.239111046259882477e-03
4.313808019854190046e-03
4.389477973738984545e-03
4.466151341545486139e-03
4.543859691000402649e-03
4.622635781798908536e-03
4.702513626966335798e-03
4.783528557963481406e-03
4.865717293807409263e-03
4.949118014503799817e-03
5.033770439112147596e-03
5.119715908795523587e-03
5.206997475229175124e-03
5.295659994785038502e-03
5.385750228939596360e-03
5.477316951393843350e-03
5.570411062441802535e-03
5.665085711167260757e-03
5.761396426111167410e-03
5.859401255101710781e-03
5.959160915013870900e-03
6.060738952297564999e-03
6.164201915188806044e-03
6.269619538618468116e-03
6.377064942927944055e-03
6.486614847615337215e-03
6.598349801462038977e-03
6.712354430531501312e-03
6.828717705680479970e-03
6.947533231415760346e-03
7.068899558105678875e-03
7.192920519798235920e-03
7.319705600126753114e-03
7.449370329084130035e-03
7.582036713754139456e-03
7.717833706441823774e-03
7.856897714069931496e-03
7.999373153146150869e-03
8.145413055152603624e-03
8.295179727790032848e-03
8.448845478199771414e-03
8.606593405060980473e-03
8.768618267357863871e-03
8.935127438630110705e-03
9.106341956704906704e-03
9.282497680266550352e-03
9.463846565186383522e-03
9.650658075366316813e-03
9.843220744944349010e-03
1.004184391120216749e-02
1.024685964034905555e-02
1.045862487174891060e-02
1.067752381009535317e-02
1.090397059967658511e-02
1.113841232037061056e-02
1.138133235150110695e-02
1.163325415741012572e-02
1.189474555781033782e-02
1.216642355698932532e-02
1.244895981918828047e-02
1.274308689340424711e-02
1.304960531018582032e-02
1.336939169646212192e-02
1.370340808306890271e-02
1.405271261477968742e-02
1.441847191591127952e-02
1.480197541816314667e-02
1.520465202404231754e-02
1.562808956269975610e-02
1.607405760007101989e-02
1.654453429828761993e-02
1.704173818892480013e-02
1.756816594227132364e-02
1.812663749611293298e-02
1.872035027375200389e-02
1.935294470185792981e-02
2.002858387532340662e-02
2.075205106687098150e-02
2.152886992669269389e-02
2.236545378171919674e-02
2.326929260051688320e-02
2.424918919827974417e-02
2.531556050804812524e-02
2.648082583757443986e-02
2.775991289726074951e-02
2.917092549986228384e-02
3.073603658733213215e-02
3.248270059148183897e-02
3.444532679892793603e-02
3.666763208204932428e-02
3.920601814394782114e-02
4.213453451002900640e-02
4.555236969839511485e-02
4.959551250844898562e-02
5.445556870894087409e-02
6.041143902708320801e-02
6.788543292264723195e-02
7.754905339555939747e-02
9.053862642668425442e-02
1.089416948174808386e-01
1.370558262810718242e-01
1.853659997865373388e-01
2.879422236180427253e-01
6.539686122350589770e-01
-2.280435537089795517e+00
-4.111825839252711279e-01
-2.245401322846531100e-01
-1.537162410288269443e-01
-1.164086205765819393e-01
-9.336047673311326234e-02
-7.769522938059859885e-02
-6.634504850302112844e-02
-5.773458919338092521e-02
-5.097176840888428123e-02
-4.551354134728587131e-02
-4.101037844248838632e-02
-3.722709237929229531e-02
-3.399959307060178293e-02
-3.120988666785898952e-02
-2.877092868765871586e-02
-2.661707893570637584e-02
-2.469788121932064637e-02
-2.297389051241262997e-02
-2.141380184078723811e-02
-1.999243015796403969e-02
-1.868926037179331756e-02
-1.748738776073337220e-02
-1.637273091702588085e-02
-1.533343824643437422e-02
-1.435943406055484144e-02
-1.344206671153892231e-02
-1.257383219437919510e-02
-1.174815410252123653e-02
-1.095920596717959473e-02
-1.020176560045525649e-02
-9.471093588434557897e-03
-8.762829864100089849e-03
-8.072903542978881672e-03
-7.397452066450984146e-03
-6.732746258742804482e-03
-6.075118218497963657e-03
-5.420889061579468871e-03
-4.766293411436167693e-03
-4.107397175472794759e-03
-3.440004500005530014e-03
-2.759548773829792467e-03
-2.060961006614011465e-03
-1.338506613970478348e-03
-5.855782320421665244e-04
2.055729227461340625e-04
1.044192389949908512e-03
1.941501728503856189e-03
2.911357861743846254e-03
3.971179247301205584e-03
5.143276421600402604e-03
6.456811493827804838e-03
7.950765542268159458e-03
9.678577945088272239e-03
1.171567315534187415e-02
1.417221693559585910e-02
1.721589908239687383e-02
2.111532649657558991e-02
2.632964537816807893e-02
3.371426177591402285e-02
4.506644400719775345e-02
6.491488937891162769e-02
1.088902273871564241e-01
2.916138792592746221e-01
-5.167894642520309834e-01
-1.434550524623502965e-01
-8.526233338017116803e-02
-6.154029880306485789e-02
-4.861841839121082420e-02
-4.046295794807619473e-02
-3.482989001391276207e-02
-3.069330823778770867e-02
-2.751762222721162304e-02
-2.499587505885913358e-02
-2.293949118658341474e-02
-2.122621281034432761e-02
-1.977329250033547231e-02
-1.852271734720885299e-02
-1.743260313280252036e-02
-1.647194821163205578e-02
-1.561731032097180699e-02
-1.485063132761223550e-02
-1.415777245121860317e-02
-1.352750319380283464e-02
-1.295078805483372911e-02
-1.242027348530260616e-02
-1.192991242104173358e-02
-1.147468518635764642e-02
-1.105038908744258516e-02
-1.065347774394793598e-02
-1.028093695670340146e-02
-9.930187768451550698e-03
-9.599010009139393937e-03
-9.285481444553055769e-03
-8.987928932862689069e-03
-8.704888910493063792e-03
-8.435075190677638821e-03
-8.177352541466568342e-03
-7.930714866788297554e-03
-7.694267080191160429e-03
-7.467209961109638749e-03
-7.248827435468098435e-03
-7.038475838797832174e-03
-6.835574809783653838e-03
-6.639599531891032455e-03
-6.450074095308960462e-03
-6.266565794424512267e-03
-6.088680210094525938e-03
-5.916056953157862799e-03
-5.748365967387708206e-03
-5.585304307631971249e-03
-5.426593323110816269e-03
-5.271976187398379199e-03
-5.121215726098724691e-03
-4.974092500965469898e-03
-4.830403115664489745e-03
-4.689958713658471008e-03
-4.552583643120908762e-03
-4.418114267474935325e-03
-4.286397903229544060e-03
-4.157291869388277106e-03
-4.030662634886239028e-03
-3.906385052372253301e-03
-3.784341668207085244e-03
-3.664422099906180195e-03
-3.546522473376497592e-03
-3.430544913289279053e-03
-3.316397080753633389e-03
-3.203991753198431360e-03
-3.093246441963849215e-03
-2.984083043664114213e-03
-2.876427521850770906e-03
-2.770209615877800187e-03
-2.665362574274776283e-03
-2.561822910193802330e-03
-2.459530176789731862e-03
-2.358426760627687843e-03
-2.258457691412490802e-03
-2.159570466510080979e-03
-2.061714888915883691e-03
-1.964842917434409322e-03
-1.868908527984214363e-03
-1.773867585038830900e-03
-1.679677722320483020e-03
-1.586298231945625775e-03
-1.493689961301883015e-03
-1.401815217001352483e-03
-1.310637675325884537e-03
-1.220122298616002285e-03
-1.130235257137457427e-03
-1.040943855960052740e-03
-9.522164664660728861e-04
-8.640224621117411144e-04
-7.763321581046190439e-04
-6.891167547028688098e-04
-6.023482838441694687e-04
-5.159995588582075993e-04
-4.300441270186569631e-04
-3.444562247275949687e-04
-2.592107351307342336e-04
-1.742831479756871624e-04
-8.964952155835013287e-05
-5.286446585402518328e-06
7.882898817649069273e-05
1.627192286009198491e-04
2.464062863827996483e-04
3.299117688007517993e-04
4.132569071772281694e-04
4.964625841270943821e-04
5.795493596977225118e-04
6.625374964663813954e-04
7.454469837016109227e-04
8.282975606393244358e-04
9.111087389554418589e-04
9.938998245061433923e-04
1.076689938382210943e-03
1.159498037349384995e-03
1.242342933731373049e-03
1.325243314773643603e-03
1.408217761552917752e-03
1.491284767475582924e-03
1.574462756404853246e-03
1.657770100468973669e-03
1.741225137584683554e-03
1.824846188743030513e-03
1.908651575089995948e-03
1.992659634843634182e-03
2.076888740084911582e-03
2.161357313456293942e-03
2.246083844797817485e-03
2.331086907774451971e-03
2.416385176499594948e-03
2.501997442214382462e-03
2.587942630041522186e-03
2.674239815854076267e-03
2.760908243286536168e-03
2.847967340930412233e-03
2.935436739734642066e-03
3.023336290664289244e-03
3.111686082631040257e-03
3.200506460747027000e-03
3.289818044933047643e-03
3.379641748911044793e-03
3.469998799629176421e-03
3.560910757157322547e-03
3.652399535084407088e-03
3.744487421466376025e-03
3.837197100374281460e-03
3.930551674066986266e-03
4.024574685864251190e-03
4.119290143739591688e-03
4.214722544709026755e-03
4.310896900048146949e-03
4.407838761415750622e-03
4.505574247922874108e-03
4.604130074217167683e-03
4.703533579656191295e-03
4.803812758626169015e-03
4.904996292083560472e-03
5.007113580401235421e-03
5.110194777592400386e-03
5.214270827008196316e-03
5.319373498590314504e-03
5.425535427790292332e-03
5.532790156236793572e-03
5.641172174289148071e-03
5.750716965569536987e-03
5.861461053609863178e-03
5.973442050750087974e-03
6.086698709417697958e-03
6.201270975954752823e-03
6.317200047137912743e-03
6.434528429583802681e-03
6.553300002201950178e-03
6.673560081918635326e-03
6.795355492865355618e-03
6.918734639269806530e-03
7.043747582288917980e-03
7.170446121053139325e-03
7.298883878199982286e-03
7.429116390197958511e-03
7.561201202805071381e-03
7.695197971987856496e-03
7.831168570707829416e-03
7.969177201968043883e-03
8.109290518574582482e-03
8.251577750082648294e-03
8.396110837453465980e-03
8.542964575977437733e-03
8.692216767077199507e-03
8.843948379641327837e-03
8.998243721614781337e-03
9.155190622609539128e-03
9.314880628394363662e-03
9.477409208172509619e-03
9.642875975649752365e-03
9.811384924986989164e-03
9.983044682824491339e-03
1.015796877768109126e-02
1.033627592814456014e-02
1.051809035141318925e-02
1.070354209389363757e-02
1.089276738571419087e-02
1.108590902122498500e-02
1.128311676771076751e-02
1.148454780483142840e-02
1.169036719749504301e-02
1.190074840519760729e-02
1.211587383114730299e-02
1.233593541486045601e-02
1.256113527230681357e-02
1.279168638810760511e-02
1.302781336482568969e-02
1.326975323489599373e-02
1.351775634142078630e-02
1.377208729473951981e-02
1.403302601248982741e-02
1.430086885181080028e-02
1.457592984334368097e-02
1.485854203788982558e-02
1.514905897790981906e-02
1.544785630758491006e-02
1.575533353692348121e-02
1.607191597737084657e-02
1.639805686872647383e-02
1.673423971978336977e-02
1.708098088819450661e-02
1.743883242857609261e-02
1.780838524198671835e-02
1.819027256463803116e-02
1.858517383927857369e-02
1.899381901911396248e-02
1.941699336174125545e-02
1.985554277944182738e-02
2.031037982265276529e-02
2.078249038581222313e-02
2.127294123941851980e-02
2.178288850956036984e-02
2.231358724695124002e-02
2.286640225237555890e-02
2.344282035530612790e-02
2.404446437851006160e-02
2.467310906503826506e-02
2.533069929708144791e-02
2.601937100088417762e-02
2.674147521140961270e-02
2.749960586833248566e-02
2.829663203627016260e-02
2.913573539321678493e-02
3.002045402027964799e-02
3.095473376404890564e-02
3.194298874474657546e-02
3.299017296823702344e-02
3.410186549420142488e-02
3.528437225189526294e-02
3.654484842774329001e-02
3.789144644308241328e-02
3.933349598988281071e-02
4.088172453056888173e-02
4.254852928517864619e-02
4.434831530000601929e-02
4.629791911912473079e-02
4.841714446126353655e-02
5.072944604015046377e-02
5.326281163582417127e-02
5.605091287719098786e-02
5.913462534666674708e-02
6.256406410286993736e-02
6.640135072195110788e-02
7.072443810401396469e-02
7.563249689344880844e-02
8.125366167507008797e-02
8.775643806173959172e-02
9.536696177640319183e-02
1.043959397148142565e-01
1.152822631636987449e-01
1.286667143562207349e-01
1.455231396234205887e-01
1.674071684179791464e-01
1.969669445749016867e-01
2.391064673395744133e-01
3.040376828088617867e-01
4.171260981776095944e-01
6.635760113370698932e-01
1.618560579842555747e+00
-3.700608931802404911e+00
-8.640715742926824428e-01
-4.893455154271701968e-01
-3.414076022005093636e-01
-2.621956447388756883e-01
-2.128404819139908255e-01
-1.791345192176879153e-01
-1.546504441067456659e-01
-1.360567983980447149e-01
-1.214543294205855106e-01
-1.096810421983888673e-01
-9.998610650596567728e-02
-9.186277663421185680e-02
-8.495666071064439384e-02
-7.901246654939525493e-02
-7.384162546301939467e-02
-6.930183046566310012e-02
-6.528366924428466445e-02
-6.170163870615607421e-02
-5.848795229299651871e-02
-5.558817724791835502e-02
-5.295810056675019639e-02
-5.056143802434422824e-02
-4.836813303944016013e-02
-4.635307549660876852e-02
-4.449512435183217152e-02
-4.277635318035571260e-02
-4.118146151132550531e-02
-3.969731094828647666e-02
-3.831255626769730638e-02
-3.701734955654287229e-02
-3.580310105671911242e-02
-3.466228442846873425e-02
-3.358827709677780771e-02
-3.257522852184972784e-02
-3.161795085700175312e-02
-3.071182767737243302e-02
-2.985273738853908357e-02
-2.903698863232615293e-02
-2.826126555315607719e-02
-2.752258121236783595e-02
-2.681823776963727229e-02
-2.614579231177204671e-02
-2.550302741599889261e-02
-2.488792569968501650e-02
-2.429864774057888949e-02
-2.373351285800531091e-02
-2.319098233167874931e-02
-2.266964470486706323e-02
-2.216820287599012215e-02
-2.168546272978772588e-02
-2.122032309798665278e-02
-2.077176687154663054e-02
-2.033885311323352374e-02
-1.992071004161178466e-02
-1.951652877611535081e-02
-1.912555774860210528e-02
-1.874709769996919795e-02
-1.838049719157261452e-02
-1.802514857070480758e-02
-1.768048433740637346e-02
-1.734597386678963377e-02
-1.702112044693233212e-02
-1.670545859742858519e-02
-1.639855163807841382e-02
-1.609998948085240161e-02
-1.580938662160427319e-02
-1.552638031071311778e-02
-1.525062888435804037e-02
-1.498181024015697929e-02
-1.471962044281942272e-02
-1.446377244703790990e-02
-1.421399492626664735e-02
-1.397003119727574863e-02
-1.373163823144740725e-02
-1.349858574475970921e-02
-1.327065535922125269e-02
-1.304763982930529954e-02
-1.282934232754563524e-02
-1.261557578408214336e-02
-1.240616227545188882e-02
-1.220093245837686365e-02
-1.199972504471550142e-02
-1.180238631413266411e-02
-1.160876966132106877e-02
-1.141873517496771323e-02
-1.123214924586477155e-02
-1.104888420183699690e-02
-1.086881796735294364e-02
-1.069183374586946296e-02
-1.051781972315884474e-02
-1.034666879000170452e-02
-1.017827828276360834e-02
-1.001254974051937925e-02
-9.849388677490302293e-03
-9.688704369647025902e-03
-9.530409654488678634e-03
-9.374420742975531420e-03
-9.220657042821248442e-03
-9.069040992277250385e-03
-8.919497903699925845e-03
-8.771955816214198343e-03
-8.626345356851311194e-03
-8.482599609559788451e-03
-8.340653991579695045e-03
-8.200446136662953647e-03
-8.061915784700371748e-03
-7.925004677314313392e-03
-7.789656459026969050e-03
-7.655816583653890159e-03
-7.523432225569143261e-03
-7.392452195516379873e-03
-7.262826860711934021e-03
-7.134508068919280348e-03
-7.007449076280774028e-03
-6.881604478642265946e-03
-6.756930146166685927e-03
-6.633383161030057852e-03
-6.510921757981530215e-03
-6.389505267637230271e-03
-6.269094062277012769e-03
-6.149649504050910473e-03
-6.031133895378876231e-03
-5.913510431470636423e-03
-5.796743154785488281e-03
-5.680796911330249221e-03
-5.565637308675324031e-03
-5.451230675584969529e-03
-5.337544023140696446e-03
-5.224545007285843513e-03
-5.112201892675062587e-03
-5.000483517751430282e-03
-4.889359260970966431e-03
-4.778799008087521345e-03
-4.668773120424349506e-03
-4.559252404073113260e-03
-4.450208079913474044e-03
-4.341611754450661227e-03
-4.233435391329415723e-03
-4.125651283543598467e-03
-4.018232026208254370e-03
-3.911150489898293330e-03
-3.804379794450322462e-03
-3.697893283216003007e-03
-3.591664497676127794e-03
-3.485667152394318971e-03
-3.379875110236428559e-03
-3.274262357833484204e-03
-3.168802981205877910e-03
-3.063471141531783157e-03
-2.958241050986101968e-03
-2.853086948631107598e-03
-2.747983076269373479e-03
-2.642903654261642525e-03
-2.537822857219495382e-03
-2.432714789538282293e-03
-2.327553460730519275e-03
-2.222312760498587007e-03
-2.116966433492772567e-03
-2.011488053712792972e-03
-1.905850998486072635e-03
-1.800028421985372384e-03
-1.693993228198748067e-03
-1.587718043330897579e-03
-1.481175187530633323e-03
-1.374336645932105853e-03
-1.267174038882272653e-03
-1.159658591331985591e-03
-1.051761101311190789e-03
-9.434519073732907518e-04
-8.347008549824119772e-04
-7.254772617126406878e-04
-6.157498811982854182e-04
-5.054868657183198173e-04
-3.946557273367267034e-04
-2.832232974663570838e-04
-1.711556847638975865e-04
-5.841823122587457007e-05
5.502453365057759227e-05
1.692089407573076770e-04
2.841722314886373571e-04
3.999526102219505205e-04
5.165892993169111241e-04
6.341225968520044359e-04
7.525939372433664357e-04
8.720459550070058796e-04
9.925225518123735949e-04
1.114068967150594162e-03
1.236731852799479066e-03
1.360559351404173889e-03
1.485601179457834466e-03
1.611908715005119785e-03
1.739535090401457974e-03
1.868535290530135701e-03
1.998966256855180378e-03
2.130886997760966534e-03
2.264358705657368645e-03
2.399444881359347626e-03
2.536211466296964603e-03
2.674726983185801103e-03
2.815062685788757065e-03
2.957292718525857123e-03
3.101494286682663064e-03
3.247747838117698987e-03
3.396137257358779714e-03
3.546750073160716190e-03
3.699677680613177536e-03
3.855015579051960725e-03
4.012863627104406791e-03
4.173326316374927764e-03
4.336513065378954160e-03
4.502538535539363229e-03
4.671522971203797073e-03
4.843592565901529493e-03
5.018879857200970324e-03
5.197524152898227306e-03
5.379671991437627240e-03
5.565477639886093862e-03
5.755103633089285117e-03
5.948721358060011025e-03
6.146511688130384607e-03
6.348665671881943175e-03
6.555385282526312619e-03
6.766884233982330826e-03
6.983388870764526551e-03
7.205139139601830257e-03
7.432389651674769886e-03
7.665410845579652410e-03
7.904490262331516012e-03
8.149933945253692857e-03
8.402067979293558614e-03
8.661240186293340734e-03
8.927821994980272499e-03
9.202210507116061547e-03
9.484830784311022028e-03
9.776138383471962706e-03
1.007662217315574010e-02
1.038680746781195721e-02
1.070725952268984996e-02
1.103858743881903394e-02
1.138144853543052344e-02
1.173655325652190294e-02
1.210467068934453772e-02
1.248663478592945165e-02
1.288335139445566033e-02
1.329580622642568578e-02
1.372507390834372572e-02
1.417232829439203992e-02
