-6.783489610294456162e-05
-3.812941466143832440e-05
-7.791683133692687440e-06
2.320095626133592218e-05
5.487227093672373906e-05
8.724720676617822145e-05
1.203519621007030069e-04
1.542140674352829278e-04
1.888624712353305780e-04
2.243276324857652274e-04
2.606416205851635397e-04
2.978382232743004461e-04
3.359530633630536281e-04
3.750237251041724966e-04
4.150898911568817371e-04
4.561934911904653913e-04
4.983788632983485569e-04
5.416929295300221573e-04
5.861853870025879884e-04
6.319089162295371542e-04
6.789194085038653334e-04
7.272762144002927745e-04
7.770424157210181889e-04
8.282851235064650399e-04
8.810758050729531167e-04
9.354906434302529558e-04
9.916109328819936331e-04
1.049523515131219270e-03
1.109321260813364747e-03
1.171103602075174383e-03
1.234977122625970742e-03
1.301056212629652254e-03
1.369463796905315408e-03
1.440332146192612600e-03
1.513803782750014091e-03
1.590032493336243939e-03
1.669184464729638658e-03
1.751439559434932874e-03
1.836992752193298715e-03
1.926055751450652656e-03
2.018858834176841862e-03
2.115652927521411222e-03
2.216711976935605011e-03
2.322335647832438326e-03
2.432852416909231201e-03
2.548623120315574638e-03
2.670045039422387027e-03
2.797556621684409335e-03
2.931642954831590025e-03
3.072842138468761305e-03
3.221752729540222973e-03
3.379042478915055686e-03
3.545458628076847939e-03
3.721840100909364762e-03
3.909132010378102082e-03
4.108403009658795520e-03
4.320866160386468459e-03
4.547904178858487231e-03
4.791100170542299426e-03
5.052275297178688944e-03
5.333535272111942713e-03
5.637328195944266498e-03
5.966517096169580286e-03
6.324471725116988935e-03
6.715185857322489293e-03
7.143428751183376196e-03
7.614942976424692381e-03
8.136706056876939416e-03
8.717281309655039792e-03
9.367295493678156823e-03
1.010010016915841545e-02
1.093270484865957112e-02
1.188712183244565457e-02
1.299235144161383672e-02
1.428739409595062432e-02
1.582596734151645035e-02
1.768417102047088393e-02
1.997350023379637282e-02
2.286413169564608175e-02
2.662937950073304694e-02
3.173778207106328630e-02
3.906530251144926802e-02
5.046119622420746492e-02
7.061972686547163258e-02
1.159708171376649943e-01
3.124772075070836874e-01
-4.735257658332335806e-01
-1.366608699946206540e-01
-8.051292683462915600e-02
-5.739049715713928634e-02
-4.477617736293410672e-02
-3.683212204503553966e-02
-3.136913915082881199e-02
-2.738138366138117077e-02
-2.434198435695882415e-02
-2.194827051944668247e-02
-2.001398322952517225e-02
-1.841821756006766300e-02
-1.707907015982970678e-02
-1.593908642652929961e-02
-1.495677135780989694e-02
-1.410140786286628520e-02
-1.334977081371869177e-02
-1.268397418225371623e-02
-1.209002019779481171e-02
-1.155679721882517906e-02
-1.107537234832133531e-02
-1.063848238123520258e-02
-1.024016110532870866e-02
-9.875462165896358932e-03
-9.540250078506255435e-03
-9.231040608809505665e-03
-8.944877429665345353e-03
-8.679235787654070861e-03
-8.431946521734940900e-03
-8.201135588299645132e-03
-7.985175522070099563e-03
-7.782646171983457692e-03
-7.592302708208925957e-03
-7.413049376406757006e-03
-7.243917829732124912e-03
-7.084049133380418070e-03
-6.932678735415726858e-03
-6.789123848695930580e-03
-6.652772804371611358e-03
-6.523076026679043571e-03
-6.399538348110085650e-03
-6.281712438325104571e-03
-6.169193162936353544e-03
-6.061612722182580307e-03
-5.958636446539120578e-03
-5.859959147973816881e-03
-5.765301943022945776e-03
-5.674409478008908547e-03
-5.587047498238993833e-03
-5.503000712442575500e-03
-5.422070911441735641e-03
-5.344075306431892228e-03
-5.268845057535164432e-03
-5.196223967684651841e-03
-5.126067320564957168e-03
-5.058240844407397609e-03
-4.992619786019207410e-03
-4.929088081603861561e-03
-4.867537612770658773e-03
-4.807867537694541192e-03
-4.749983688716509327e-03
-4.693798028810275240e-03
-4.639228160311188384e-03
-4.586196880137420259e-03
-4.534631776449807999e-03
-4.484464862315010701e-03
-4.435632242470997390e-03
-4.388073809757038479e-03
-4.341732968172252495e-03
-4.296556379876814019e-03
-4.252493733755328617e-03
-4.209497533428174440e-03
-4.167522902830666891e-03
-4.126527407684577563e-03
-4.086470891366770358e-03
-4.047315323838326928e-03
-4.009024662437476322e-03
-3.971564723463460490e-03
-3.934903063587826856e-03
-3.899008870226679160e-03
-3.863852860093796183e-03
-3.829407185230980244e-03
-3.795645345880619987e-03
-3.762542109625893229e-03
-3.730073436279113946e-03
-3.698216408046760707e-03
-3.666949164543849976e-03
-3.636250842269182944e-03
-3.606101518188304777e-03
-3.576482157102366024e-03
-3.547374562509997189e-03
-3.518761330694351701e-03
-3.490625807791306306e-03
-3.462952049615089858e-03
-3.435724784037077692e-03
-3.408929375730347655e-03
-3.382551793108155673e-03
-3.356578577298648374e-03
-3.330996813011068321e-03
-3.305794101160194291e-03
-3.280958533126202090e-03
-3.256478666537550564e-03
-3.232343502472094683e-03
-3.208542463981106999e-03
-3.185065375847005806e-03
-3.161902445493001285e-03
-3.139044244968936317e-03
-3.116481693943132496e-03
-3.094206043635184828e-03
-3.072208861629711039e-03
-3.050482017514821818e-03
-3.029017669293965469e-03
-3.007808250522569539e-03
-2.986846458124931686e-03
-2.966125240849629748e-03
-2.945637788324932758e-03
-2.925377520677728202e-03
-2.905338078682825377e-03
-2.885513314410869442e-03
-2.865897282345894557e-03
-2.846484230945095766e-03
-2.827268594615311818e-03
-2.808244986082370376e-03
-2.789408189131144071e-03
-2.770753151695248741e-03
-2.752274979276925042e-03
-2.733968928678983355e-03
-2.715830402031381950e-03
-2.697854941096493233e-03
-2.680038221838185880e-03
-2.662376049240019766e-03
-2.644864352359991688e-03
-2.627499179608618063e-03
-2.610276694239145254e-03
-2.593193170038526375e-03
-2.576244987209077610e-03
-2.559428628430400476e-03
-2.542740675093499263e-03
-2.526177803696934634e-03
-2.509736782398215051e-03
-2.493414467711785754e-03
-2.477207801346699434e-03
-2.461113807177153692e-03
-2.445129588339184541e-03
-2.429252324447531575e-03
-2.413479268926929829e-03
-2.397807746452200028e-03
-2.382235150492047985e-03
-2.366758940951690319e-03
-2.351376641909641400e-03
-2.336085839444339458e-03
-2.320884179546105035e-03
-2.305769366111281096e-03
-2.290739159013775641e-03
-2.275791372251347901e-03
-2.260923872162829990e-03
-2.246134575713186650e-03
-2.231421448843402041e-03
-2.216782504882336934e-03
-2.202215803017781165e-03
-2.187719446824195561e-03
-2.173291582844492226e-03
-2.158930399223829653e-03
-2.144634124392786733e-03
-2.130401025798150591e-03
-2.116229408679093458e-03
-2.102117614886986948e-03
-2.088064021746621150e-03
-2.074067040957847542e-03
-2.060125117535051027e-03
-2.046236728783651804e-03
-2.032400383311723686e-03
-2.018614620075243060e-03
-2.004878007455975376e-03
-1.991189142370237107e-03
-1.977546649407539193e-03
-1.963949179997990461e-03
-1.950395411607005157e-03
-1.936884046956497112e-03
-1.923413813271470253e-03
-1.909983461551049630e-03
-1.896591765862589481e-03
-1.883237522658774178e-03
-1.869919550115919015e-03
-1.856636687493474309e-03
-1.843387794513031905e-03
-1.830171750757150469e-03
-1.816987455086193064e-03
-1.803833825073284563e-03
-1.790709796456281056e-03
-1.777614322606237574e-03
-1.764546374011826584e-03
-1.751504937778901056e-03
-1.738489017145074820e-03
-1.725497631007905314e-03
-1.712529813467594461e-03
-1.699584613381867728e-03
-1.686661093934349121e-03
-1.673758332214685682e-03
-1.660875418810609265e-03
-1.648011457411095552e-03
-1.635165564421063112e-03
-1.622336868585824189e-03
-1.609524510626279955e-03
-1.596727642883643281e-03
-1.583945428973643731e-03
-1.571177043450057778e-03
-1.558421671476601256e-03
-1.545678508507679306e-03
-1.532946759977167877e-03
-1.520225640995019048e-03
-1.507514376051641162e-03
-1.494812198729321938e-03
-1.482118351421131712e-03
-1.469432085056304998e-03
-1.456752658832404608e-03
-1.444079339953687835e-03
-1.431411403375874641e-03
-1.418748131556364384e-03
-1.406088814210824413e-03
-1.393432748074522687e-03
-1.380779236669642598e-03
-1.368127590077233835e-03
-1.355477124714346820e-03
-1.342827163116022422e-03
-1.330177033721414428e-03
-1.317526070665017094e-03
-1.304873613571445401e-03
-1.292219007355023975e-03
-1.279561602022719242e-03
-1.266900752481285456e-03
-1.254235818348074230e-03
-1.241566163765031204e-03
-1.228891157216584771e-03
-1.216210171350617193e-03
-1.203522582802363716e-03
-1.190827772021691355e-03
-1.178125123103302427e-03
-1.165414023619318123e-03
-1.152693864455101675e-03
-1.139964039647346859e-03
-1.127223946224667527e-03
-1.114472984050794875e-03
-1.101710555669713687e-03
-1.088936066153362503e-03
-1.076148922951062877e-03
-1.063348535741273160e-03
-1.050534316285017811e-03
-1.037705678281278894e-03
-1.024862037224078719e-03
-1.012002810261222610e-03
-9.991274160545916480e-04
-9.862352746419732457e-04
-9.733258073003921542e-04
-9.603984364104519410e-04
-9.474525853223975331e-04
-9.344876782230753702e-04
-9.215031400039989029e-04
-9.084983961306497546e-04
-8.954728725126248883e-04
-8.824259953746934173e-04
-8.693571911288014431e-04
-8.562658862466794932e-04
-8.431515071333481109e-04
-8.300134800011370328e-04
-8.168512307443038210e-04
-8.036641848143599373e-04
-7.904517670954690255e-04
-7.772134017806646335e-04
-7.639485122481249647e-04
-7.506565209377915378e-04
-7.373368492282714745e-04
-7.239889173138431113e-04
-7.106121440815063887e-04
-6.972059469881628033e-04
-6.837697419378167179e-04
-6.703029431585692637e-04
-6.568049630794247848e-04
-6.432752122072454923e-04
-6.297130990028762705e-04
-6.161180297578234015e-04
-6.024894084695539683e-04
-5.888266367172057371e-04
-5.751291135362801652e-04
-5.613962352931491442e-04
-5.476273955588532166e-04
-5.338219849820232147e-04
-5.199793911614334881e-04
-5.060989985177758062e-04
-4.921801881640784420e-04
-4.782223377761059030e-04
-4.642248214609587232e-04
-4.501870096252135541e-04
-4.361082688418829929e-04
-4.219879617160349574e-04
-4.078254467495546196e-04
-3.936200782042883302e-04
-3.793712059642432026e-04
-3.650781753961391445e-04
-3.507403272085880168e-04
-3.363569973096553270e-04
-3.219275166634945492e-04
-3.074512111439258377e-04
-2.929274013880603855e-04
-2.783554026466739648e-04
-2.637345246335314483e-04
-2.490640713726635430e-04
-2.343433410433066620e-04
-2.195716258231128167e-04
-2.047482117292762679e-04
-1.898723784569788912e-04
-1.749433992159138483e-04
-1.599605405644391649e-04
-1.449230622408461929e-04
-1.298302169926112391e-04
-1.146812504026354436e-04
-9.947540071297149061e-05
-8.421189864543475586e-05
-6.888996721972940891e-05
-5.350882156815869536e-05
-3.806766874747515500e-05
-2.256570754738554415e-05
-7.002128296091858599e-06
8.623887338173026964e-06
2.431316654857684954e-05
4.006654559496538464e-05
5.588487001295973502e-05
7.176899482647364876e-05
8.771978476490622123e-05
1.037381144837740252e-04
1.198248687899777543e-04
1.359809428708436119e-04
1.522072425284080432e-04
1.685046844176939717e-04
1.848741962899051934e-04
2.013167172407288267e-04
2.178331979631093244e-04
2.344246010058244844e-04
2.510919010367883655e-04
2.678360851124848515e-04
2.846581529525545095e-04
3.015591172202344589e-04
3.185400038091036634e-04
3.356018521354891659e-04
3.527457154380718614e-04
3.699726610826575162e-04
3.872837708753757791e-04
4.046801413814020095e-04
4.221628842514462223e-04
4.397331265555020664e-04
4.573920111242605170e-04
4.751406968983496642e-04
4.929803592850833058e-04
5.109121905241887415e-04
5.289374000618714830e-04
5.470572149332710412e-04
5.652728801543650990e-04
5.835856591231419884e-04
6.019968340301519493e-04
6.205077062793484420e-04
6.391195969187233846e-04
6.578338470816123482e-04
6.766518184389041157e-04
6.955748936624091749e-04
7.146044768995696165e-04
7.337419942603189268e-04
7.529888943158634515e-04
7.723466486103517693e-04
7.918167521853928387e-04
8.114007241181181050e-04
8.311001080729287340e-04
8.509164728677954398e-04
8.708514130548943933e-04
8.909065495170020088e-04
9.110835300787103411e-04
9.313840301350842597e-04
9.518097532959335187e-04
9.723624320477292429e-04
9.930438284335204452e-04
1.013855734751025134e-03
1.034799974269822028e-03
1.055878401967827625e-03
1.077092905289075888e-03
1.098445404920918387e-03
1.119937855594150969e-03
1.141572246904717577e-03
1.163350604159163731e-03
1.185274989243296920e-03
1.207347501516157270e-03
1.229570278729026113e-03
1.251945497971430551e-03
1.274475376643794235e-03
1.297162173458856361e-03
1.320008189472112381e-03
1.343015769142687178e-03
1.366187301425100635e-03
1.389525220894153625e-03
1.413032008902436127e-03
1.436710194773853193e-03
1.460562357031699012e-03
1.484591124665095253e-03
1.508799178433456066e-03
1.533189252211497036e-03
1.557764134374943358e-03
1.582526669230006379e-03
1.607479758487097114e-03
1.632626362780496268e-03
1.657969503236178012e-03
1.683512263089829292e-03
1.709257789355246365e-03
1.735209294547418717e-03
1.761370058460728178e-03
1.787743430004324306e-03
1.814332829098339126e-03
1.841141748631175629e-03
1.868173756482425412e-03
1.895432497611933276e-03
1.922921696219417149e-03
1.950645157975560567e-03
1.978606772329594317e-03
2.006810514894075657e-03
2.035260449911880428e-03
2.063960732807410773e-03
2.092915612826690749e-03
2.122129435767988476e-03
2.151606646809133949e-03
2.181351793433555179e-03
2.211369528460343983e-03
2.241664613181453079e-03
2.272241920612004529e-03
2.303106438857356782e-03
2.334263274602438060e-03
2.365717656728058907e-03
2.397474940060123627e-03
2.429540609257649971e-03
2.461920282844793414e-03
2.494619717393935926e-03
2.527644811866242968e-03
2.561001612116571655e-03
2.594696315570405813e-03
2.628735276079746403e-03
2.663125008967051621e-03
2.697872196264931854e-03
2.732983692161356903e-03
2.768466528658586768e-03
2.804327921457169803e-03
2.840575276074714436e-03
2.877216194210598706e-03
2.914258480367671288e-03
2.951710148744485229e-03
2.989579430410173669e-03
3.027874780774803595e-03
3.066604887372054861e-03
3.105778677966062641e-03
3.145405329001948504e-03
3.185494274413857609e-03
3.226055214811069348e-03
3.267098127059082403e-03
3.308633274277789343e-03
3.350671216274882496e-03
3.393222820441571877e-03
3.436299273129021867e-03
3.479912091535808816e-03
3.524073136129117489e-03
3.568794623630957771e-03
3.614089140597559653e-03
3.659969657624705022e-03
3.706449544213831233e-03
3.753542584332264769e-03
3.801262992709254340e-03
3.849625431905994224e-03
3.898645030204352536e-03
3.948337400359823099e-03
3.998718659268042999e-03
4.049805448597375464e-03
4.101614956443289974e-03
4.154164940063748319e-03
4.207473749760125281e-03
4.261560353969816306e-03
4.316444365645076726e-03
4.372146069993754214e-03
4.428686453665966159e-03
4.486087235474601337e-03
4.544370898745870094e-03
4.603560725398679089e-03
4.663680831866792373e-03
4.724756206974751668e-03
4.786812751898370487e-03
4.849877322341832747e-03
4.913977773075738770e-03
4.979143004995180595e-03
5.045403014860933184e-03
5.112788947908595422e-03
5.181333153517687917e-03
5.251069244150724513e-03
5.322032157790091735e-03
5.394258224116064981e-03
5.467785234688668852e-03
5.542652517424430901e-03
5.618901015669723262e-03
5.696573372212772671e-03
5.775714018592901892e-03
5.856369270103836157e-03
5.938587426917100141e-03
6.022418881792035959e-03
6.107916234877885930e-03
6.195134416158399986e-03
6.284130816139916684e-03
6.374965425438077794e-03
6.467700983976720254e-03
6.562403140581717781e-03
6.659140623824128663e-03
6.757985425048520893e-03
6.859012994613169871e-03
6.962302452468024060e-03
7.067936814307495055e-03
7.176003234659571531e-03
7.286593268409216791e-03
7.399803152407119847e-03
7.515734108989592134e-03
7.634492673420973166e-03
7.756191047490436884e-03
7.880947481732925378e-03
8.008886689013837087e-03
8.140140292521462484e-03
8.274847311555692808e-03
8.413154688884131108e-03
8.555217863876949519e-03
8.701201396124047180e-03
8.851279644799142990e-03
9.005637509674644867e-03
9.164471240412338029e-03
9.327989321585756360e-03
9.496413441831025315e-03
9.669979556609281657e-03
9.848939055300365980e-03
1.003356004477529151e-02
1.022412876324299384e-02
1.042095114005691173e-02
1.062435451937586428e-02
1.083468956811077348e-02
1.105233239156870433e-02
1.127768688365389169e-02
1.151118734254061998e-02
1.175330138747039503e-02
1.200453321791083647e-02
1.226542726289495469e-02
1.253657227614587109e-02
1.281860594183886932e-02
1.311222006686434995e-02
1.341816644861180095e-02
1.373726352308530900e-02
1.407040391715874694e-02
1.441856305175921726e-02
1.478280897063947823e-02
1.516431360339357860e-02
1.556436571296507081e-02
1.598438582908871461e-02
1.642594353236512608e-02
1.689077753227211792e-02
1.738081908060964964e-02
1.789821938522916100e-02
1.844538184479862369e-02
1.902500012361032708e-02
1.964010333926543075e-02
2.029410996329244002e-02
2.099089245978158838e-02
2.173485524349487788e-02
2.253102927338876404e-02
2.338518757572598944e-02
2.430398730628511444e-02
2.529514574781168562e-02
2.636766009221003237e-02
2.753208426545571130e-02
2.880088084864925943e-02
3.018887298781587972e-02
3.171383108386396227e-02
3.339724361299920008e-02
3.526534321894007201e-02
3.735049246647959009e-02
3.969308545974922081e-02
4.234420418873464237e-02
4.536940382367685154e-02
4.885422940075604542e-02
5.291246407232449295e-02
5.769882879687984051e-02
6.342921324630775015e-02
7.041421996665905847e-02
7.911750207278510361e-02
9.026327822686892877e-02
1.050492951337669983e-01
1.256094705826635016e-01
1.561506747652874061e-01
2.062772848707820350e-01
3.037353456214665348e-01
5.755732255330451297e-01
5.468769344811884814e+00
-7.291557188106240206e-01
-3.418005443081373329e-01
-2.232137898787019126e-01
-1.657111550950143841e-01
-1.317590614498573287e-01
-1.093467299087125810e-01
-9.344399711281758947e-02
-8.157331726505052949e-02
-7.237285946111829404e-02
-6.503200952601498330e-02
-5.903810845339382829e-02
-5.405107531164735774e-02
-4.983642492558931769e-02
-4.622723552693999011e-02
-4.310144959698909706e-02
-4.036774994226276225e-02
-3.795645542041958809e-02
-3.581347138835069138e-02
-3.389616243699814652e-02
-3.217047063173536503e-02
-3.060886175097136605e-02
-2.918883465266360749e-02
-2.789182150088499734e-02
-2.670236429005173884e-02
-2.560748993770371046e-02
-2.459623024208898792e-02
-2.365924898265168649e-02
-2.278854926469064957e-02
-2.197724166000994753e-02
-2.121935890198339142e-02
-2.050970658270475505e-02
-1.984374194770656061e-02
-1.921747480683609274e-02
-1.862738599214897733e-02
-1.807035984158551767e-02
-1.754362797225191700e-02
-1.704472220062067805e-02
-1.657143491946078129e-02
-1.612178558905944664e-02
-1.569399226957994206e-02
-1.528644733139476394e-02
-1.489769664511023280e-02
-1.452642168326708470e-02
-1.417142406925298720e-02
-1.383161219175273356e-02
-1.350598956960922560e-02
-1.319364470573879643e-02
-1.289374221241848355e-02
-1.260551502587769178e-02
-1.232825755733728788e-02
-1.206131965166186079e-02
-1.180410124466526114e-02
-1.155604762658698006e-02
-1.131664523299043441e-02
-1.108541789581253892e-02
-1.086192349692493772e-02
-1.064575097467287783e-02
-1.043651764070462930e-02
-1.023386677020209946e-02
-1.003746543355588106e-02
-9.847002541721531013e-03
-9.662187081087557708e-03
-9.482746516756759142e-03
-9.308425345790448738e-03
-9.138983784231060128e-03
-8.974196573693462783e-03
-8.813851895008179699e-03
-8.657750377878007178e-03
-8.505704196790610933e-03
-8.357536244547669052e-03
-8.213079375742341620e-03
-8.072175713378898498e-03
-7.934676012562744130e-03
-7.800439075859731848e-03
-7.669331215490990221e-03
-7.541225758043937875e-03
-7.416002587827760957e-03
-7.293547725399924207e-03
-7.173752938143263848e-03
-7.056515380083738104e-03
-6.941737258418322239e-03
-6.829325524470775642e-03
-6.719191587009234849e-03
-6.611251046063139694e-03
-6.505423445544318214e-03
-6.401632043143960608e-03
-6.299803596109102705e-03
-6.199868161637724778e-03
-6.101758910736881404e-03
-6.005411954498243027e-03
-5.910766181833628473e-03
-5.817763107796000525e-03
-5.726346731689761077e-03
-5.636463404239473035e-03
-5.548061703146655449e-03
-5.461092316426466482e-03
-5.375507932957599051e-03
-5.291263139731423523e-03
-5.208314325325000792e-03
-5.126619589163263976e-03
-5.046138656165630003e-03
-4.966832796409911127e-03
-4.888664749468763122e-03
-4.811598653107317623e-03
-4.735599976046362715e-03
-4.660635454525891529e-03
-4.586673032417951448e-03
-4.513681804656870071e-03
-4.441631963778070076e-03
-4.370494749361526765e-03
-4.300242400198825594e-03
-4.230848109014449104e-03
-4.162285979580704690e-03
-4.094530986078373340e-03
-4.027558934568107457e-03
-3.961346426443717282e-03
-3.895870823746973906e-03
-3.831110216234999942e-03
-3.767043390097527932e-03
-3.703649798222548653e-03
-3.640909531927223955e-03
-3.578803294063584439e-03
-3.517312373424493453e-03
-3.456418620372803206e-03
-3.396104423626995945e-03
-3.336352688139477152e-03
-3.277146814001714870e-03
-3.218470676327434346e-03
-3.160308606053088918e-03
-3.102645371610976161e-03
-3.045466161423317133e-03
-2.988756567178939630e-03
-2.932502567845370577e-03
-2.876690514380535885e-03
-2.821307115106772533e-03
-2.766339421713291061e-03
-2.711774815850536563e-03
-2.657600996293427945e-03
-2.603805966636630817e-03
-2.550378023498984723e-03
-2.497305745209960157e-03
-2.444577980955476865e-03
-2.392183840356577277e-03
-2.340112683464113091e-03
-2.288354111144088546e-03
-2.236897955836363461e-03
-2.185734272670864127e-03
-2.134853330918323917e-03
-2.084245605764652610e-03
-2.033901770388704938e-03
-1.983812688332653625e-03
-1.933969406147505827e-03
-1.884363146303062991e-03
-1.834985300347266720e-03
-1.785827422305843537e-03
-1.736881222306965603e-03
-1.688138560423892891e-03
-1.639591440722847678e-03
-1.591232005507434285e-03
-1.543052529748327071e-03
-1.495045415692887415e-03
-1.447203187641612305e-03
-1.399518486887557384e-03
-1.351984066808203369e-03
-1.304592788102634186e-03
-1.257337614168820917e-03
-1.210211606611449756e-03
-1.163207920876672529e-03
-1.116319802004357839e-03
-1.069540580495656219e-03
-1.022863668286216237e-03
-9.762825548231417227e-04
-9.297908032378604483e-04
-8.833820466100239391e-04
-8.370499843205430170e-04
-7.907883784836878096e-04
-7.445910504609706479e-04
-6.984518774434948134e-04
-6.523647891074282760e-04
-6.063237643315953860e-04
-5.603228279787524340e-04
-5.143560477316466446e-04
-4.684175309840608089e-04
-4.225014217810379785e-04
-3.766018978068031396e-04
-3.307131674137916001e-04
-2.848294666930029887e-04
-2.389450565797132013e-04
-1.930542199932226797e-04
-1.471512590068164972e-04
-1.012304920443319060e-04
-5.528625110115925313e-05
-9.312878986714082680e-06
3.669527341549422490e-05
8.274384987034487913e-05
1.288384915044796285e-04
1.749848395057328242e-04
2.211885378175570201e-04
2.674552358294598488e-04
3.137905910648384469e-04
3.602002718691432195e-04
4.066899601043475962e-04
4.532653538472612839e-04
4.999321700981492400e-04
5.466961475011323460e-04
5.935630490802578383e-04
6.405386649903115808e-04
6.876288152913867264e-04
7.348393527433122506e-04
7.821761656280982458e-04
8.296451806003579676e-04
8.772523655688380280e-04
9.250037326133016009e-04
9.729053409390730177e-04
1.020963299872650531e-03
1.069183771899727322e-03
1.117572975752399072e-03
1.166137189545728538e-03
1.214882753967703836e-03
1.263816075527547829e-03
1.312943629864308289e-03
1.362271965120350793e-03
1.411807705382028995e-03
1.461557554194618629e-03
1.511528298150946036e-03
1.561726810563221187e-03
1.612160055216553187e-03
1.662835090214326772e-03
1.713759071914657851e-03
1.764939258968722642e-03
1.816383016457569655e-03
1.868097820143298097e-03
1.920091260829258654e-03
1.972371048841922367e-03
2.024945018638641195e-03
2.077821133544098618e-03
2.131007490626491124e-03
2.184512325717345455e-03
2.238344018580386979e-03
2.292511098240853501e-03
2.347022248478060000e-03
2.401886313491738856e-03
2.457112303750247188e-03
2.512709402026175494e-03
2.568686969633390653e-03
2.625054552869034771e-03
2.681821889674675542e-03
2.738998916524654648e-03
2.796595775551829165e-03
2.854622821924494413e-03
2.913090631482438079e-03
2.972010008648231626e-03
3.031391994623821272e-03
3.091247875887665007e-03
3.151589193006442205e-03
3.212427749775344579e-03
3.273775622703259652e-03
3.335645170862670730e-03
3.398049046113956178e-03
3.461000203731197378e-03
3.524511913444155955e-03
3.588597770917415636e-03
3.653271709688615636e-03
3.718548013589708257e-03
3.784441329674399692e-03
3.850966681674091677e-03
3.918139484017619557e-03
3.985975556431637853e-03
4.054491139163027801e-03
4.123702908844991376e-03
4.193627995048642559e-03
4.264283997549729241e-03
4.335689004352005944e-03
4.407861610503843557e-03
4.480820937753651582e-03
4.554586655085207658e-03
4.629179000183992337e-03
4.704618801883416260e-03
4.780927503643667489e-03
4.858127188120467399e-03
4.936240602885826924e-03
5.015291187363641809e-03
5.095303101048619804e-03
5.176301253081772892e-03
5.258311333259262955e-03
5.341359844560422850e-03
5.425474137277177915e-03
5.510682444844685647e-03
5.597013921472663439e-03
5.684498681678005344e-03
5.773167841845358236e-03
5.863053563925417662e-03
5.954189101410383052e-03
6.046608847723651016e-03
6.140348387173666725e-03
6.235444548633452613e-03
6.331935462117271873e-03
6.429860618441722228e-03
6.529260932166528267e-03
6.630178808030982862e-03
6.732658211114031510e-03
6.836744740964257466e-03
6.942485709968455529e-03
7.049930226238292248e-03
7.159129281330212785e-03
7.270135843126193480e-03
7.383004954235946639e-03
7.497793836307971652e-03
7.614562000668031669e-03
7.733371365737758824e-03
7.854286381724362442e-03
7.977374163115485278e-03
8.102704629548526660e-03
8.230350655688284042e-03
8.360388230789420408e-03
8.492896628677099741e-03
8.627958588959178110e-03
8.765660510338453559e-03
8.906092656981405911e-03
9.049349378984328229e-03
9.195529348074217915e-03
9.344735809790340533e-03
9.497076853499444860e-03
9.652665701746093035e-03
9.811621020562159151e-03
9.974067252537454145e-03
1.014013497461889457e-02
1.030996128281121658e-02
1.048369020616744113e-02
1.066147315270556638e-02
1.084346939016195104e-02
1.102984656480136480e-02
1.122078126184148338e-02
1.141645961144451514e-02
1.161707794465619351e-02
1.182284350416212652e-02
1.203397521528468475e-02
1.225070452326005102e-02
1.247327630354533833e-02
1.270194985269204602e-02
1.293699996823302438e-02
1.317871812705748852e-02
1.342741377290928260e-02
1.368341572498988322e-02
1.394707372116558812e-02
1.421876011102922444e-02
1.449887171607433349e-02
1.478783187654989471e-02
1.508609270721830709e-02
1.539413758733475072e-02
1.571248391370823685e-02
1.604168614986732286e-02
1.638233920915356523e-02
1.673508221521177730e-02
1.710060268992320484e-02
1.747964122655274941e-02
1.787299671500335377e-02
1.828153219679254024e-02
1.870618144011906500e-02
1.914795634049668363e-02
1.960795527048180345e-02
2.008737252359630784e-02
2.058750902347469824e-02
2.110978450050242719e-02
2.165575137604457134e-02
2.222711064032538084e-02
2.282573006612708191e-02
2.345366516929148215e-02
2.411318341175675700e-02
2.480679224785639625e-02
2.553727174520828425e-02
2.630771267504781324e-02
2.712156117265262720e-02
2.798267132911775104e-02
2.889536740791872130e-02
2.986451780591126148e-02
3.089562342924433505e-02
3.199492387192789250e-02
3.316952572630950391e-02
3.442755860122911904e-02
3.577836608892338149e-02
3.723274116835582903e-02
3.880321859501995735e-02
4.050444104837633286e-02
4.235362169654977721e-02
4.437113415902604191e-02
4.658127277225071472e-02
4.901324341132876766e-02
5.170247078093544169e-02
5.469234673334192470e-02
5.803660353715051068e-02
6.180258923363778079e-02
6.607587217152853520e-02
7.096684966618485579e-02
7.662045805945952304e-02
8.323082630833877893e-02
9.106408164531690219e-02
1.004951390400052186e-01
1.120696167093900714e-01
1.266134696299143214e-01
1.454395698396849512e-01
1.707685380839912281e-01
2.066772445926718660e-01
2.615508077328539405e-01
3.558168404779958327e-01
5.556745952050756721e-01
1.264568573023447051e+00
-4.626164074298820594e+00
-8.187828181913915371e-01
-4.494767144583655116e-01
-3.099124947772586847e-01
-2.365659423408217055e-01
-1.913431356989902798e-01
-1.606682561721009816e-01
-1.384921102306492513e-01
-1.217110054735088126e-01
-1.085685099797473185e-01
-9.799598889797957180e-02
-8.930595803954122225e-02
-8.203606416095284015e-02
-7.586390374811052828e-02
-7.055779632993985917e-02
-6.594697044677803877e-02
-6.190278175786088216e-02
-5.832647732998422208e-02
-5.514099039438408179e-02
-5.228529726391328153e-02
-4.971044918427023479e-02
-4.737672646145337646e-02
-4.525156123068152514e-02
-4.330799709719441309e-02
-4.152353045047637442e-02
-3.987922749383579490e-02
-3.835904336658974012e-02
-3.694929137804928154e-02
-3.563822511109297764e-02
-3.441570635128217426e-02
-3.327293895792719780e-02
-3.220225388947754730e-02
-3.119693426783487836e-02
-3.025107204342204412e-02
-2.935944979581615183e-02
-2.851744267349712314e-02
-2.772093658000860869e-02
-2.696625955062061791e-02
-2.625012390332689613e-02
-2.556957724091439912e-02
-2.492196076344396771e-02
-2.430487364952274229e-02
-2.371614250005719612e-02
-2.315379502445124096e-02
-2.261603729759787546e-02
-2.210123403484541907e-02
-2.160789142781773670e-02
-2.113464216141318699e-02
-2.068023229531887677e-02
-2.024350974483683785e-02
-1.982341413808058964e-02
-1.941896786141547593e-02
-1.902926813384781674e-02
-1.865347997501465294e-02
-1.829082995138784848e-02
-1.794060060203845827e-02
-1.760212545934055142e-02
-1.727478459182070492e-02
-1.695800060637259882e-02
-1.665123505552833227e-02
-1.635398520270495842e-02
-1.606578110448349250e-02
-1.578618297425298661e-02
-1.551477879606002162e-02
-1.525118216139724654e-02
-1.499503030498617120e-02
-1.474598231852897873e-02
-1.450371752389032279e-02
-1.426793398934402338e-02
-1.403834717442530369e-02
-1.381468869055595301e-02
-1.359670516606949382e-02
-1.338415720551293722e-02
-1.317681843421055106e-02
-1.297447462004983586e-02
-1.277692286529707143e-02
-1.258397086201827261e-02
-1.239543620532680343e-02
-1.221114575929583418e-02
-1.203093507086601920e-02
-1.185464782757617540e-02
-1.168213535531923732e-02
-1.151325615273720085e-02
-1.134787545915228769e-02
-1.118586485325860289e-02
-1.102710188004041303e-02
-1.087146970363007427e-02
-1.071885678401866999e-02
-1.056915657572197846e-02
-1.042226724669158971e-02
-1.027809141588277228e-02
-1.013653590806112316e-02
-9.997511524529493349e-03
-9.860932828577950379e-03
-9.726717944573875022e-03
-9.594788369671146053e-03
-9.465068797234226644e-03
-9.337486951124567003e-03
-9.211973430075652211e-03
-9.088461561446315590e-03
-8.966887263693282262e-03
-8.847188916961564592e-03
-8.729307241229580100e-03
-8.613185181506605517e-03
-8.498767799597186159e-03
-8.386002171998476265e-03
-8.274837293526290244e-03
-8.165223986294115055e-03
-8.057114813693155159e-03
-7.950463999060887466e-03
-7.845227348728488551e-03
-7.741362179176823448e-03
-7.638827248042523964e-03
-7.537582688732584989e-03
-7.437589948425421191e-03
-7.338811729253617334e-03
-7.241211932468910248e-03
-7.144755605420282513e-03
-7.049408891164848576e-03
-6.955138980562583853e-03
-6.861914066709425518e-03
-6.769703301565829778e-03
-6.678476754656405973e-03
-6.588205373726658751e-03
-6.498860947231989427e-03
-6.410416068565840883e-03
-6.322844101924476878e-03
-6.236119149713540213e-03
-6.150216021415056376e-03
-6.065110203826001509e-03
-5.980777832605668060e-03
-5.897195665040498407e-03
-5.814341053977734389e-03
-5.732191922853039842e-03
-5.650726741753631620e-03
-5.569924504465040456e-03
-5.489764706442885368e-03
-5.410227323663308052e-03
-5.331292792300265822e-03
-5.252941989191624132e-03
-5.175156213041818762e-03
-5.097917166331344951e-03
-5.021206937886696538e-03
-4.945007986080627270e-03
-4.869303122620759205e-03
-4.794075496906967035e-03
-4.719308580911399896e-03
-4.644986154559166934e-03
-4.571092291590624600e-03
-4.497611345854203233e-03
-4.424527938033120077e-03
-4.351826942761419757e-03
-4.279493476111414715e-03
-4.207512883434397742e-03
-4.135870727531438563e-03
-4.064552777124920760e-03
-3.993544995628124997e-03
-3.922833530177680973e-03
-3.852404700920549277e-03
-3.782244990532147768e-03
-3.712341033952391324e-03
-3.642679608320749472e-03
-3.573247623095617085e-03
-3.504032110339558043e-03
-3.435020215161451590e-03
-3.366199186287841330e-03
-3.297556366769075278e-03
-3.229079184782191869e-03
-3.160755144536610446e-03
-3.092571817257895161e-03
-3.024516832233883033e-03
-2.956577867920981342e-03
-2.888742643084010221e-03
-2.820998907966562521e-03
-2.753334435468766592e-03
-2.685737012327640751e-03
-2.618194430282846583e-03
-2.550694477209011074e-03
-2.483224928213761951e-03
-2.415773536670894322e-03
-2.348328025188032870e-03
-2.280876076491233743e-03
-2.213405324202821160e-03
-2.145903343511291247e-03
-2.078357641706917499e-03
-2.010755648575255489e-03
-1.943084706620942619e-03
-1.875332061124565216e-03
-1.807484849988945808e-03
-1.739530093380802422e-03
-1.671454683137724075e-03
-1.603245371916031279e-03
-1.534888762075032730e-03
-1.466371294263390515e-03
-1.397679235684732126e-03
-1.328798668033350601e-03
-1.259715475061705479e-03
-1.190415329758209460e-03
-1.120883681114943345e-03
-1.051105740447897752e-03
-9.810664672487837742e-04
-9.107505545298224441e-04
-8.401424136358602579e-04
-7.692261584849540259e-04
-6.979855892003218121e-04
-6.264041750972706686e-04
-5.544650369888092303e-04
-4.821509287477683992e-04
-4.094442181081686433e-04
-3.363268666307970916e-04
-2.627804087961303574e-04
-1.887859301616517656e-04
-1.143240445309963069e-04
-3.937487006313229222e-05
3.608199573161031959e-05
1.120675021996730785e-04
1.886031730119181295e-04
2.657111349880811151e-04
3.434141483611471003e-04
4.217356385673431680e-04
5.006997296727190138e-04
5.803312795422487349e-04
6.606559168578151568e-04
7.417000801154100507e-04
8.234910587410938917e-04
9.060570364474657482e-04
9.894271370133910556e-04
1.073631472622806147e-03
1.158701194965738694e-03
1.244668549272549959e-03
1.331566931510993514e-03
1.419430948949683977e-03
1.508296484337837747e-03
1.598200763971564537e-03
1.689182429917990540e-03
1.781281616707671919e-03
1.874540032834987827e-03
1.969001047418352836e-03
2.064709782422748628e-03
2.161713210862135047e-03
2.260060261460009826e-03
2.359801930252893292e-03
2.460991399716776218e-03
2.563684165994752334e-03
2.667938174894996396e-03
2.773813967382662664e-03
2.881374835341799986e-03
2.990686988484889640e-03
3.101819733341085791e-03
3.214845665382056340e-03
3.329840875405742830e-03
3.446885171461229989e-03
3.566062317682181827e-03
3.687460291568656415e-03
3.811171561401038421e-03
3.937293385661633401e-03
4.065928136527846223e-03
4.197183649729339071e-03
4.331173603333038705e-03
4.468017928263100409e-03
4.607843253735879885e-03
4.750783391111345309e-03
4.896979860099704221e-03
5.046582461710121502e-03
5.199749902871982077e-03
5.356650478248404547e-03
5.517462815459118521e-03
5.682376690697178538e-03
5.851593922639679486e-03
6.025329353554677130e-03
6.203811927713280376e-03
6.387285878550314454e-03
6.576012037594084966e-03
6.770269280000427124e-03
6.970356123621741784e-03
7.176592500986819605e-03
7.389321726408418570e-03
7.608912683765446834e-03
7.835762264399857499e-03
8.070298089132371677e-03
8.312981553820044181e-03
8.564311244202947593e-03
8.824826773404821981e-03
9.095113104375092059e-03
9.375805430336897270e-03
9.667594699123531476e-03
9.971233882755196551e-03
1.028754511225108033e-02
1.061742782025838772e-02
1.096186806162201613e-02
1.132194921558815452e-02
1.169886431467041799e-02
1.209393029611859592e-02
1.250860453511636571e-02
1.294450409761977762e-02
1.340342824946947481e-02
1.388738488297043723e-02
1.439862168012520649e-02
1.493966303352275982e-02
1.551335400540164791e-02
1.612291294152969762e-02
1.677199479537498650e-02
1.746476779548953792e-02
1.820600685570665164e-02
1.900120815500077123e-02
1.985673070408994559e-02
2.077997261723926042e-02
2.177959243817215521e-02
2.286578955269652838e-02
2.405066294830620136e-02
2.534867510648306649e-02
2.677725881674468400e-02
2.835762106511968000e-02
3.011582294112118141e-02
3.208425284209296541e-02
3.430367088392723141e-02
3.682610075571489394e-02
3.971900925999737042e-02
4.307149610735401535e-02
4.700372030048712013e-02
5.168172605395530972e-02
5.734165749524557099e-02
6.433111720340391193e-02
7.318372374388830426e-02
8.476276088748530002e-02
1.005622603886755090e-01
1.234118017854769767e-01
1.593983515670209794e-01
2.244477452759609526e-01
3.776844610553294346e-01
1.176479270915520736e+00
-1.065688312302608187e+00
-3.679280891506899742e-01
-2.227542066948566823e-01
-1.599256848707319711e-01
-1.248530053223435438e-01
-1.024660449112042848e-01
-8.693258912554681361e-02
-7.552046361016577503e-02
-6.677940116944121318e-02
-5.986814859624196156e-02
-5.426515819015025749e-02
-4.962989097018104256e-02
-4.573055966205141765e-02
-4.240392574811820137e-02
-3.953170319984805614e-02
-3.702608134132064771e-02
-3.482050405368390666e-02
-3.286360582416276988e-02
-3.111511179173011635e-02
-2.954299767996779527e-02
-2.812147994282812244e-02
-2.682956613962757253e-02
-2.564999144179132620e-02
-2.456842637726843956e-02
-2.357287839621748787e-02
-2.265323410492516357e-02
-2.180090504582422872e-02
-2.100855069066848504e-02
-2.026985969909210830e-02
-1.957937562871528078e-02
-1.893235690329357623e-02
-1.832466343210445436e-02
-1.775266414479475391e-02
-1.721316107459472736e-02
-1.670332663470828691e-02
-1.622065148828372855e-02
-1.576290098170896395e-02
-1.532807854384033407e-02
-1.491439478544859948e-02
-1.452024128936784189e-02
-1.414416828112557284e-02
-1.378486552589968869e-02
-1.344114592072680539e-02
-1.311193134849840403e-02
-1.279624043816298025e-02
-1.249317793801791622e-02
-1.220192545941130302e-02
-1.192173338899639619e-02
-1.165191380096606243e-02
-1.139183422792856143e-02
-1.114091217147213965e-02
-1.089861025191623048e-02
-1.066443191206629774e-02
-1.043791760252900207e-02
-1.021864138674426561e-02
-1.000620791284688622e-02
-9.800249706898843741e-03
-9.600424748410898990e-03
-9.406414294374797203e-03
-9.217920922582903409e-03
-9.034666768875779241e-03
-8.856391936250741781e-03
-8.682853056589605323e-03
-8.513821988182342787e-03
-8.349084634329271074e-03
-8.188439870063979678e-03
-8.031698565633075410e-03
-7.878682696696778093e-03
-7.729224532399254707e-03
-7.583165893447174101e-03
-7.440357473265200340e-03
-7.300658216047216376e-03
-7.163934746205460544e-03
-7.030060844332570308e-03
-6.898916965302888567e-03
-6.770389794590263299e-03
-6.644371839335127053e-03
-6.520761050992938089e-03
-6.399460476768530949e-03
-6.280377937281164322e-03
-6.163425728192959210e-03
-6.048520343737711844e-03
-5.935582220286728973e-03
-5.824535498279147586e-03
-5.715307800971542763e-03
-5.607830028666630114e-03
-5.502036167125599030e-03
-5.397863109054555457e-03
-5.295250487623749149e-03
-5.194140521062046677e-03
-5.094477867488596615e-03
-4.996209489183892766e-03
-4.899284525584052252e-03
-4.803654174350482919e-03
-4.709271579894968099e-03
-4.616091728847851114e-03
-4.524071351913904436e-03
-4.433168831701285451e-03
-4.343344116055025683e-03
-4.254558636547576232e-03
-4.166775231722324654e-03
-4.079958074785200450e-03
-3.994072605428011097e-03
-3.909085465502728889e-03
-3.824964438286496213e-03
-3.741678391088148429e-03
-3.659197220983021262e-03
-3.577491803455371596e-03
-3.496533943775460146e-03
-3.416296330910326574e-03
-3.336752493814192783e-03
-3.257876759948554867e-03
-3.179644215880547947e-03
-3.102030669824759005e-03
-3.025012616021278359e-03
-2.948567200801622320e-03
-2.872672190268058846e-03
-2.797305939462277867e-03
-2.722447362941276660e-03
-2.648075906670088134e-03
-2.574171521134945625e-03
-2.500714635616623806e-03
-2.427686133545878429e-03
-2.355067328863256256e-03
-2.282839943329801041e-03
-2.210986084724738798e-03
-2.139488225855351068e-03
-2.068329184371423771e-03
-1.997492103260506933e-03
-1.926960432054793983e-03
-1.856717908640245426e-03
-1.786748541654169979e-03
-1.717036593423716976e-03
-1.647566563412895596e-03
-1.578323172118052198e-03
-1.509291345401561580e-03
-1.440456199207186668e-03
-1.371803024641720303e-03
-1.303317273374445927e-03
-1.234984543326122760e-03
-1.166790564631892688e-03
-1.098721185833375366e-03
-1.030762360260627057e-03
-9.629001326143250524e-04
-8.951206256725109884e-04
-8.274100271340486916e-04
-7.597545765444601402e-04
-6.921405522941448223e-04
-6.245542586620351881e-04
-5.569820128523681781e-04
-4.894101320487104180e-04
-4.218249203954389055e-04
-3.542126559460665228e-04
-2.865595774817535839e-04
-2.188518712398881993e-04
-1.510756574745029002e-04
-8.321697684173366585e-05
-1.526177657657039525e-05
5.280410356377753997e-05
1.209949456384929129e-04
1.893251681510460462e-04
2.578093410230898239e-04
3.264622009390242283e-04
3.952986670949220358e-04
4.643338573970795372e-04
5.335831051490449789e-04
6.030619762558824546e-04
6.727862870277480107e-04
7.427721225663907892e-04
8.130358558612699139e-04
8.835941675681254154e-04
9.544640665982608973e-04
1.025662911517007158e-03
1.097208432861771507e-03
1.169118756403576733e-03
1.241412427461834707e-03
1.314108436317087524e-03
1.387226244826864595e-03
1.460785814303156190e-03
1.534807634777350270e-03
1.609312755721300755e-03
1.684322818355573660e-03
1.759860089630859619e-03
1.835947498046775362e-03
1.912608671389551479e-03
1.989867976573386592e-03
2.067750561724508197e-03
2.146282400664398151e-03
2.225490339982591232e-03
2.305402148895458695e-03
2.386046572090526601e-03
2.467453385796828172e-03
2.549653457310356065e-03
2.632678808272345163e-03
2.716562681953654194e-03
2.801339614906308076e-03
2.887045513275948629e-03
2.973717734212454143e-03
3.061395172742635909e-03
3.150118354560746577e-03
3.239929535265374892e-03
3.330872806526514757e-03
3.422994209817648448e-03
3.516341858329953638e-03
3.610966067801652489e-03
3.706919497019582534e-03
3.804257298879908360e-03
3.903037282933532765e-03
4.003320090471794435e-03
4.105169383316693149e-03
4.208652047571407109e-03
4.313838413775857722e-03
4.420802495025316463e-03
4.529622244782264412e-03
4.640379836363272940e-03
4.753161966216965482e-03
4.868060183462276196e-03
4.985171248310596957e-03
5.104597522475455042e-03
5.226447394879736932e-03
5.350835746501754475e-03
5.477884458620778212e-03
5.607722969276939841e-03
5.740488883367323922e-03
5.876328642548263835e-03
6.015398261880615209e-03
6.157864141132407716e-03
6.303903959733674067e-03
6.453707665625898517e-03
6.607478569712676303e-03
6.765434559340939742e-03
6.927809446172683051e-03
7.094854466189490054e-03
7.266839952218320450e-03
7.444057202640634759e-03
7.626820573625575292e-03
7.815469826781527157e-03
8.010372769333024348e-03
8.211928230289830891e-03
8.420569423565563844e-03
8.636767758081595817e-03
8.861037165723666120e-03
9.093939031206400847e-03
9.336087823817316306e-03
9.588157550512598978e-03
9.850889173556167527e-03
1.012509916528615307e-02
1.041168940866725803e-02
1.071165869734520652e-02
1.102611614502025349e-02
1.135629688451441494e-02
1.170358052606565620e-02
1.206951295769719337e-02
1.245583221567152406e-02
1.286449933998047926e-02
1.329773537282167260e-02
1.375806597586874507e-02
1.424837556173161671e-02
1.477197339387321257e-02
1.533267486034031908e-02
1.593490214686026085e-02
1.658380993536283030e-02
1.728544369932198677e-02
1.804694090348417032e-02
1.887678931685929026e-02
1.978516229278148852e-02
2.078435916945099368e-02
2.188939136276146433e-02
2.311877366316671123e-02
2.449560975197348500e-02
2.604910799799358204e-02
2.781674059195181348e-02
2.984738882232368731e-02
3.220604325492033848e-02
3.498103614070192935e-02
3.829555467951765296e-02
4.232671482101389715e-02
4.733869980098295849e-02
5.374375843377972306e-02
