2.041622860618960960e-04
2.380545541274246314e-04
2.726850937389160932e-04
3.080804513132344696e-04
3.442684738256753148e-04
3.812783894855313691e-04
4.191408944927686210e-04
4.578882464172516660e-04
4.975543647980161088e-04
5.381749396223540864e-04
5.797875484142866499e-04
6.224317827403680770e-04
6.661493850283633535e-04
7.109843966932865179e-04
7.569833186761389977e-04
8.041952856261969096e-04
8.526722550989266399e-04
9.024692133018333718e-04
9.536443991016753385e-04
1.006259548212554145e-03
1.060380159718191020e-03
1.116075787348526013e-03
1.173420358235292447e-03
1.232492522219135519e-03
1.293376035180125684e-03
1.356160180321742915e-03
1.420940231865952096e-03
1.487817966225611892e-03
1.556902226423811106e-03
1.628309546345774921e-03
1.702164842355910219e-03
1.778602180916750769e-03
1.857765632135261391e-03
1.939810220671894098e-03
2.024902987220316211e-03
2.113224175854296755e-03
2.204968565005197868e-03
2.300346962757614938e-03
2.399587890627564654e-03
2.502939484136186901e-03
2.610671643458720506e-03
2.723078473398530749e-03
2.840481059137246918e-03
2.963230632935514620e-03
3.091712197569453785e-03
3.226348685250165181e-03
3.367605746682561345e-03
3.515997284537374871e-03
3.672091869923881785e-03
3.836520210743424829e-03
4.009983878754056451e-03
4.193265549998826704e-03
4.387241073882048106e-03
4.592893763547684083e-03
4.811331399620763852e-03
5.043806568015432937e-03
5.291741120271790770e-03
5.556755765431652984e-03
5.840706094930650343e-03
6.145726733405861876e-03
6.474285837348583462e-03
6.829252886111697105e-03
7.213983707918265008e-03
7.632428079147005918e-03
8.089267212307817839e-03
8.590091289058568100e-03
9.141631340063627320e-03
9.752065924806391922e-03
1.043143236133804025e-02
1.119218659328425486e-02
1.204997839031603409e-02
1.302474512415624161e-02
1.414228809282394930e-02
1.543659947547106753e-02
1.695339288454795340e-02
1.875563234372239901e-02
2.093251687699872535e-02
2.361473341582464788e-02
2.700175147496809008e-02
3.141393117009809444e-02
3.740046125420271733e-02
4.598808589715992767e-02
5.934437609792270890e-02
8.297162743252554928e-02
1.361278743571038563e-01
3.664580475415741279e-01
-5.548422287913129525e-01
-1.599933995634641171e-01
-9.418183478175007339e-02
-6.708052794665528284e-02
-5.229611480816322155e-02
-4.298587128289065029e-02
-3.658377582381157345e-02
-3.191084554425724362e-02
-2.834951796762925219e-02
-2.554502314963481152e-02
-2.327904111461761433e-02
-2.140985537802856178e-02
-1.984146444189550246e-02
-1.850652396396189336e-02
-1.735639635635120512e-02
-1.635507716397187686e-02
-1.547534349960323109e-02
-1.469623060481347124e-02
-1.400133127144779707e-02
-1.337762121523291235e-02
-1.281462992773346396e-02
-1.230384399972182276e-02
-1.183827026864533137e-02
-1.141211097956308998e-02
-1.102051882454084010e-02
-1.065940984675526823e-02
-1.032531886639293309e-02
-1.001528656511084178e-02
-9.726770425892929464e-03
-9.457573848445491316e-03
-9.205789254975092067e-03
-8.969752067473645701e-03
-8.748003207728307501e-03
-8.539258333856438246e-03
-8.342382442560827144e-03
-8.156368776087549038e-03
-7.980321206058512556e-03
-7.813439443427048700e-03
-7.655006559377810355e-03
-7.504378406597011185e-03
-7.360974611641091236e-03
-7.224270872758941156e-03
-7.093792347644883173e-03
-6.969107955327010634e-03
-6.849825448070436147e-03
-6.735587134570775875e-03
-6.626066156182807906e-03
-6.520963234512362934e-03
-6.420003822199341244e-03
-6.322935599759141670e-03
-6.229526270419191367e-03
-6.139561612367321758e-03
-6.052843754024993944e-03
-5.969189643110034589e-03
-5.888429684552471712e-03
-5.810406525928520083e-03
-5.734973972103449801e-03
-5.661996013326444852e-03
-5.591345953178466013e-03
-5.522905624606191249e-03
-5.456564683833098339e-03
-5.392219973269525048e-03
-5.329774945681130423e-03
-5.269139142852366162e-03
-5.210227722821553047e-03
-5.152961030488815639e-03
-5.097264207024277717e-03
-5.043066834047033389e-03
-4.990302609016327232e-03
-4.938909048686745615e-03
-4.888827217837084411e-03
-4.840001480794903048e-03
-4.792379273552909748e-03
-4.745910894513274969e-03
-4.700549312107355632e-03
-4.656249987724035699e-03
-4.612970712544082856e-03
-4.570671457022913546e-03
-4.529314231892483944e-03
-4.488862959666588964e-03
-4.449283355735302384e-03
-4.410542818223762984e-03
-4.372610325870950748e-03
-4.335456343255034324e-03
-4.299052732756333296e-03
-4.263372672705312977e-03
-4.228390581214670416e-03
-4.194082045240224779e-03
-4.160423754456611667e-03
-4.127393439570636001e-03
-4.094969814728910591e-03
-4.063132523705909049e-03
-4.031862089586344192e-03
-4.001139867679667610e-03
-3.970948001427321988e-03
-3.941269381082953237e-03
-3.912087604964298998e-03
-3.883386943091871480e-03
-3.855152303044716202e-03
-3.827369197877176187e-03
-3.800023715952630110e-03
-3.773102492562427010e-03
-3.746592683207324893e-03
-3.720481938429488506e-03
-3.694758380090743411e-03
-3.669410579000993537e-03
-3.644427533808199463e-03
-3.619798651067564037e-03
-3.595513726413739758e-03
-3.571562926765631599e-03
-3.547936773498021508e-03
-3.524626126519693481e-03
-3.501622169201244403e-03
-3.478916394100257936e-03
-3.456500589435004649e-03
-3.434366826261507025e-03
-3.412507446311163761e-03
-3.390915050450127137e-03
-3.369582487723223226e-03
-3.348502844948382691e-03
-3.327669436829542270e-03
-3.307075796557996245e-03
-3.286715666874399401e-03
-3.266582991565309541e-03
-3.246671907369650355e-03
-3.226976736272327718e-03
-3.207491978163641913e-03
-3.188212303844166137e-03
-3.169132548356409611e-03
-3.150247704625722903e-03
-3.131552917393366688e-03
-3.113043477426883417e-03
-3.094714815992367137e-03
-3.076562499575480076e-03
-3.058582224837890287e-03
-3.040769813797259205e-03
-3.023121209218747503e-03
-3.005632470208290975e-03
-2.988299767996066732e-03
-2.971119381901929282e-03
-2.954087695472799348e-03
-2.937201192783935478e-03
-2.920456454895984256e-03
-2.903850156460083091e-03
-2.887379062463868960e-03
-2.871040025111790302e-03
-2.854829980833016069e-03
-2.838745947411037800e-03
-2.822785021229261802e-03
-2.806944374627063331e-03
-2.791221253361237352e-03
-2.775612974167708524e-03
-2.760116922419577744e-03
-2.744730549876109402e-03
-2.729451372519413246e-03
-2.714276968474433303e-03
-2.699204976008620464e-03
-2.684233091607642323e-03
-2.669359068123986108e-03
-2.654580712995026435e-03
-2.639895886527671761e-03
-2.625302500246580635e-03
-2.610798515303423308e-03
-2.596381940944223615e-03
-2.582050833032646132e-03
-2.567803292626681146e-03
-2.553637464606562518e-03
-2.539551536351513684e-03
-2.525543736463933125e-03
-2.511612333538131882e-03
-2.497755634972692422e-03
-2.483971985824084440e-03
-2.470259767699952043e-03
-2.456617397690824198e-03
-2.443043327338193654e-03
-2.429536041637823766e-03
-2.416094058076951809e-03
-2.402715925703675752e-03
-2.389400224227672745e-03
-2.376145563150775658e-03
-2.362950580926481345e-03
-2.349813944146735695e-03
-2.336734346755809863e-03
-2.323710509289299633e-03
-2.310741178138201075e-03
-2.297825124836091852e-03
-2.284961145369700936e-03
-2.272148059510911700e-03
-2.259384710170200122e-03
-2.246669962770281651e-03
-2.234002704639312734e-03
-2.221381844423102325e-03
-2.208806311515225732e-03
-2.196275055505163970e-03
-2.183787045642506669e-03
-2.171341270318495262e-03
-2.158936736562205513e-03
-2.146572469552661747e-03
-2.134247512145142842e-03
-2.121960924411761540e-03
-2.109711783195317852e-03
-2.097499181676917498e-03
-2.085322228955506160e-03
-2.073180049640174771e-03
-2.061071783453917450e-03
-2.048996584849062386e-03
-2.036953622633654037e-03
-2.024942079608207240e-03
-2.012961152213103844e-03
-2.001010050185800943e-03
-1.989087996227458660e-03
-1.977194225679150541e-03
-1.965327986206820421e-03
-1.953488537494947608e-03
-1.941675150948722617e-03
-1.929887109404372636e-03
-1.918123706846949772e-03
-1.906384248136175352e-03
-1.894668048739361899e-03
-1.882974434471940128e-03
-1.871302741243363599e-03
-1.859652314812693108e-03
-1.848022510546470931e-03
-1.836412693186864620e-03
-1.824822236623439842e-03
-1.813250523671108838e-03
-1.801696945854872056e-03
-1.790160903198605158e-03
-1.778641804020333894e-03
-1.767139064731811093e-03
-1.755652109643807829e-03
-1.744180370775789968e-03
-1.732723287670375617e-03
-1.721280307212524896e-03
-1.709850883453076925e-03
-1.698434477436353007e-03
-1.687030557032204170e-03
-1.675638596772138778e-03
-1.664258077688848467e-03
-1.652888487160200995e-03
-1.641529318756437122e-03
-1.630180072091076335e-03
-1.618840252675453339e-03
-1.607509371776250431e-03
-1.596186946276724819e-03
-1.584872498540676813e-03
-1.573565556279866648e-03
-1.562265652424126190e-03
-1.550972324994537646e-03
-1.539685116979393024e-03
-1.528403576212804260e-03
-1.517127255256041189e-03
-1.505855711281414364e-03
-1.494588505958780768e-03
-1.483325205344115591e-03
-1.472065379770916803e-03
-1.460808603743608998e-03
-1.449554455833154676e-03
-1.438302518574978775e-03
-1.427052378368923700e-03
-1.415803625381175865e-03
-1.404555853448347623e-03
-1.393308659983214567e-03
-1.382061645882615587e-03
-1.370814415436960153e-03
-1.359566576241537112e-03
-1.348317739109753787e-03
-1.337067517987604575e-03
-1.325815529870220336e-03
-1.314561394719693677e-03
-1.303304735384512320e-03
-1.292045177520526836e-03
-1.280782349513328710e-03
-1.269515882401955464e-03
-1.258245409804070085e-03
-1.246970567842489415e-03
-1.235690995072861575e-03
-1.224406332412554012e-03
-1.213116223071094993e-03
-1.201820312481195795e-03
-1.190518248231786690e-03
-1.179209680001161789e-03
-1.167894259492009527e-03
-1.156571640366980264e-03
-1.145241478185598074e-03
-1.133903430342067011e-03
-1.122557156003792288e-03
-1.111202316051183641e-03
-1.099838573018361177e-03
-1.088465591034188870e-03
-1.077083035765039748e-03
-1.065690574357538306e-03
-1.054287875382627603e-03
-1.042874608780322001e-03
-1.031450445804984453e-03
-1.020015058971669112e-03
-1.008568122002819574e-03
-9.971093097759901620e-04
-9.856382982720028520e-04
-9.741547645237759630e-04
-9.626583865656995059e-04
-9.511488433842508593e-04
-9.396258148677730064e-04
-9.280889817585768684e-04
-9.165380256041313900e-04
-9.049726287095674615e-04
-8.933924740905743213e-04
-8.817972454264332190e-04
-8.701866270139162717e-04
-8.585603037216268073e-04
-8.469179609443939181e-04
-8.352592845584467726e-04
-8.235839608770100309e-04
-8.118916766058758422e-04
-8.001821187998978471e-04
-7.884549748194517871e-04
-7.767099322875071696e-04
-7.649466790466252081e-04
-7.531649031168388686e-04
-7.413642926532874530e-04
-7.295445359044982342e-04
-7.177053211706776320e-04
-7.058463367626954116e-04
-6.939672709606464762e-04
-6.820678119732435929e-04
-6.701476478971433309e-04
-6.582064666764281258e-04
-6.462439560626885571e-04
-6.342598035746216389e-04
-6.222536964583282038e-04
-6.102253216474298747e-04
-5.981743657239337042e-04
-5.861005148782849616e-04
-5.740034548702768746e-04
-5.618828709898771034e-04
-5.497384480178391097e-04
-5.375698701869796592e-04
-5.253768211432308100e-04
-5.131589839064698566e-04
-5.009160408320223468e-04
-4.886476735709993635e-04
-4.763535630329801540e-04
-4.640333893459677728e-04
-4.516868318183431263e-04
-4.393135688995422616e-04
-4.269132781421630662e-04
-4.144856361621464258e-04
-4.020303186006088381e-04
-3.895470000848319514e-04
-3.770353541893180227e-04
-3.644950533967725170e-04
-3.519257690588264986e-04
-3.393271713573453585e-04
-3.266989292648563026e-04
-3.140407105050591063e-04
-3.013521815136178950e-04
-2.886330073984446493e-04
-2.758828518998630158e-04
-2.631013773508744658e-04
-2.502882446367999530e-04
-2.374431131552823954e-04
-2.245656407758190448e-04
-2.116554837991273252e-04
-1.987122969162227054e-04
-1.857357331675746348e-04
-1.727254439016397136e-04
-1.596810787335301712e-04
-1.466022855031896832e-04
-1.334887102334390840e-04
-1.203399970876317671e-04
-1.071557883272483691e-04
-9.393572426881144355e-05
-8.067944324108983212e-05
-6.738658154123271238e-05
-5.405677339158886097e-05
-4.068965089489354203e-05
-2.728484399022908236e-05
-1.384198040821956605e-05
-3.606856256808260719e-07
1.315941717986313791e-05
2.671870717619543451e-05
4.031756592246665827e-05
5.395637741672197618e-05
6.763552814227982712e-05
8.135540711594248936e-05
9.511640593576863034e-05
1.089189188300202643e-04
1.227633427058885326e-04
1.366500771992854718e-04
1.505795247247285890e-04
1.645520905262055564e-04
1.785681827280310996e-04
1.926282123866640550e-04
2.067325935428965256e-04
2.208817432748141213e-04
2.350760817509131920e-04
2.493160322845104290e-04
2.636020213878731769e-04
2.779344788282232456e-04
2.923138376829687718e-04
3.067405343966942213e-04
3.212150088382371288e-04
3.357377043589843471e-04
3.503090678511622258e-04
3.649295498075579361e-04
3.795996043817742235e-04
3.943196894489221782e-04
4.090902666673583085e-04
4.239118015417157187e-04
4.387847634855909437e-04
4.537096258861901543e-04
4.686868661694628194e-04
4.837169658656100685e-04
4.988004106764743623e-04
5.139376905427773742e-04
5.291292997133033651e-04
5.443757368141779671e-04
5.596775049199137833e-04
5.750351116245331837e-04
5.904490691148274115e-04
6.059198942436139559e-04
6.214481086048015065e-04
6.370342386090377743e-04
6.526788155612021913e-04
6.683823757379020805e-04
6.841454604672100870e-04
6.999686162090308812e-04
7.158523946370590370e-04
7.317973527213293174e-04
7.478040528127488824e-04
7.638730627285593086e-04
7.800049558393585582e-04
7.962003111571191137e-04
8.124597134247803741e-04
8.287837532075497532e-04
8.451730269851708867e-04
8.616281372458940366e-04
8.781496925819825931e-04
8.947383077866654690e-04
9.113946039529213609e-04
9.281192085734187719e-04
9.449127556425281592e-04
9.617758857596910710e-04
9.787092462350327135e-04
9.957134911958926207e-04
1.012789281695842918e-03
1.029937285825394903e-03
1.047158178824624669e-03
1.064452643197159182e-03
1.081821368826835564e-03
1.099265053096318018e-03
1.116784401006863138e-03
1.134380125301735938e-03
1.152052946589985846e-03
1.169803593474075948e-03
1.187632802678299793e-03
1.205541319180593925e-03
1.223529896345831435e-03
1.241599296062633959e-03
1.259750288880671139e-03
1.277983654153121758e-03
1.296300180178927997e-03
1.314700664349962005e-03
1.333185913299192536e-03
1.351756743052690522e-03
1.370413979183757094e-03
1.389158456969939465e-03
1.407991021553872332e-03
1.426912528105461937e-03
1.445923841988713994e-03
1.465025838930713534e-03
1.484219405194268059e-03
1.503505437753577343e-03
1.522884844473308946e-03
1.542358544291118003e-03
1.561927467403760074e-03
1.581592555456451821e-03
1.601354761736636153e-03
1.621215051370401925e-03
1.641174401523821588e-03
1.661233801607490696e-03
1.681394253485503105e-03
1.701656771688182064e-03
1.722022383629933729e-03
1.742492129829450792e-03
1.763067064137308418e-03
1.783748253964901340e-03
1.804536780520312475e-03
1.825433739048413617e-03
1.846440239074658915e-03
1.867557404656053832e-03
1.888786374634750676e-03
1.910128302898870352e-03
1.931584358647878185e-03
1.953155726663082827e-03
1.974843607584583337e-03
1.996649218193984228e-03
2.018573791701215505e-03
2.040618578040948559e-03
2.062784844171306874e-03
2.085073874381832351e-03
2.107486970606454145e-03
2.130025452744101558e-03
2.152690658985319076e-03
2.175483946146584448e-03
2.198406690011760374e-03
2.221460285680596988e-03
2.244646147924985076e-03
2.267965711553630945e-03
2.291420431783851904e-03
2.315011784622052725e-03
2.338741267252586464e-03
2.362610398435177443e-03
2.386620718911458897e-03
2.410773791820542029e-03
2.435071203123553591e-03
2.459514562038415692e-03
2.484105501484382139e-03
2.508845678535852504e-03
2.533736774888231680e-03
2.558780497332957017e-03
2.583978578244089559e-03
2.609332776076630275e-03
2.634844875875955433e-03
2.660516689798768809e-03
2.686350057647429474e-03
2.712346847415782105e-03
2.738508955848653875e-03
2.764838309014450678e-03
2.791336862890935085e-03
2.818006603965974525e-03
2.844849549852000725e-03
2.871867749916105078e-03
2.899063285924288920e-03
2.926438272702690680e-03
2.953994858814553044e-03
2.981735227252919722e-03
3.009661596152755046e-03
3.037776219517721987e-03
3.066081387968451217e-03
3.094579429506075750e-03
3.123272710298215932e-03
3.152163635482173321e-03
3.181254649990612228e-03
3.210548239397082153e-03
3.240046930783199979e-03
3.269753293629019779e-03
3.299669940725677778e-03
3.329799529111580111e-03
3.360144761034346891e-03
3.390708384935809446e-03
3.421493196465494324e-03
3.452502039518245535e-03
3.483737807302284255e-03
3.515203443432548223e-03
3.546901943056820009e-03
3.578836354009501137e-03
3.611009777997732737e-03
3.643425371820157178e-03
3.676086348618063521e-03
3.708995979161960367e-03
3.742157593172334464e-03
3.775574580678766647e-03
3.809250393415077561e-03
3.843188546255414586e-03
3.877392618689031335e-03
3.911866256338105211e-03
3.946613172518056989e-03
3.981637149842493992e-03
4.016942041874404026e-03
4.052531774825107562e-03
4.088410349301995969e-03
4.124581842107854363e-03
4.161050408092610391e-03
4.197820282059302674e-03
4.234895780726986338e-03
4.272281304751985101e-03
4.309981340809496131e-03
4.348000463737346569e-03
4.386343338745550720e-03
4.425014723692036536e-03
4.464019471428568551e-03
4.503362532218319232e-03
4.543048956228335281e-03
4.583083896099239031e-03
4.623472609595414944e-03
4.664220462337662250e-03
4.705332930623055618e-03
4.746815604334001827e-03
4.788674189939602817e-03
4.830914513593362672e-03
4.873542524332151286e-03
4.916564297377332832e-03
4.959986037544576384e-03
5.003814082765203203e-03
5.048054907723972112e-03
5.092715127617826291e-03
5.137801502039933063e-03
5.183320938994116778e-03
5.229280499045112739e-03
5.275687399610032823e-03
5.322549019396469877e-03
5.369872902992813696e-03
5.417666765618655081e-03
5.465938498039172450e-03
5.514696171652506800e-03
5.563948043756945967e-03
5.613702563003178728e-03
5.663968375043070512e-03
5.714754328380466757e-03
5.766069480432908269e-03
5.817923103815190837e-03
5.870324692851499812e-03
5.923283970328504719e-03
5.976810894498051085e-03
6.030915666341713118e-03
6.085608737108226182e-03
6.140900816135774765e-03
6.196802878972026626e-03
6.253326175805407582e-03
6.310482240221718456e-03
6.368282898301257447e-03
6.426740278070188633e-03
6.485866819326610751e-03
6.545675283854164930e-03
6.606178766043841084e-03
6.667390703944323441e-03
6.729324890757872046e-03
6.791995486806748014e-03
6.855417031989616619e-03
6.919604458755291773e-03
6.984573105615768732e-03
7.050338731227033529e-03
7.116917529065775946e-03
7.184326142731716630e-03
7.252581681906435963e-03
7.321701739002666257e-03
7.391704406540392305e-03
7.462608295285406285e-03
7.534432553190618942e-03
7.607196885184047686e-03
7.680921573845414171e-03
7.755627501020025127e-03
7.831336170421910464e-03
7.908069731275634007e-03
7.985851003059239034e-03
8.064703501402401692e-03
8.144651465210230729e-03
8.225719885076717905e-03
8.307934533062933530e-03
8.391321993916839653e-03
8.475909697818174993e-03
8.561725954735978708e-03
8.648799990493435952e-03
8.737161984640130080e-03
8.826843110241110527e-03
8.917875575694384979e-03
9.010292668703291999e-03
9.104128802532524337e-03
9.199419564691634077e-03
9.296201768192610682e-03
9.394513505549113158e-03
9.494394205686101582e-03
9.595884693949242525e-03
9.699027255413567722e-03
9.803865701706861169e-03
9.910445441578662890e-03
1.001881355546756745e-02
1.012901887432974060e-02
1.024111206302581387e-02
1.035514570857225258e-02
1.047117441359859610e-02
1.058925489537402946e-02
1.070944609079817894e-02
1.083180926778305048e-02
1.095640814348778844e-02
1.108330900990879206e-02
1.121258086736885012e-02
1.134429556649458812e-02
1.147852795932724317e-02
1.161535606026125461e-02
1.175486121757597646e-02
1.189712829638476729e-02
1.204224587391049608e-02
1.219030644807087699e-02
1.234140666045775714e-02
1.249564753488914201e-02
1.265313473282913409e-02
1.281397882709722942e-02
1.297829559542348216e-02
1.314620633556455587e-02
1.331783820386753248e-02
1.349332457935452367e-02
1.367280545562466441e-02
1.385642786310242562e-02
1.404434632443255643e-02
1.423672334612012536e-02
1.443372994985626587e-02
1.463554624734381832e-02
1.484236206287173690e-02
1.505437760836139324e-02
1.527180421616252878e-02
1.549486513548585867e-02
1.572379639906408208e-02
1.595884776742942379e-02
1.620028375909380799e-02
1.644838477596264475e-02
1.670344833448337424e-02
1.696579041438279339e-02
1.723574693840218552e-02
1.751367539821980374e-02
1.779995664380257941e-02
1.809499685580756578e-02
1.839922972340088392e-02
1.871311885305286526e-02
1.903716043758024723e-02
1.937188621904680635e-02
1.971786678419257949e-02
2.007571523702423796e-02
2.044609130019010845e-02
2.082970590503334038e-02
2.122732633999820095e-02
2.163978203868904132e-02
2.206797110274399260e-02
2.251286767124525967e-02
2.297553026830389394e-02
2.345711128442926410e-02
2.395886777631982961e-02
2.448217380496511136e-02
2.502853457499501846e-02
2.559960269095453572e-02
2.619719691117299021e-02
2.682332386033100396e-02
2.748020326194558494e-02
2.817029737723276278e-02
2.889634549445696532e-02
2.966140451245507029e-02
3.046889691636360184e-02
3.132266776987482904e-02
3.222705276997346602e-02
3.318695995902862933e-02
3.420796840958808399e-02
3.529644815089112708e-02
3.645970688004523952e-02
3.770617071915315088e-02
3.904560862160676160e-02
4.048941325840094141e-02
4.205095571713485941e-02
4.374603770701444849e-02
4.559347407648579875e-02
4.761585170669953293e-02
4.984053044822562423e-02
5.230098128745422348e-02
5.503860226631056285e-02
5.810522384907391286e-02
6.156662989395650376e-02
6.550760952877093812e-02
7.003937741523014182e-02
7.531076791398833015e-02
8.152565027448221979e-02
8.897101067821977516e-02
9.806419101528451865e-02
1.094364876764755690e-01
1.240905683967000184e-01
1.437208781998945972e-01
1.714349865911953263e-01
2.136154731131363893e-01
2.857790532475822376e-01
4.380232474702820400e-01
9.725840271814489846e-01
-3.698354958672074311e+00
-6.177041794360470517e-01
-3.306191331996618521e-01
-2.224045051020534514e-01
-1.654400392309472168e-01
-1.301745786129378246e-01
-1.061048635479446833e-01
-8.855731819887831258e-02
-7.513548870411321245e-02
-6.448302396214389276e-02
-5.577391429468339656e-02
-4.847565963291535635e-02
-4.222882969714435164e-02
-3.678131066555512946e-02
-3.195028184022577489e-02
-2.759914632270247387e-02
-2.362294401497676971e-02
-1.993878090157015157e-02
-1.647932713137882990e-02
-1.318824173731395627e-02
-1.001682624056954816e-02
-6.921462130964329412e-03
-3.861533224327478794e-03
-7.976171130028870265e-04
2.310226822901092613e-03
5.504231047113512798e-03
8.830924530093382796e-03
1.234357755178136853e-02
1.610537462426561359e-02
2.019374389117438093e-02
2.470651671983791278e-02
2.977102635571188260e-02
3.555805011157514572e-02
4.230401476339217676e-02
5.034791840088757853e-02
6.019587188405434858e-02
7.264091147612461441e-02
8.900261935603023811e-02
1.116544137957252991e-01
1.453423772789553259e-01
2.011446673870419810e-01
3.123293866994567569e-01
6.456857129473665413e-01
-1.938903017628497878e+02
-6.783224181005440556e-01
-3.484178921214678981e-01
-2.379569415107283537e-01
-1.825086582676446745e-01
-1.490962793229733685e-01
-1.267144754040866184e-01
-1.106431743636715204e-01
-9.852098962095247325e-02
-8.903536577300955046e-02
-8.139836544030384924e-02
-7.510829942609051346e-02
-6.983050599220752552e-02
-6.533313910847522721e-02
-6.145046807232579233e-02
-5.806085292181330237e-02
-5.507297646581028883e-02
-5.241693392287959108e-02
-5.003829153272768004e-02
-4.789402056718825018e-02
-4.594965051467240352e-02
-4.417723515612414359e-02
-4.255387296142696535e-02
-4.106061315542836043e-02
-3.968163500824102574e-02
-3.840362387917413411e-02
-3.721529106758841854e-02
-3.610700020786120762e-02
-3.507047358916454138e-02
-3.409855912170494524e-02
-3.318504381016079696e-02
-3.232450324245361717e-02
-3.151217922378907882e-02
-3.074387959283778060e-02
-3.001589565923212799e-02
-2.932493374336193892e-02
-2.866805808090394994e-02
-2.804264294595226747e-02
-2.744633229803383062e-02
-2.687700560559002499e-02
-2.633274876768543216e-02
-2.581182926584144055e-02
-2.531267484303289378e-02
-2.483385513746567269e-02
-2.437406580266458095e-02
-2.393211472853701283e-02
-2.350691004496423611e-02
-2.309744964356486019e-02
-2.270281199723566540e-02
-2.232214809297512759e-02
-2.195467432292557905e-02
-2.159966620284573674e-02
-2.125645280726493405e-02
-2.092441182725245097e-02
-2.060296517060950308e-02
-2.029157503592422807e-02
-1.998974040167950800e-02
-1.969699387982870586e-02
-1.941289889019697998e-02
-1.913704711796292493e-02
-1.886905622147631856e-02
-1.860856776194514534e-02
-1.835524533017931018e-02
-1.810877284870948678e-02
-1.786885303029319208e-02
-1.763520597614538082e-02
-1.740756789923686432e-02
-1.718568995974172758e-02
-1.696933720122524580e-02
-1.675828757747308689e-02
-1.655233106101721557e-02
-1.635126882540250542e-02
-1.615491249412114375e-02
-1.596308344991581932e-02
-1.577561219881057006e-02
-1.559233778384742398e-02
-1.541310724401079128e-02
-1.523777511429743117e-02
-1.506620296329761258e-02
-1.489825896501651564e-02
-1.473381750199022691e-02
-1.457275879703507498e-02
-1.441496857123141830e-02
-1.426033772596594848e-02
-1.410876204706501720e-02
-1.396014192923332800e-02
-1.381438211917331363e-02
-1.367139147591718562e-02
-1.353108274702226159e-02
-1.339337235941141617e-02
-1.325818022374077379e-02
-1.312542955127581935e-02
-1.299504668234423115e-02
-1.286696092551305529e-02
-1.274110440670890056e-02
-1.261741192756172907e-02
-1.249582083232193136e-02
-1.237627088273794349e-02
-1.225870414034180289e-02
-1.214306485563622535e-02
-1.202929936370244514e-02
-1.191735598580107025e-02
-1.180718493656269727e-02
-1.169873823639807839e-02
-1.159196962878526575e-02
-1.148683450211417448e-02
-1.138328981580283110e-02
-1.128129403040236192e-02
-1.118080704144915581e-02
-1.108179011682268456e-02
-1.098420583739644768e-02
-1.088801804077683087e-02
-1.079319176794403708e-02
-1.069969321262011913e-02
-1.060748967320124941e-02
-1.051654950710049011e-02
-1.042684208736403308e-02
-1.033833776142459998e-02
-1.025100781187080271e-02
-1.016482441911798276e-02
-1.007976062587079974e-02
-9.995790303280058242e-03
-9.912888118695025938e-03
-9.831029504928083529e-03
-9.750190630946387743e-03
-9.670348373911114362e-03
-9.591480292497135338e-03
-9.513564601419373032e-03
-9.436580147104727673e-03
-9.360506384449032713e-03
-9.285323354602232834e-03
-9.211011663726419163e-03
-9.137552462683676269e-03
-9.064927427595782100e-03
-8.993118741242671008e-03
-8.922109075247514065e-03
-8.851881573019250785e-03
-8.782419833407432985e-03
-8.713707895035028086e-03
-8.645730221283693534e-03
-8.578471685888077944e-03
-8.511917559122457455e-03
-8.446053494541120102e-03
-8.380865516253079711e-03
-8.316340006701668924e-03
-8.252463694929657034e-03
-8.189223645302213389e-03
-8.126607246672733556e-03
-8.064602201966440675e-03
-8.003196518163693124e-03
-7.942378496668876103e-03
-7.882136724039602235e-03
-7.822460063073259987e-03
-7.763337644216580617e-03
-7.704758857302928220e-03
-7.646713343592815085e-03
-7.589190988102970103e-03
-7.532181912218987620e-03
-7.475676466573087132e-03
-7.419665224179089989e-03
-7.364138973812901084e-03
-7.309088713625218857e-03
-7.254505644986494403e-03
-7.200381166538611516e-03
-7.146706868459721737e-03
-7.093474526927923823e-03
-7.040676098771444201e-03
-6.988303716304413750e-03
-6.936349682338601060e-03
-6.884806465361466635e-03
-6.833666694878339290e-03
-6.782923156907789443e-03
-6.732568789627468853e-03
-6.682596679164275015e-03
-6.633000055521071255e-03
-6.583772288634879774e-03
-6.534906884567774979e-03
-6.486397481811722113e-03
-6.438237847722223448e-03
-6.390421875055890891e-03
-6.342943578621043632e-03
-6.295797092036719070e-03
-6.248976664589045091e-03
-6.202476658183868688e-03
-6.156291544398199631e-03
-6.110415901619533491e-03
-6.064844412271790282e-03
-6.019571860126016888e-03
-5.974593127694573930e-03
-5.929903193699050980e-03
-5.885497130617717981e-03
-5.841370102303322306e-03
-5.797517361670900989e-03
-5.753934248456560492e-03
-5.710616187037426301e-03
-5.667558684316230042e-03
-5.624757327668846243e-03
-5.582207782949312642e-03
-5.539905792547831533e-03
-5.497847173511564642e-03
-5.456027815711952424e-03
-5.414443680064490519e-03
-5.373090796802897605e-03
-5.331965263791290169e-03
-5.291063244894535569e-03
-5.250380968382333327e-03
-5.209914725385838587e-03
-5.169660868389381637e-03
-5.129615809766143592e-03
-5.089776020350456412e-03
-5.050138028053216023e-03
-5.010698416505629527e-03
-4.971453823747262919e-03
-4.932400940941382081e-03
-4.893536511128697072e-03
-4.854857328010126621e-03
-4.816360234760305378e-03
-4.778042122875544515e-03
-4.739899931046547693e-03
-4.701930644060239167e-03
-4.664131291732452611e-03
-4.626498947861176422e-03
-4.589030729212467338e-03
-4.551723794526110409e-03
-4.514575343546829711e-03
-4.477582616080819089e-03
-4.440742891071713938e-03
-4.404053485702530066e-03
-4.367511754515612452e-03
-4.331115088554802345e-03
-4.294860914527159901e-03
-4.258746693985867790e-03
-4.222769922528112410e-03
-4.186928129016590297e-03
-4.151218874814597420e-03
-4.115639753040221255e-03
-4.080188387835501779e-03
-4.044862433655881800e-03
-4.009659574570379609e-03
-3.974577523580172245e-03
-3.939614021950584716e-03
-3.904766838559503572e-03
-3.870033769257114759e-03
-3.835412636239737827e-03
-3.800901287439692466e-03
-3.766497595923415376e-03
-3.732199459304620659e-03
-3.698004799170158396e-03
-3.663911560515376031e-03
-3.629917711192469365e-03
-3.596021241367597376e-03
-3.562220162992027483e-03
-3.528512509281545029e-03
-3.494896334205313537e-03
-3.461369711984102482e-03
-3.427930736602191608e-03
-3.394577521324215752e-03
-3.361308198215395837e-03
-3.328120917692745095e-03
-3.295013848050740157e-03
-3.261985175024920136e-03
-3.229033101346888424e-03
-3.196155846313046556e-03
-3.163351645358927766e-03
-3.130618749640372289e-03
-3.097955425623407505e-03
-3.065359954677725901e-03
-3.032830632681816907e-03
-3.000365769626974627e-03
-2.967963689235582347e-03
-2.935622728577114149e-03
-2.903341237698893809e-03
-2.871117579251356369e-03
-2.838950128130320397e-03
-2.806837271115740495e-03
-2.774777406519225373e-03
-2.742768943834010542e-03
-2.710810303393014833e-03
-2.678899916030312578e-03
-2.647036222741795675e-03
-2.615217674358736796e-03
-2.583442731217023593e-03
-2.551709862836734448e-03
-2.520017547602385576e-03
-2.488364272443483426e-03
-2.456748532526841118e-03
-2.425168830943242280e-03
-2.393623678402981032e-03
-2.362111592932246342e-03
-2.330631099571750259e-03
-2.299180730079754958e-03
-2.267759022636476728e-03
-2.236364521552369235e-03
-2.204995776974160750e-03
-2.173651344599774899e-03
-2.142329785391039205e-03
-2.111029665288283175e-03
-2.079749554928193335e-03
-2.048488029363810213e-03
-2.017243667782536894e-03
-1.986015053231004069e-03
-1.954800772336531996e-03
-1.923599415031470358e-03
-1.892409574279657961e-03
-1.861229845802625906e-03
-1.830058827806299929e-03
-1.798895120710490656e-03
-1.767737326874544920e-03
-1.736584050330141314e-03
-1.705433896508587541e-03
-1.674285471970189676e-03
-1.643137384136187512e-03
-1.611988241017348403e-03
-1.580836650942185964e-03
-1.549681222290612802e-03
-1.518520563219717158e-03
-1.487353281393486056e-03
-1.456177983712265631e-03
-1.424993276039161413e-03
-1.393797762928189812e-03
-1.362590047346916647e-03
-1.331368730406842088e-03
-1.300132411081816874e-03
-1.268879685933539669e-03
-1.237609148832473013e-03
-1.206319390675853614e-03
-1.175008999107031438e-03
-1.143676558230846685e-03
-1.112320648328630340e-03
-1.080939845568906071e-03
-1.049532721719828587e-03
-1.018097843854134932e-03
-9.866337740564723457e-04
-9.551390691250258302e-04
-9.236122802729410108e-04
-8.920519528222564665e-04
-8.604566259024781782e-04
-8.288248321385860429e-04
-7.971550973374652571e-04
-7.654459401773561211e-04
-7.336958718824615477e-04
-7.019033959026754754e-04
-6.700670075874548548e-04
-6.381851938522253853e-04
-6.062564328434827399e-04
-5.742791936016664045e-04
-5.422519357112381977e-04
-5.101731089560135324e-04
-4.780411529621622635e-04
-4.458544968402589070e-04
-4.136115588190061865e-04
-3.813107458752601486e-04
-3.489504533575084333e-04
-3.165290646041790668e-04
-2.840449505537197272e-04
-2.514964693525433004e-04
-2.188819659480374658e-04
-1.861997716864211005e-04
-1.534482038917026059e-04
-1.206255654456825366e-04
-8.773014435786534448e-05
-5.476021332320377133e-05
-2.171402927893077706e-05
1.141016705306398260e-05
4.461415162772958132e-05
7.789971755252193819e-05
1.112686755683958001e-04
1.447228545403324990e-04
1.782641019627499018e-04
2.118942844671362763e-04
2.456152883488372379e-04
2.794290200997875950e-04
3.133374069507841725e-04
3.473423974324797714e-04
3.814459619415327268e-04
4.156500933236266515e-04
4.499568074653407385e-04
4.843681439066650080e-04
5.188861664552242570e-04
5.535129638286947346e-04
5.882506503020823799e-04
6.231013663715815470e-04
6.580672794407231921e-04
6.931505845134697599e-04
7.283535049081094059e-04
7.636782929932436556e-04
7.991272309327166964e-04
8.347026314541212966e-04
8.704068386379062994e-04
9.062422287212466149e-04
9.422112109270328745e-04
9.783162283100851550e-04
1.014559758628989436e-03
1.050944315237053311e-03
1.087472447997581658e-03
1.124146744224822740e-03
1.160969829649062535e-03
1.197944369401973685e-03
1.235073069041968050e-03
1.272358675591593428e-03
1.309803978613840146e-03
1.347411811313341777e-03
1.385185051670875626e-03
1.423126623605937974e-03
1.461239498177395631e-03
1.499526694809517804e-03
1.537991282563952542e-03
1.576636381438139070e-03
1.615465163706706134e-03
1.654480855303288103e-03
1.693686737236149535e-03
1.733086147049955113e-03
1.772682480333959924e-03
1.812479192269049293e-03
1.852479799222320894e-03
1.892687880397410025e-03
1.933107079521510785e-03
1.973741106599891451e-03
2.014593739710337974e-03
2.055668826864448084e-03
2.096970287916768202e-03
2.138502116546008545e-03
2.180268382290265813e-03
2.222273232646405049e-03
2.264520895244581493e-03
2.307015680087981524e-03
2.349761981863725431e-03
2.392764282334571002e-03
2.436027152804316840e-03
2.479555256669683377e-03
2.523353352052325541e-03
2.567426294527851149e-03
2.611779039933895871e-03
2.656416647288546533e-03
2.701344281799114046e-03
2.746567217976109056e-03
2.792090842860503724e-03
2.837920659356993770e-03
2.884062289692174499e-03
2.930521478986725017e-03
2.977304098965736275e-03
3.024416151789267176e-03
3.071863774034094396e-03
3.119653240813307239e-03
3.167790970050078213e-03
3.216283526906426379e-03
3.265137628380264043e-03
3.314360148073027933e-03
3.363958121133003160e-03
3.413938749397816413e-03
3.464309406719199604e-03
3.515077644503782940e-03
3.566251197463141641e-03
3.617837989592244570e-03
3.669846140379477619e-03
3.722283971265738685e-03
3.775160012358910397e-03
3.828483009422075679e-03
3.882261931139683285e-03
3.936505976686563088e-03
3.991224583600573063e-03
4.046427435988595063e-03
4.102124473071830368e-03
4.158325898089398898e-03
4.215042187580756057e-03
4.272284101064151296e-03
4.330062691132525315e-03
4.388389313984978127e-03
4.447275640419962386e-03
4.506733667314604362e-03
4.566775729607355783e-03
4.627414512828966625e-03
4.688663066181788380e-03
4.750534816231394807e-03
4.813043581213476141e-03
4.876203586009824828e-03
4.940029477817885380e-03
5.004536342558990256e-03
5.069739722067458099e-03
5.135655632091907716e-03
5.202300581178790836e-03
5.269691590461023784e-03
5.337846214426157643e-03
5.406782562711303503e-03
5.476519322980311771e-03
5.547075784962940403e-03
5.618471865708418028e-03
5.690728136139397431e-03
5.763865848978557554e-03
5.837906968132126895e-03
5.912874199630395802e-03
5.988791024205200597e-03
6.065681731628138132e-03
6.143571456903935274e-03
6.222486218453426518e-03
6.302452958401342717e-03
6.383499585123963982e-03
6.465655018186643871e-03
6.548949235854068136e-03
6.633413325324405765e-03
6.719079535893402767e-03
6.805981335239702328e-03
6.894153469049707147e-03
6.983632024224102793e-03
7.074454495916859646e-03
7.166659858682518022e-03
7.260288642030847048e-03
7.355383010720768083e-03
7.451986850133372406e-03
7.550145857123749873e-03
7.649907636747180217e-03
7.751321805337278020e-03
7.854440100407181560e-03
7.959316497930737574e-03
8.066007337581409045e-03
8.174571456573149347e-03
8.285070332812886906e-03
8.397568238121017048e-03
8.512132402381546864e-03
8.628833189528388459e-03
8.747744286400949837e-03
8.868942905579985450e-03
8.992510003435146698e-03
9.118530514743048224e-03
9.247093605377716338e-03
9.378292944726602381e-03
9.512226999662273461e-03
9.648999352112554509e-03
9.788719042465927889e-03
9.931500941332445376e-03
1.007746615243484620e-02
1.022674244974618694e-02
1.037946475232742055e-02
1.053577564075176137e-02
1.069582591944255937e-02
1.085977522979847745e-02
1.102779271956060361e-02
1.120005777458689747e-02
1.137676081994214335e-02
1.155810419815572060e-02
1.174430313350295976e-02
1.193558679234237030e-02
1.213219945094040977e-02
1.233440178376565485e-02
1.254247228708907369e-02
1.275670885484240027e-02
1.297743052616139557e-02
1.320497942696251953e-02
1.343972293125236285e-02
1.368205607188864754e-02
1.393240423516510333e-02
1.419122617917087728e-02
1.445901742238893221e-02
1.473631405686457070e-02
1.502369704953186898e-02
1.532179710646677448e-02
1.563130018824360201e-02
1.595295378070373318e-02
1.628757404507325326e-02
1.663605399514725414e-02
1.699937287839781846e-02
1.737860697356385237e-02
1.777494206132731666e-02
1.818968787931082853e-02
1.862429494065319380e-02
1.908037418066906021e-02
1.955972000354134002e-02
2.006433743726295307e-02
2.059647427888758320e-02
2.115865933564144846e-02
2.175374815668308995e-02
2.238497802756312174e-02
2.305603449555953741e-02
2.377113235216652895e-02
2.453511488001552596e-02
2.535357636262574807e-02
2.623301448289943119e-02
2.718102148522727815e-02
2.820652612204908871e-02
2.932010286440089181e-02
3.053437126592395412e-02
3.186451772805511812e-02
3.332898580877260292e-02
3.495040223078748481e-02
3.675683817468047149e-02
3.878355662217355948e-02
4.107547931679977199e-02
4.369074464387946721e-02
4.670596411352270771e-02
5.022420545007468679e-02
5.438750863223087290e-02
5.939725185254054324e-02
6.554878213965646683e-02
7.329350803713730045e-02
8.335773126888876283e-02
9.698957357681453617e-02
1.165303752337399912e-01
1.469474881618971218e-01
2.009510755975148777e-01
3.237148385137583184e-01
8.796293381960139657e-01
-1.125760883260535028e+00
-3.338664680449806021e-01
-1.925167345383729800e-01
-1.333697852903705239e-01
-1.008020275908094177e-01
-8.013475731178101857e-02
-6.581470730796183666e-02
-5.527633406767450130e-02
-4.717053515010954240e-02
-4.071989990860759578e-02
-3.544471624902233858e-02
-3.103275140829381273e-02
-2.727186480870234103e-02
-2.401271233138934508e-02
-2.114694765473755511e-02
-1.859389090954830653e-02
-1.629205672852180112e-02
-1.419358907158590685e-02
-1.226049727321736060e-02
-1.046204245254557172e-02
-8.772877744254689233e-03
-7.171693199514682371e-03
-5.640204289243663099e-03
-4.162376965802171494e-03
-2.723816063301191977e-03
-1.311265274563441687e-03
8.781943656710456368e-05
1.485652696545945554e-03
2.894483791442344599e-03
4.326964940952411458e-03
5.796547356918066267e-03
7.317931882108906494e-03
8.907607424639987781e-03
1.058452120159092055e-02
1.237094207414179622e-02
1.429360560081903778e-02
1.638527308975514310e-02
1.868690788445578899e-02
2.125079027990289110e-02
2.414509512562349955e-02
2.746081592282124950e-02
3.132258381406161779e-02
3.590621587279960170e-02
4.146845473598927828e-02
4.840008971868808157e-02
5.732715604462820802e-02
6.932001510880758666e-02
8.637349883687037155e-02
1.126811521514632097e-01
1.588189242545481883e-01
2.613498559891650475e-01
6.897978840377022580e-01
-1.182764611389779841e+00
-3.257657813978117600e-01
-1.911329582951387385e-01
-1.362374388019254590e-01
-1.063711312438101048e-01
-8.755985128393872774e-02
-7.460119669390002928e-02
-6.511533965485680198e-02
-5.785935627601752201e-02
-5.212070530232853355e-02
-4.746155972566458436e-02
-4.359802895575604076e-02
-4.033795268093721964e-02
-3.754660572989765993e-02
-3.512671989065768718e-02
-3.300630324531555332e-02
-3.113092318886470644e-02
-2.945865454563982577e-02
-2.795667737155629884e-02
-2.659892835565936392e-02
-2.536444381112558377e-02
-2.423616775140138846e-02
-2.320007954084309792e-02
-2.224454541478685515e-02
-2.135982957758706530e-02
-2.053772085802515329e-02
-1.977124425453197915e-02
-1.905443566531974178e-02
-1.838216421812876450e-02
-1.774999085889217981e-02
-1.715405484539733044e-02
-1.659098192205821914e-02
-1.605780948976445743e-02
-1.555192520790158600e-02
-1.507101629472445969e-02
-1.461302741042825454e-02
-1.417612547241099696e-02
-1.375867010551784508e-02
-1.335918870027303501e-02
-1.297635526083449481e-02
-1.260897238633237015e-02
-1.225595585622205400e-02
-1.191632139006629926e-02
-1.158917323143040558e-02
-1.127369426860796303e-02
-1.096913745557324960e-02
-1.067481833728401233e-02
-1.039010851655291709e-02
-1.011442992654079664e-02
-9.847249794984419199e-03
-9.588076204285214676e-03
-9.336454166543075445e-03
-9.091962144893363240e-03
-8.854208962866080834e-03
-8.622831051956561521e-03
-8.397489994833390314e-03
-8.177870327633533429e-03
-7.963677569860995800e-03
-7.754636454718541114e-03
-7.550489336364105478e-03
-7.350994753669961093e-03
-7.155926132745096119e-03
-6.965070612705953970e-03
-6.778227981195185381e-03
-6.595209707743892452e-03
-6.415838064614390324e-03
-6.239945325899073567e-03
-6.067373036841428383e-03
-5.897971346234088391e-03
-5.731598395536899315e-03
-5.568119759164708374e-03
-5.407407930919842440e-03
-5.249341852166888520e-03
-5.093806477775915387e-03
-4.940692376329079011e-03
-4.789895361407502626e-03
-4.641316151151951563e-03
-4.494860053550740059e-03
-4.350436675165904148e-03
-4.207959651267993359e-03
-4.067346395502068057e-03
-3.928517867428760191e-03
-3.791398356447611955e-03
-3.655915280697044634e-03
-3.521998999741537528e-03
-3.389582639867896006e-03
-3.258601931043932348e-03
-3.128995054527164334e-03
-3.000702500351727121e-03
-2.873666933880989448e-03
-2.747833070734890040e-03
-2.623147559448183678e-03
-2.499558871283608444e-03
-2.377017196636151304e-03
-2.255474347559221354e-03
-2.134883665949038282e-03
-2.015199936966488407e-03
-1.896379307320734085e-03
-1.778379208065046166e-03
-1.661158281559746257e-03
-1.544676312332284637e-03
-1.428894161522737891e-03
-1.313773704694013496e-03
-1.199277772727135646e-03
-1.085370095629206808e-03
-9.720152490030752220e-04
-8.591786030222548984e-04
-7.468262737114600945e-04
-6.349250763878731829e-04
-5.234424810858489402e-04
-4.123465698433956272e-04
-3.016059956977737259e-04
-1.911899432840602660e-04
-8.106809088351870501e-05
2.878942613763774833e-05
1.384120506649410762e-04
2.478288379895790539e-04
3.570684889151415440e-04
4.661593818882680314e-04
5.751296042347424971e-04
6.840069825947466941e-04
7.928191126104155127e-04
9.015933879792038981e-04
1.010357028888066123e-03
1.119137109945729687e-03
1.227960587665334526e-03
1.336854327525057156e-03
1.445845130724037570e-03
1.554959760654951208e-03
1.664224969163807539e-03
1.773667522649092446e-03
1.883314228071665368e-03
1.993191958904547839e-03
2.103327681093608917e-03
2.213748479109424201e-03
2.324481582073754417e-03
2.435554390099142590e-03
2.546994500834822740e-03
2.658829736312992055e-03
2.771088170121540229e-03
2.883798154981802482e-03
2.996988350795797701e-03
3.110687753181553585e-03
3.224925722627334720e-03
3.339732014241987134e-03
3.455136808253780022e-03
3.571170741252127200e-03
3.687864938299604579e-03
