-1.069206534378556008e-03
-1.054949359050699450e-03
-1.040452409152744541e-03
-1.025707443326191563e-03
-1.010705818720573738e-03
-9.954384661097445165e-04
-9.798958631326891780e-04
-9.640680054919746047e-04
-9.479443759254960709e-04
-9.315139107480954533e-04
-9.147649637380395526e-04
-8.976852671191619219e-04
-8.802618893625435920e-04
-8.624811895009917330e-04
-8.443287676154664001e-04
-8.257894111138085278e-04
-8.068470363787001503e-04
-7.874846253122688407e-04
-7.676841562488733546e-04
-7.474265286441955126e-04
-7.266914808764704916e-04
-7.054575004135825791e-04
-6.837017255056633503e-04
-6.613998374557176346e-04
-6.385259423974792023e-04
-6.150524413685887508e-04
-5.909498873042418098e-04
-5.661868273890336865e-04
-5.407296289876234799e-04
-5.145422871231753814e-04
-4.875862111806855996e-04
-4.598199881715578016e-04
-4.311991194985234383e-04
-4.016757276941784532e-04
-3.711982290600286411e-04
-3.397109674885010009e-04
-3.071538039898724041e-04
-2.734616555441255099e-04
-2.385639758255080848e-04
-2.023841690682378226e-04
-1.648389268099864462e-04
-1.258374754087071470e-04
-8.528072000744415203e-05
-4.306026793166463189e-05
9.426887689211078947e-07
4.685865591919861212e-05
9.483131414988088710e-05
1.450192254026018857e-04
1.975978117487470903e-04
2.527616586038736960e-04
3.107272061233120036e-04
3.717359073127075950e-04
4.360579500858501652e-04
5.039966643625784504e-04
5.758937659563385675e-04
6.521356286736564034e-04
7.331608277838473891e-04
8.194692660334649756e-04
9.116332835754474301e-04
1.010311273895822537e-03
1.116264490971571833e-03
1.230377955733761609e-03
1.353686677731129892e-03
1.487408838295564868e-03
1.632988191251499811e-03
1.792148813344311307e-03
1.966966615001633500e-03
2.159963919079850407e-03
2.374236282362360111e-03
2.613625156150791579e-03
2.882956954772919900e-03
3.188380371419280088e-03
3.537852509786391236e-03
3.941856506974878403e-03
4.414490340640766543e-03
4.975171942076478046e-03
5.651410004962732422e-03
6.483507916498305532e-03
7.532981318363075711e-03
8.898627995820440964e-03
1.074981550513406069e-02
1.340318744542954264e-02
1.752721351697498348e-02
2.481877817547580370e-02
4.121697673993443556e-02
1.122548725791574498e-01
-1.718651034959328416e-01
-5.009032266784657628e-02
-2.978920395502995810e-02
-2.142614386479889735e-02
-1.686154197265646304e-02
-1.398513141381384738e-02
-1.200556203887004868e-02
-1.055924047028284664e-02
-9.455712975637473386e-03
-8.585569911162157369e-03
-7.881482217054751327e-03
-7.299745020525753685e-03
-6.810751753492444958e-03
-6.393733590702684218e-03
-6.033690788635415192e-03
-5.719519606642735343e-03
-5.442824500840164233e-03
-5.197139906306186274e-03
-4.977405785951396697e-03
-4.779605380764294364e-03
-4.600509504098240603e-03
-4.437492529145306043e-03
-4.288397665475561157e-03
-4.151436780050039854e-03
-4.025114852407119491e-03
-3.908172275076972173e-03
-3.799540267534802160e-03
-3.698306053518564309e-03
-3.603685395248211031e-03
-3.515000732902955234e-03
-3.431663638672312246e-03
-3.353160623533105785e-03
-3.279041572397960094e-03
-3.208910256779104637e-03
-3.142416502216976645e-03
-3.079249683260515489e-03
-3.019133290700394545e-03
-2.961820370366260655e-03
-2.907089674609072884e-03
-2.854742399849243516e-03
-2.804599408644522368e-03
-2.756498854353948286e-03
-2.710294141931536213e-03
-2.665852170635038890e-03
-2.623051814203824529e-03
-2.581782601891584664e-03
-2.541943570052436312e-03
-2.503442259093114405e-03
-2.466193834767379557e-03
-2.430120316192981543e-03
-2.395149895768779093e-03
-2.361216338476333516e-03
-2.328258449960949727e-03
-2.296219604376485441e-03
-2.265047324303174660e-03
-2.234692906159329358e-03
-2.205111085460016284e-03
-2.176259737063603993e-03
-2.148099606212184286e-03
-2.120594066737006497e-03
-2.093708903280560273e-03
-2.067412114797333774e-03
-2.041673736945960344e-03
-2.016465681287073035e-03
-1.991761589460096498e-03
-1.967536700735593880e-03
-1.943767731533109586e-03
-1.920432765661762202e-03
-1.897511154186172239e-03
-1.874983423946752258e-03
-1.852831193873966239e-03
-1.831037098332169433e-03
-1.809584716813497814e-03
-1.788458509376072069e-03
-1.767643757286112673e-03
-1.747126508380671215e-03
-1.726893526718435538e-03
-1.706932246130834661e-03
-1.687230727325091280e-03
-1.667777618225975899e-03
-1.648562117274376959e-03
-1.629573939428132553e-03
-1.610803284635843602e-03
-1.592240808575645216e-03
-1.573877595471438653e-03
-1.555705132815920913e-03
-1.537715287846049559e-03
-1.519900285630474595e-03
-1.502252688641299728e-03
-1.484765377693698452e-03
-1.467431534147758520e-03
-1.450244623275422648e-03
-1.433198378704559793e-03
-1.416286787859114861e-03
-1.399504078321554303e-03
-1.382844705049901318e-03
-1.366303338387125530e-03
-1.349874852805905794e-03
-1.333554316336522981e-03
-1.317336980629606495e-03
-1.301218271609250535e-03
-1.285193780676160448e-03
-1.269259256422465738e-03
-1.253410596824206099e-03
-1.237643841878937733e-03
-1.221955166658917832e-03
-1.206340874752557038e-03
-1.190797392068707527e-03
-1.175321260980268217e-03
-1.159909134785400055e-03
-1.144557772465909853e-03
-1.129264033724475735e-03
-1.114024874282840052e-03
-1.098837341425056490e-03
-1.083698569770541855e-03
-1.068605777263202401e-03
-1.053556261363098245e-03
-1.038547395429010190e-03
-1.023576625280117180e-03
-1.008641465926452376e-03
-9.937394984581573391e-04
-9.788683670842726267e-04
-9.640257763124121136e-04
-9.492094882614098309e-04
-9.344173200991235263e-04
-9.196471415984074776e-04
-9.048968728048029098e-04
-8.901644818093948277e-04
-8.754479826211590369e-04
-8.607454331335535457e-04
-8.460549331795969106e-04
-8.313746226713954147e-04
-8.167026798188265456e-04
-8.020373194236382749e-04
-7.873767912446206097e-04
-7.727193784303887500e-04
-7.580633960155584630e-04
-7.434071894780821697e-04
-7.287491333531367996e-04
-7.140876299019192214e-04
-6.994211078316065833e-04
-6.847480210641924882e-04
-6.700668475517227926e-04
-6.553760881353311134e-04
-6.406742654459587644e-04
-6.259599228446539269e-04
-6.112316234003559168e-04
-5.964879489032046383e-04
-5.817274989117001294e-04
-5.669488898319221832e-04
-5.521507540272117126e-04
-5.373317389564631272e-04
-5.224905063403188690e-04
-5.076257313528448681e-04
-4.927361018382103025e-04
-4.778203175506705487e-04
-4.628770894167576287e-04
-4.479051388185015768e-04
-4.329031968966533857e-04
-4.178700038727704673e-04
-4.028043083893167835e-04
-3.877048668665494628e-04
-3.725704428757198403e-04
-3.573998065271981068e-04
-3.421917338731149914e-04
-3.269450063235113026e-04
-3.116584100753545632e-04
-2.963307355533580534e-04
-2.809607768625784104e-04
-2.655473312512821385e-04
-2.500891985840938275e-04
-2.345851808245183814e-04
-2.190340815260971834e-04
-2.034347053320568165e-04
-1.877858574823919411e-04
-1.720863433281325308e-04
-1.563349678523327270e-04
-1.405305351969529833e-04
-1.246718481954429449e-04
-1.087577079104387265e-04
-9.278691317623783547e-05
-7.675826014512387996e-05
-6.067054183794481914e-05
-4.452254769761552350e-05
-2.831306314594536633e-05
-1.204086914247592607e-05
4.295258253942182969e-06
2.069654832241845516e-05
3.716423611551137804e-05
5.369956289398699831e-05
7.030377656089183830e-05
8.697813209534652201e-05
1.037238919865879003e-04
1.205423266682167406e-04
1.374347149538080425e-04
1.544023444728578887e-04
1.714465121092287325e-04
1.885685244406303147e-04
2.057696981807581767e-04
2.230513606238351994e-04
2.404148500922678386e-04
2.578615163869282974e-04
2.753927212417826148e-04
2.930098387818620004e-04
3.107142559857362096e-04
3.285073731525626865e-04
3.463906043738376739e-04
3.643653780108953300e-04
3.824331371776257607e-04
4.005953402293556571e-04
4.188534612581573842e-04
4.372089905946667521e-04
4.556634353173223684e-04
4.742183197686462327e-04
4.928751860797109252e-04
5.116355947026780294e-04
5.305011249520565769e-04
5.494733755547578403e-04
5.685539652100306783e-04
5.877445331585766028e-04
6.070467397627193722e-04
6.264622670965826375e-04
6.459928195479357725e-04
6.656401244313873977e-04
6.854059326135992364e-04
7.052920191514631260e-04
7.253001839427316091e-04
7.454322523908424661e-04
7.656900760831687053e-04
7.860755334845133044e-04
8.065905306453274165e-04
8.272370019256868046e-04
8.480169107359641217e-04
8.689322502938327461e-04
8.899850443991443386e-04
9.111773482270114563e-04
9.325112491395375763e-04
9.539888675169144391e-04
9.756123576092111740e-04
9.973839084085117310e-04
1.019305744543033861e-03
1.041380127193687610e-03
1.063609355033651865e-03
1.085995765192323756e-03
1.108541734243823074e-03
1.131249679221708361e-03
1.154122058659989673e-03
1.177161373662174472e-03
1.200370168998718748e-03
1.223751034234256407e-03
1.247306604885538468e-03
1.271039563611253871e-03
1.294952641434705086e-03
1.319048619000600525e-03
1.343330327867575322e-03
1.367800651836803896e-03
1.392462528318970730e-03
1.417318949740554307e-03
1.442372964990638537e-03
1.467627680910259594e-03
1.493086263825332480e-03
1.518751941125093263e-03
1.544628002887559262e-03
1.570717803553811284e-03
1.597024763652853466e-03
1.623552371578998801e-03
1.650304185423598358e-03
1.677283834863423084e-03
1.704495023107498869e-03
1.731941528904875488e-03
1.759627208615416327e-03
1.787555998346221364e-03
1.815731916156061720e-03
1.844159064330438275e-03
1.872841631730098877e-03
1.901783896215716863e-03
1.930990227151714589e-03
1.960465087992871447e-03
1.990213038955766789e-03
2.020238739779675607e-03
2.050546952579945792e-03
2.081142544797187632e-03
2.112030492247396474e-03
2.143215882273563633e-03
2.174703917011466814e-03
2.206499916760695790e-03
2.238609323478316093e-03
2.271037704393373546e-03
2.303790755747978092e-03
2.336874306672460933e-03
2.370294323197109920e-03
2.404056912409510693e-03
2.438168326761129545e-03
2.472634968530684069e-03
2.507463394451261290e-03
2.542660320507383193e-03
2.578232626910356706e-03
2.614187363258805435e-03
2.650531753893473064e-03
2.687273203454191434e-03
2.724419302648495300e-03
2.761977834240588597e-03
2.799956779272534668e-03
2.838364323525263341e-03
2.877208864233406216e-03
2.916499017063516747e-03
2.956243623368758414e-03
2.996451757733224058e-03
3.037132735818678236e-03
3.078296122528544065e-03
3.119951740504450441e-03
3.162109678970737893e-03
3.204780302943882608e-03
3.247974262825113062e-03
3.291702504393947265e-03
3.335976279223360624e-03
3.380807155536883282e-03
3.426207029530279821e-03
3.472188137180402638e-03
3.518763066566797486e-03
3.565944770731565953e-03
3.613746581105580467e-03
3.662182221529869039e-03
3.711265822904247398e-03
3.761011938494949591e-03
3.811435559937020531e-03
3.862552133968377190e-03
3.914377579934404452e-03
3.966928308106004025e-03
4.020221238854147436e-03
4.074273822729207462e-03
4.129104061494281649e-03
4.184730530167145648e-03
4.241172400126528783e-03
4.298449463343697804e-03
4.356582157804167639e-03
4.415591594187407570e-03
4.475499583879007613e-03
4.536328668392411792e-03
4.598102150284930946e-03
4.660844125656285648e-03
4.724579518325416894e-03
4.789334115788078036e-03
4.855134607063400949e-03
4.922008622547850362e-03
4.989984775999390873e-03
5.059092708789389436e-03
5.129363136563005326e-03
5.200827898464720038e-03
5.273520009094283777e-03
5.347473713371598929e-03
5.422724544502351487e-03
5.499309385250231857e-03
5.577266532739225992e-03
5.656635767024666139e-03
5.737458423691031879e-03
5.819777470755984478e-03
5.903637590181238723e-03
5.989085264315196361e-03
6.076168867619787493e-03
6.164938764061462552e-03
6.255447410579140916e-03
6.347749467076262836e-03
6.441901913421761716e-03
6.537964173986566749e-03
6.635998250288487575e-03
6.736068862367483416e-03
6.838243599569969119e-03
6.942593081480192760e-03
7.049191129805098752e-03
7.158114952091764946e-03
7.269445338239624924e-03
7.383266870858268618e-03
7.499668150623765329e-03
7.618742037894452729e-03
7.740585911973877839e-03
7.865301949540689022e-03
7.992997423920769964e-03
8.123785027044808787e-03
8.257783216122631387e-03
8.395116587277111700e-03
8.535916278615484146e-03
8.680320405481247586e-03
8.828474530921783317e-03
8.980532174744497789e-03
9.136655364902979831e-03
9.297015235378977213e-03
9.461792675198300168e-03
9.631179033757954894e-03
9.805376888247094996e-03
9.984600879635431928e-03
1.016907862448336933e-02
1.035905171072101436e-02
1.055477678655785886e-02
1.075652675284591471e-02
1.096459207054701138e-02
1.117928219648147911e-02
1.140092716228385990e-02
1.162987931351485218e-02
1.186651522820501500e-02
1.211123783680884657e-02
1.236447876867503674e-02
1.262670095378369030e-02
1.289840151274467862e-02
1.318011497302192664e-02
1.347241685516772230e-02
1.377592767970060514e-02
1.409131745333748464e-02
1.441931070284549130e-02
1.476069213611819544e-02
1.511631302359160711e-02
1.548709840925080461e-02
1.587405527983478185e-02
1.627828184415372817e-02
1.670097810258846724e-02
1.714345792102280747e-02
1.760716286510212100e-02
1.809367810170158311e-02
1.860475073718401151e-02
1.914231103952720656e-02
1.970849708766168884e-02
2.030568351159456331e-02
2.093651513790288632e-02
2.160394654599095271e-02
2.231128878310223787e-02
2.306226479659504586e-02
2.386107554219553742e-02
2.471247924661585174e-02
2.562188698301242837e-02
2.659547861526942447e-02
2.764034436206653372e-02
2.876465883789531414e-02
2.997789660909342541e-02
3.129110129651081762e-02
3.271722441360347400e-02
3.427155597479644711e-02
3.597227724230092627e-02
3.784117803433741795e-02
3.990459873691985099e-02
4.219468366522842462e-02
4.475107283045258455e-02
4.762322209241055815e-02
5.087364197501910434e-02
5.458250949587872131e-02
5.885438370006294134e-02
6.382823656426239722e-02
6.969288002505538704e-02
7.671150933006880279e-02
8.526233431606762558e-02
9.590911061091469958e-02
1.095308292760256985e-01
1.275778618985293211e-01
1.526263271106312880e-01
1.897332842577042211e-01
2.503704205995768151e-01
3.673178601776929120e-01
6.870320767864575018e-01
5.173556743416210857e+00
-9.395101383960723362e-01
-4.314856780674218850e-01
-2.803977765428359858e-01
-2.078642576766808192e-01
-1.652601408335496735e-01
-1.372279401753484229e-01
-1.173825696044411282e-01
-1.025939224487917023e-01
-9.114718193463983154e-02
-8.202414787262438112e-02
-7.458211294893767052e-02
-6.839538071242061423e-02
-6.317080284385312439e-02
-5.869991590660700309e-02
-5.483042128361965278e-02
-5.144846370628024940e-02
-4.846722139340479268e-02
-4.581933217998870184e-02
-4.345173086914544403e-02
-4.132204735381979355e-02
-3.939604142199621545e-02
-3.764574207460505417e-02
-3.604807549903921160e-02
-3.458383825656445587e-02
-3.323691842675556563e-02
-3.199369755494705508e-02
-3.084258625991054270e-02
-2.977365990255635697e-02
-2.877837003451626588e-02
-2.784931385372308929e-02
-2.698004850347342568e-02
-2.616494035819278210e-02
-2.539904183980842833e-02
-2.467799007096705202e-02
-2.399792297849615008e-02
-2.335540943947878728e-02
-2.274739080216885839e-02
-2.217113167788253153e-02
-2.162417833327488423e-02
-2.110432334781075364e-02
-2.060957546274015673e-02
-2.013813375316159116e-02
-1.968836541688792977e-02
-1.925878660270475065e-02
-1.884804580360609216e-02
-1.845490942338057216e-02
-1.807824919179633338e-02
-1.771703115793259870e-02
-1.737030603550057672e-02
-1.703720071029195954e-02
-1.671691074976600078e-02
-1.640869377947364732e-02
-1.611186361149671495e-02
-1.582578502714181504e-02
-1.554986913038739448e-02
-1.528356920054323859e-02
-1.502637698265036140e-02
-1.477781936265037954e-02
-1.453745538155465714e-02
-1.430487354896188903e-02
-1.407968942148671992e-02
-1.386154341611337687e-02
-1.365009883231158364e-02
-1.344504006002370661e-02
-1.324607095345928069e-02
-1.305291335307086527e-02
-1.286530574019482606e-02
-1.268300201066708578e-02
-1.250577035531955788e-02
-1.233339223664377260e-02
-1.216566145212123230e-02
-1.200238327577638972e-02
-1.184337367043425404e-02
-1.168845856398243420e-02
-1.153747318364996971e-02
-1.139026144295023600e-02
-1.124667537648856019e-02
-1.110657461833193180e-02
-1.096982592007417906e-02
-1.083630270511336258e-02
-1.070588465601078620e-02
-1.057845733209645395e-02
-1.045391181477193544e-02
-1.033214437819190284e-02
-1.021305618323571814e-02
-1.009655299286597169e-02
-9.982544907153194022e-03
-9.870946116398271464e-03
-9.761674670926038383e-03
-9.654652266252668896e-03
-9.549804042441682392e-03
-9.447058396566000021e-03
-9.346346807290779532e-03
-9.247603670668937126e-03
-9.150766146326526698e-03
-9.055774013274110051e-03
-8.962569534653850797e-03
-8.871097330776929815e-03
-8.781304259870021528e-03
-8.693139305986734983e-03
-8.606553473587307684e-03
-8.521499688329436939e-03
-8.437932703645878094e-03
-8.355809012720713871e-03
-8.275086765501066255e-03
-8.195725690414584069e-03
-8.117687020480993804e-03
-8.040933423535864474e-03
-7.965428936299114721e-03
-7.891138902045248191e-03
-7.818029911647202818e-03
-7.746069747782535937e-03
-7.675227332105769712e-03
-7.605472675205154215e-03
-7.536776829173088936e-03
-7.469111842633082733e-03
-7.402450718076184107e-03
-7.336767371368734490e-03
-7.272036593304421169e-03
-7.208234013080945177e-03
-7.145336063590281006e-03
-7.083319948416972808e-03
-7.022163610448982698e-03
-6.961845702008457801e-03
-6.902345556418004388e-03
-6.843643160922271984e-03
-6.785719130890257786e-03
-6.728554685227847859e-03
-6.672131622935800581e-03
-6.616432300749765585e-03
-6.561439611805712502e-03
-6.507136965276502996e-03
-6.453508266927928706e-03
-6.400537900544888206e-03
-6.348210710185374014e-03
-6.296511983217140812e-03
-6.245427434098233498e-03
-6.194943188863143504e-03
-6.145045770278917061e-03
-6.095722083638160232e-03
-6.046959403157118988e-03
-5.998745358948690855e-03
-5.951067924542289070e-03
-5.903915404924109031e-03
-5.857276425073049478e-03
-5.811139918966814859e-03
-5.765495119038376200e-03
-5.720331546059295377e-03
-5.675638999430106593e-03
-5.631407547860988079e-03
-5.587627520420938507e-03
-5.544289497941255057e-03
-5.501384304756711842e-03
-5.458903000767259713e-03
-5.416836873808466950e-03
-5.375177432314366677e-03
-5.333916398261575806e-03
-5.293045700380819875e-03
-5.252557467624630570e-03
-5.212444022880188300e-03
-5.172697876916394072e-03
-5.133311722555094526e-03
-5.094278429056714463e-03
-5.055591036710804440e-03
-5.017242751624809149e-03
-4.979226940698650711e-03
-4.941537126781738939e-03
-4.904166984002518957e-03
-4.867110333262375174e-03
-4.830361137890308576e-03
-4.793913499448423064e-03
-4.757761653685001202e-03
-4.721899966626134926e-03
-4.686322930803306537e-03
-4.651025161609718267e-03
-4.616001393780576507e-03
-4.581246477992170774e-03
-4.546755377576159989e-03
-4.512523165343632937e-03
-4.478545020513953825e-03
-4.444816225746120453e-03
-4.411332164268112581e-03
-4.378088317098609988e-03
-4.345080260360440969e-03
-4.312303662680948280e-03
-4.279754282674468231e-03
-4.247427966507850983e-03
-4.215320645540305070e-03
-4.183428334041268924e-03
-4.151747126977297503e-03
-4.120273197869800223e-03
-4.089002796718891816e-03
-4.057932247991767084e-03
-4.027057948672693038e-03
-3.996376366372947006e-03
-3.965884037498253883e-03
-3.935577565472244549e-03
-3.905453619012112104e-03
-3.875508930457770892e-03
-3.845740294149180977e-03
-3.816144564853234111e-03
-3.786718656235263727e-03
-3.757459539378024335e-03
-3.728364241341112530e-03
-3.699429843764173720e-03
-3.670653481509702620e-03
-3.642032341344838588e-03
-3.613563660660801865e-03
-3.585244726229780757e-03
-3.557072872994604656e-03
-3.529045482895969491e-03
-3.501159983728762293e-03
-3.473413848032893755e-03
-3.445804592013954146e-03
-3.418329774493702143e-03
-3.390986995889183966e-03
-3.363773897219678351e-03
-3.336688159141221882e-03
-3.309727501006452625e-03
-3.282889679949721300e-03
-3.256172489997581892e-03
-3.229573761201381347e-03
-3.203091358794819300e-03
-3.176723182371215572e-03
-3.150467165084833068e-03
-3.124321272870688934e-03
-3.098283503686825608e-03
-3.072351886773844968e-03
-3.046524481934830691e-03
-3.020799378833706819e-03
-2.995174696310434845e-03
-2.969648581714248465e-03
-2.944219210253904220e-03
-2.918884784362194180e-03
-2.893643533078965081e-03
-2.868493711447604125e-03
-2.843433599926835885e-03
-2.818461503816409135e-03
-2.793575752697894429e-03
-2.768774699887426114e-03
-2.744056721903096688e-03
-2.719420217943451651e-03
-2.694863609380372151e-03
-2.670385339261686398e-03
-2.645983871827189624e-03
-2.621657692035609267e-03
-2.597405305100927708e-03
-2.573225236042429257e-03
-2.549116029242652279e-03
-2.525076248015427436e-03
-2.501104474185102296e-03
-2.477199307674733154e-03
-2.453359366102460422e-03
-2.429583284388064663e-03
-2.405869714368289499e-03
-2.382217324419272104e-03
-2.358624799088006839e-03
-2.335090838733205453e-03
-2.311614159170455058e-03
-2.288193491328589790e-03
-2.264827580910843807e-03
-2.241515188064900372e-03
-2.218255087058185887e-03
-2.195046065960632765e-03
-2.171886926335505740e-03
-2.148776482932900512e-03
-2.125713563393639895e-03
-2.102697007956006239e-03
-2.079725669170499978e-03
-2.056798411617752776e-03
-2.033914111635131642e-03
-2.011071657046269081e-03
-1.988269946896509092e-03
-1.965507891193691344e-03
-1.942784410654552815e-03
-1.920098436452943738e-03
-1.897448909977162129e-03
-1.874834782588499131e-03
-1.852255015385199325e-03
-1.829708578970327178e-03
-1.807194453225179423e-03
-1.784711627084563552e-03
-1.762259098318576765e-03
-1.739835873316062168e-03
-1.717440966871801571e-03
-1.695073401979759007e-03
-1.672732209626737101e-03
-1.650416428591935632e-03
-1.628125105247754754e-03
-1.605857293365721286e-03
-1.583612053924039146e-03
-1.561388454919308095e-03
-1.539185571180024924e-03
-1.517002484184617464e-03
-1.494838281880127599e-03
-1.472692058505325422e-03
-1.450562914415763236e-03
-1.428449955911875301e-03
-1.406352295068136844e-03
-1.384269049566791247e-03
-1.362199342531597406e-03
-1.340142302365732608e-03
-1.318097062591041570e-03
-1.296062761688808332e-03
-1.274038542943999128e-03
-1.252023554290026749e-03
-1.230016948156849917e-03
-1.208017881319201027e-03
-1.186025514748581706e-03
-1.164039013465146492e-03
-1.142057546392821537e-03
-1.120080286215162542e-03
-1.098106409232061384e-03
-1.076135095220207135e-03
-1.054165527291875230e-03
-1.032196891759202921e-03
-1.010228377995046455e-03
-9.882591782991319816e-04
-9.662884877625656233e-04
-9.443155041361447639e-04
-9.223394276973979986e-04
-9.003594611201289413e-04
-8.783748093442824735e-04
-8.563846794480010818e-04
-8.343882805187956189e-04
-8.123848235271634343e-04
-7.903735211999900982e-04
-7.683535878954554556e-04
-7.463242394787288720e-04
-7.242846931978622364e-04
-7.022341675605450143e-04
-6.801718822117390224e-04
-6.580970578111711719e-04
-6.360089159132551514e-04
-6.139066788439792935e-04
-5.917895695822264447e-04
-5.696568116394282828e-04
-5.475076289391774594e-04
-5.253412456980575181e-04
-5.031568863074995521e-04
-4.809537752133626336e-04
-4.587311367983571840e-04
-4.364881952634874123e-04
-4.142241745097575934e-04
-3.919382980190330495e-04
-3.696297887375452279e-04
-3.472978689558828269e-04
-3.249417601921238542e-04
-3.025606830726989389e-04
-2.801538572139942855e-04
-2.577205011042693183e-04
-2.352598319847269128e-04
-2.127710657303595230e-04
-1.902534167302440452e-04
-1.677060977689787818e-04
-1.451283199057430738e-04
-1.225192923540655140e-04
-9.987822236157909567e-05
-7.720431508821039377e-05
-5.449677348442734728e-05
-3.175479816858303370e-05
-8.977587304785498469e-06
1.383566352199062585e-05
3.668576142894979051e-05
5.957351636207640876e-05
8.249974122052157639e-05
1.054652519846190507e-04
1.284708678421640120e-04
1.515174113189662929e-04
1.746057084054647001e-04
1.977365886901804844e-04
2.209108854893843425e-04
2.441294359801416845e-04
2.673930813350930587e-04
2.907026668561058132e-04
3.140590421113747133e-04
3.374630610734738381e-04
3.609155822570992616e-04
3.844174688607633270e-04
4.079695889079668764e-04
4.315728153905956134e-04
4.552280264146855559e-04
4.789361053456033445e-04
5.026979409579921624e-04
5.265144275846365962e-04
5.503864652689111113e-04
5.743149599187208224e-04
5.983008234615253820e-04
6.223449740030878629e-04
6.464483359862099789e-04
6.706118403534109835e-04
6.948364247106484856e-04
7.191230334938357492e-04
7.434726181378865928e-04
7.678861372475402234e-04
7.923645567703801714e-04
8.169088501753358177e-04
8.415199986289579465e-04
8.661989911782450469e-04
8.909468249352719927e-04
9.157645052642331314e-04
9.406530459712729659e-04
9.656134694984600062e-04
9.906468071209522958e-04
1.015754099144458925e-03
1.040936395111504396e-03
1.066194754005112596e-03
1.091530244461512509e-03
1.116943944981692305e-03
1.142436944150397767e-03
1.168010340856715824e-03
1.193665244520276643e-03
1.219402775319919667e-03
1.245224064428227580e-03
1.271130254248503851e-03
1.297122498657799893e-03
1.323201963254491340e-03
1.349369825609794725e-03
1.375627275523791208e-03
1.401975515287555646e-03
1.428415759950157427e-03
1.454949237590636921e-03
1.481577189595535866e-03
1.508300870941414653e-03
1.535121550485415683e-03
1.562040511258308041e-03
1.589059050765906107e-03
1.616178481298153257e-03
1.643400130239424002e-03
1.670725340392385360e-03
1.698155470303088811e-03
1.725691894595896177e-03
1.753336004315343959e-03
1.781089207275004908e-03
1.808952928414433612e-03
1.836928610163363236e-03
1.865017712815571823e-03
1.893221714909567579e-03
1.921542113618951528e-03
1.949980425151389600e-03
1.978538185156086381e-03
2.007216949143240600e-03
2.036018292909661485e-03
2.064943812977574657e-03
2.093995127042218296e-03
2.123173874430522683e-03
2.152481716571090151e-03
2.181920337475576517e-03
2.211491444231296604e-03
2.241196767505883487e-03
2.271038062066926648e-03
2.301017107310059095e-03
2.331135707803758551e-03
2.361395693848675204e-03
2.391798922046560298e-03
2.422347275888738112e-03
2.453042666357547596e-03
2.483887032543559588e-03
2.514882342278880988e-03
2.546030592786829513e-03
2.577333811351502271e-03
2.608794055999843434e-03
2.640413416208222709e-03
2.672194013623296633e-03
2.704138002805521902e-03
2.736247571991042883e-03
2.768524943876199927e-03
2.800972376423280664e-03
2.833592163688398134e-03
2.866386636672445514e-03
2.899358164198167533e-03
2.932509153809600717e-03
2.965842052699213700e-03
2.999359348661518113e-03
3.033063571073742887e-03
3.066957291906606889e-03
3.101043126762878781e-03
3.135323735949665548e-03
3.169801825580399919e-03
3.204480148710392093e-03
3.239361506509135912e-03
3.274448749465022710e-03
3.309744778629663230e-03
3.345252546899948453e-03
3.380975060339931441e-03
3.416915379544133938e-03
3.453076621046243747e-03
3.489461958767859501e-03
3.526074625519654004e-03
3.562917914545833242e-03
3.599995181124063161e-03
3.637309844212501149e-03
3.674865388154180922e-03
3.712665364440149475e-03
3.750713393526144100e-03
3.789013166717305255e-03
3.827568448110778895e-03
3.866383076609357025e-03
3.905460968002192647e-03
3.944806117119843691e-03
3.984422600062617267e-03
4.024314576510500119e-03
4.064486292112235409e-03
4.104942080961845180e-03
4.145686368165561395e-03
4.186723672499116124e-03
4.228058609167781139e-03
4.269695892660302014e-03
4.311640339720088262e-03
4.353896872419365377e-03
4.396470521351904769e-03
4.439366428951246196e-03
4.482589852932462871e-03
4.526146169869991326e-03
4.570040878914521064e-03
4.614279605656401544e-03
4.658868106145673017e-03
4.703812271066381938e-03
4.749118130089249358e-03
4.794791856395737815e-03
4.840839771388175984e-03
4.887268349599539589e-03
4.934084223806004151e-03
4.981294190355070942e-03
5.028905214722939263e-03
5.076924437308465501e-03
5.125359179480768260e-03
5.174216949890318024e-03
5.223505451057936476e-03
5.273232586258945129e-03
5.323406466718003799e-03
5.374035419125372526e-03
5.425127993506443855e-03
5.476692971444224560e-03
5.528739374695548423e-03
5.581276474209597403e-03
5.634313799572249724e-03
5.687861148908401020e-03
5.741928599265969622e-03
5.796526517503604835e-03
5.851665571720032245e-03
5.907356743255136149e-03
5.963611339296117850e-03
6.020441006123928261e-03
6.077857743046667476e-03
6.135873917053799240e-03
6.194502278243299229e-03
6.253755976068634502e-03
6.313648576454725797e-03
6.374194079847112990e-03
6.435406940249157465e-03
6.497302085312816645e-03
6.559894937556794495e-03
6.623201436790716878e-03
6.687238063816002692e-03
6.752021865506572205e-03
6.817570481357601575e-03
6.883902171602661671e-03
6.951035847026160522e-03
7.018991100571365070e-03
7.087788240898748246e-03
7.157448328017966370e-03
7.227993211164793382e-03
7.299445569082636809e-03
7.371828952898306676e-03
7.445167831785483303e-03
7.519487641647807849e-03
7.594814837043646280e-03
7.671176946629070306e-03
7.748602632392334946e-03
7.827121753000626514e-03
7.906765431598464927e-03
7.987566128428985959e-03
8.069557718699408785e-03
8.152775576139048921e-03
8.237256662746623298e-03
8.323039625287426829e-03
8.410164899134455613e-03
8.498674820137759253e-03
8.588613745257584961e-03
8.680028182784764110e-03
8.772966933066384670e-03
8.867481240743905688e-03
8.963624959639988898e-03
9.061454731546889074e-03
9.161030180321723393e-03
9.262414122854976256e-03
9.365672798673542465e-03
9.470876120137739634e-03
9.578097945452888548e-03
9.687416376976920943e-03
9.798914087631170264e-03
9.912678678574754834e-03
1.002880307173307367e-02
1.014738594123167949e-02
1.026853218835191255e-02
1.039235346525273565e-02
1.051896875345003507e-02
1.064850500389358766e-02
1.078109784648067886e-02
1.091689237801931819e-02
1.105604403900350974e-02
1.119871959116946342e-02
1.134509820968909212e-02
1.149537270607026151e-02
1.164975090047687054e-02
1.180845716529881941e-02
1.197173416554611451e-02
1.213984482609439461e-02
1.231307456117522459e-02
1.249173380795333757e-02
1.267616091387739272e-02
1.286672543696486086e-02
1.306383192979930843e-02
1.326792429223853931e-02
1.347949079533889913e-02
1.369906990071420930e-02
1.392725702652418060e-02
1.416471244508388933e-02
1.441217053959967416e-02
1.467045070138030607e-02
1.494047021749175461e-02
1.522325958684934109e-02
1.551998081652061767e-02
1.583194939810422461e-02
1.616066085848988365e-02
1.650782303661351216e-02
1.687539558163605319e-02
1.726563863162346862e-02
1.768117326383653043e-02
1.812505717867146648e-02
1.860088029412428068e-02
1.911288664397938625e-02
1.966613143198385483e-02
2.026668567112090841e-02
2.092190612637816888e-02
2.164079624327262114e-02
2.243449597486850758e-02
2.331695761780784582e-02
2.430589564096857086e-02
2.542414949983163794e-02
2.670168530872408380e-02
2.817861539273569180e-02
2.990989553024157865e-02
3.197289838626805880e-02
3.448015133635674162e-02
3.760187412582785549e-02
4.160840627063721459e-02
4.695653420073075957e-02
5.448375517910036131e-02
6.590937394617883693e-02
8.540985454907254470e-02
1.264489730999411865e-01
2.699138267743357300e-01
-1.011057603436003705e+00
-1.590531668298033885e-01
-8.103053938852135263e-02
-5.166103307552348534e-02
-3.620074363926634176e-02
-2.662539599561358078e-02
-2.008657226283353664e-02
-1.531798426749314546e-02
-1.167090408913300931e-02
-8.778576523500995765e-03
-6.418011789260422151e-03
-4.445809504713561094e-03
-2.765541293412360213e-03
-1.309957947714508047e-03
-3.071389895573095608e-05
1.107852650712566611e-03
2.132636257591788431e-03
3.064314775598346238e-03
3.919059261863151733e-03
4.709709722017028921e-03
5.446601801502717194e-03
6.138159683155737512e-03
6.791328919706502917e-03
7.411897509000175098e-03
8.004737552525119024e-03
8.573989573168268666e-03
9.123204829474328842e-03
9.655456454856927925e-03
1.017342718055904219e-02
1.067947927784893870e-02
1.117571086467373555e-02
1.166400166191045550e-02
1.214605052094690565e-02
1.262340648822651151e-02
1.309749476312947747e-02
1.356963860141558766e-02
1.404107798853007280e-02
1.451298573492570965e-02
1.498648151474211987e-02
1.546264426922558215e-02
1.594252331967606351e-02
1.642714847599883315e-02
1.691753938196299129e-02
1.741471430423157177e-02
1.791969854679045099e-02
1.843353265404781144e-02
1.895728055344526874e-02
1.949203778109687493e-02
2.003893993120580211e-02
2.059917147159804479e-02
2.117397507347376640e-02
2.176466161360283980e-02
2.237262102196090757e-02
2.299933416775638839e-02
2.364638600269263619e-02
2.431548021318351294e-02
2.500845567449425794e-02
2.572730505123450515e-02
2.647419595260748493e-02
2.725149513048426980e-02
2.806179630758930121e-02
2.890795234720839463e-02
2.979311263159380857e-02
3.072076671270022874e-02
3.169479554802848154e-02
3.271953195210799276e-02
3.379983230210627937e-02
3.494116206336064789e-02
3.614969838735904162e-02
3.743245393610192262e-02
3.879742728000594443e-02
4.025378681044645968e-02
4.181209725780515168e-02
4.348460083559989309e-02
4.528556906843955732e-02
4.723174699162292767e-02
4.934291936360729602e-02
5.164263992578562584e-02
5.415918131341528746e-02
5.692678771906901913e-02
5.998734928751204426e-02
6.339267384326029153e-02
6.720762040911350266e-02
7.151450183257736237e-02
7.641939980358386508e-02
8.206143731147202969e-02
8.862676155274511192e-02
9.637028774851262580e-02
1.056507422324745038e-01
1.169895729541219620e-01
1.311751223329318816e-01
1.494585951133629853e-01
1.739524388775893216e-01
2.085257778692281017e-01
2.611103938617165277e-01
3.509324970550501965e-01
5.397323075631055289e-01
1.194565692932988643e+00
-4.998893298297173438e+00
-7.925292841045814551e-01
-4.252404644021539060e-01
-2.878842526672862889e-01
-2.158616128904402853e-01
-1.714029673249486407e-01
-1.411398543708782261e-01
-1.191386812231901154e-01
-1.023622083413481820e-01
-8.909376323982932944e-02
-7.828916530529127227e-02
-6.927607744556600611e-02
-6.160128972187372404e-02
-5.494742557045214498e-02
-4.908481736106575649e-02
-4.384233394011595453e-02
-3.908895241498695078e-02
-3.472168166968259834e-02
-3.065737123135101744e-02
-2.682695985994545257e-02
-2.317128110307963701e-02
-1.963786279498184323e-02
-1.617834168062068367e-02
-1.274621847806031195e-02
-9.294731236189110457e-03
-5.774638948468928737e-03
-2.131685771078872110e-03
1.696548052206751922e-03
5.784828941107263839e-03
1.022613649014402631e-02
1.514027881020710981e-02
2.068708948498605010e-02
2.708751561759448895e-02
3.465889325442413071e-02
4.387713109661816463e-02
5.549341976518268327e-02
7.077098808220215476e-02
9.201599731333767740e-02
1.239405153369491641e-01
1.779174428577815492e-01
2.902036424931476177e-01
6.722671422198696067e-01
-3.372802981695211422e+00
-5.160157131801361707e-01
-2.889070578330743544e-01
-2.046713650146770869e-01
-1.605943466405023723e-01
-1.333943829124385472e-01
-1.148768403743106042e-01
-1.014166446129514815e-01
-9.116258040187219525e-02
-8.307036927933680870e-02
-7.650606803479206852e-02
-7.106245523617818471e-02
-6.646592213651336678e-02
-6.252577270059238301e-02
-5.910498627417015705e-02
-5.610254095343027853e-02
-5.344229390151834097e-02
-5.106574591593316531e-02
-4.892719413472221279e-02
-4.699040103609573860e-02
-4.522625363435871931e-02
-4.361108555306936890e-02
-4.212545274922398220e-02
-4.075322588952624142e-02
-3.948090771568945473e-02
-3.829711286302991263e-02
-3.719216670831664018e-02
-3.615779260479277252e-02
-3.518686556123371001e-02
-3.427321643742167745e-02
-3.341147494981644428e-02
-3.259694278403958700e-02
-3.182549027372361811e-02
-3.109347168159819208e-02
-3.039765527987217664e-02
-2.973516529124517124e-02
-2.910343340109682736e-02
-2.850015804358473764e-02
-2.792327004053325387e-02
-2.737090346180170650e-02
-2.684137080075509052e-02
-2.633314173421437768e-02
-2.584482487462728614e-02
-2.537515203165715758e-02
-2.492296458764112557e-02
-2.448720166122469316e-02
-2.406688978972800277e-02
-2.366113390637645045e-02
-2.326910942555095868e-02
-2.289005527951616659e-02
-2.252326777493650345e-02
-2.216809515798108879e-02
-2.182393279381602755e-02
-2.149021888034934394e-02
-2.116643062789979463e-02
-2.085208084628480465e-02
-2.054671488913074884e-02
-2.024990791215925193e-02
-1.996126240814564620e-02
-1.968040598621346657e-02
-1.940698936743890518e-02
-1.914068457233648185e-02
-1.888118327894076562e-02
-1.862819533286463533e-02
-1.838144739300648367e-02
-1.814068169857479748e-02
-1.790565494481052844e-02
-1.767613725627566884e-02
-1.745191124786114184e-02
-1.723277116481219604e-02
-1.701852209402202748e-02
-1.680897923974164487e-02
-1.660396725756027592e-02
-1.640331964121932717e-02
-1.620687815736145121e-02
-1.601449232385921892e-02
-1.582601892780577391e-02
-1.564132157964659431e-02
-1.546027030030407839e-02
-1.528274113843154647e-02
-1.510861581524868165e-02
-1.493778139462453337e-02
-1.477012997631959104e-02
-1.460555841048924615e-02
-1.444396803172707730e-02
-1.428526441108262171e-02
-1.412935712463695218e-02
-1.397615953734768907e-02
-1.382558860097431348e-02
-1.367756466502740263e-02
-1.353201129974577338e-02
-1.338885513021701411e-02
-1.324802568081173693e-02
-1.310945522919143048e-02
-1.297307866919008949e-02
-1.283883338194804005e-02
-1.270665911470736723e-02
-1.257649786674620331e-02
-1.244829378194337900e-02
-1.232199304754523841e-02
-1.219754379869508742e-02
-1.207489602834415504e-02
-1.195400150220218144e-02
-1.183481367838034107e-02
-1.171728763143587565e-02
-1.160137998052668609e-02
-1.148704882141756735e-02
-1.137425366210588311e-02
-1.126295536182121346e-02
-1.115311607321193589e-02
-1.104469918750624127e-02
-1.093766928248499429e-02
-1.083199207307628496e-02
-1.072763436444354630e-02
-1.062456400739079931e-02
-1.052274985597177054e-02
-1.042216172717035441e-02
-1.032277036252089893e-02
-1.022454739157958523e-02
-1.012746529712291871e-02
-1.003149738199366446e-02
-9.936617737488851257e-03
-9.842801213209241909e-03
-9.750023388301980870e-03
-9.658260544005094553e-03
-9.567489637430677887e-03
-9.477688276522773167e-03
-9.388834696132442037e-03
-9.300907735133897083e-03
-9.213886814549394205e-03
-9.127751916620477357e-03
-9.042483564775403992e-03
-8.958062804448210445e-03
-8.874471184715040234e-03
-8.791690740696888814e-03
-8.709703976692139554e-03
-8.628493850013182337e-03
-8.548043755472880395e-03
-8.468337510517554706e-03
-8.389359340943388851e-03
-8.311093867195733925e-03
-8.233526091208838785e-03
-8.156641383762933822e-03
-8.080425472338012907e-03
-8.004864429438587545e-03
-7.929944661368570555e-03
-7.855652897430761075e-03
-7.781976179547674816e-03
-7.708901852261817317e-03
-7.636417553113623857e-03
-7.564511203375682939e-03
-7.493170999136216856e-03
-7.422385402696270520e-03
-7.352143134286035636e-03
-7.282433164080064254e-03
-7.213244704493201355e-03
-7.144567202755291828e-03
-7.076390333749444858e-03
-7.008703993087094138e-03
-6.941498290440667115e-03
-6.874763543093541374e-03
-6.808490269720541416e-03
-6.742669184369274801e-03
-6.677291190649238713e-03
-6.612347376116319703e-03
-6.547829006840911320e-03
-6.483727522161078158e-03
-6.420034529590733056e-03
-6.356741799915631083e-03
-6.293841262427912406e-03
-6.231325000321378572e-03
-6.169185246235753782e-03
-6.107414377929214211e-03
-6.046004914095824863e-03
-5.984949510309195767e-03
-5.924240955088139540e-03
-5.863872166087465837e-03
-5.803836186389584907e-03
-5.744126180930301563e-03
-5.684735433004076827e-03
-5.625657340893158373e-03
-5.566885414574264390e-03
-5.508413272543415118e-03
-5.450234638711989529e-03
-5.392343339397970628e-03
-5.334733300399725417e-03
-5.277398544151229269e-03
-5.220333186957287069e-03
-5.163531436298392230e-03
-5.106987588213225855e-03
-5.050696024742935483e-03
-4.994651211453973380e-03
-4.938847695014343502e-03
-4.883280100832947286e-03
-4.827943130763493254e-03
-4.772831560862986211e-03
-4.717940239201004818e-03
-4.663264083735256874e-03
-4.608798080218734321e-03
-4.554537280170599389e-03
-4.500476798886135846e-03
-4.446611813496263027e-03
-4.392937561073553474e-03
-4.339449336769291704e-03
-4.286142491997914361e-03
-4.233012432662276205e-03
-4.180054617409228665e-03
-4.127264555925318212e-03
-4.074637807268338859e-03
-4.022169978216017655e-03
-3.969856721677350597e-03
-3.917693735092885737e-03
-3.865676758902235072e-03
-3.813801575014495564e-03
-3.762064005310510138e-03
-3.710459910170158145e-03
-3.658985187030960179e-03
-3.607635768955009571e-03
-3.556407623229518485e-03
-3.505296749978347413e-03
-3.454299180801805470e-03
-3.403410977427807037e-03
-3.352628230376557099e-03
-3.301947057652671220e-03
-3.251363603448602022e-03
-3.200874036848053942e-03
-3.150474550566978622e-03
-3.100161359683545684e-03
-3.049930700395229403e-03
-2.999778828775073562e-03
-2.949702019542610812e-03
-2.899696564848622954e-03
-2.849758773046518270e-03
-2.799884967500436417e-03
-2.750071485366027951e-03
-2.700314676409303668e-03
-2.650610901793135250e-03
-2.600956532898229638e-03
-2.551347950127559345e-03
-2.501781541715306523e-03
-2.452253702535369881e-03
-2.402760832913989827e-03
-2.353299337428719617e-03
-2.303865623717617477e-03
-2.254456101274917006e-03
-2.205067180242480020e-03
-2.155695270199053677e-03
-2.106336778939182138e-03
-2.056988111241980517e-03
-2.007645667642134896e-03
-1.958305843164265432e-03
-1.908965026082476120e-03
-1.859619596626716637e-03
-1.810265925714149137e-03
-1.760900373631250643e-03
-1.711519288725689729e-03
-1.662119006058707668e-03
-1.612695846059045883e-03
-1.563246113138301802e-03
-1.513766094296874502e-03
-1.464252057694659251e-03
-1.414700251212739051e-03
-1.365106900971349005e-03
-1.315468209832391239e-03
-1.265780355860722387e-03
-1.216039490770203044e-03
-1.166241738311769513e-03
-1.116383192652128063e-03
-1.066459916699058312e-03
-1.016467940385752406e-03
-9.664032589219699208e-04
-9.162618309984114960e-04
-8.660395769398814827e-04
-8.157323768152759244e-04
-7.653360684892189948e-04
-7.148464456306135662e-04
-6.642592556460175362e-04
-6.135701975731550160e-04
-5.627749198879928617e-04
-5.118690182738582038e-04
-4.608480332887827848e-04
-4.097074479748519151e-04
-3.584426853993395463e-04
-3.070491060862367942e-04
-2.555220053882378134e-04
-2.038566107490219752e-04
-1.520480788811350275e-04
-1.000914928316178152e-04
-4.798185895415032001e-05
4.285896244816348594e-06
5.671692936948832635e-05
1.093164835233430363e-04
1.620898918384724562e-04
2.150425811290731723e-04
2.681800757050999823e-04
3.215080013401023715e-04
3.750320893865220252e-04
4.287581810872511008e-04
4.826922320455271677e-04
5.368403169190090647e-04
5.912086342760203457e-04
6.458035117105683648e-04
7.006314111556665412e-04
7.556989344507233572e-04
8.110128291656699961e-04
8.665799946980415162e-04
9.224074886476567141e-04
9.785025335124490804e-04
1.034872523698699039e-03
1.091525032877458008e-03
1.148467821712258370e-03
1.205708845973949960e-03
1.263256265064420861e-03
1.321118450995622390e-03
1.379303997822020449e-03
1.437821731591684520e-03
1.496680720813664631e-03
1.555890287518850185e-03
1.615460018905371612e-03
1.675399779656271994e-03
1.735719724941217883e-03
1.796430314173587221e-03
1.857542325555292147e-03
1.919066871490749011e-03
1.981015414908954449e-03
2.043399786580399335e-03
2.106232203480549233e-03
2.169525288315757826e-03
2.233292090244969486e-03
2.297546106953944102e-03
2.362301308126685002e-03
2.427572160468993798e-03
2.493373654389565656e-03
2.559721332469880664e-03
2.626631319883930039e-03
2.694120356905682894e-03
2.762205833721774560e-03
2.830905827688602865e-03
2.900239143297988695e-03
2.970225355073679175e-03
3.040884853623903976e-03
3.112238895192619061e-03
3.184309654988639032e-03
3.257120284656058774e-03
3.330694974270389554e-03
3.405059019307908347e-03
3.480238893041667173e-03
3.556262324915333058e-03
3.633158385516484234e-03
3.710957578743671013e-03
3.789691941995755684e-03
3.869395155155437409e-03
3.950102659341481193e-03
4.031851786451743497e-03
4.114681900702663736e-03
4.198634553508051592e-03
4.283753653167150094e-03
4.370085651141961645e-03
4.457679746780120363e-03
4.546588112778121755e-03
4.636866143828437779e-03
4.728572731381433178e-03
